DIST,4,AN0,189B,0.00,0.00,1.95,1.06,AN1,C32D,2.95,0.00,1.95,3.08,AN2,0323,-0.09,6.04,1.95,4.74,AN3,8A94,2.95,5.89,1.95,5.45,POS,0.00,1.14,1.47,68
DIST,4,AN0,189B,0.00,0.00,1.95,0.99,AN1,C32D,2.95,0.00,1.95,3.08,AN2,0323,-0.09,6.04,1.95,4.78,AN3,8A94,2.95,5.89,1.95,5.37,POS,-0.03,1.15,1.47,67
DIST,4,AN0,189B,0.00,0.00,1.95,0.97,AN1,0323,-0.09,6.04,1.95,4.74,AN2,8A94,2.95,5.89,1.95,5.44,AN3,C32D,2.95,0.00,1.95,3.11,POS,-0.04,1.14,1.50,75
DIST,4,AN0,189B,0.00,0.00,1.95,1.07,AN1,0323,-0.09,6.04,1.95,4.68,AN2,8A94,2.95,5.89,1.95,5.39,AN3,C32D,2.95,0.00,1.95,3.03,POS,-0.03,1.15,1.50,74
DIST,4,AN0,189B,0.00,0.00,1.95,1.09,AN1,0323,-0.09,6.04,1.95,4.73,AN2,8A94,2.95,5.89,1.95,5.40,AN3,C32D,2.95,0.00,1.95,3.09,POS,-0.02,1.15,1.46,70
DIST,4,AN0,189B,0.00,0.00,1.95,1.04,AN1,0323,-0.09,6.04,1.95,4.72,AN2,8A94,2.95,5.89,1.95,5.38,AN3,C32D,2.95,0.00,1.95,3.00,POS,-0.01,1.15,1.47,75
DIST,4,AN0,189B,0.00,0.00,1.95,1.01,AN1,0323,-0.09,6.04,1.95,4.79,AN2,8A94,2.95,5.89,1.95,5.48,AN3,C32D,2.95,0.00,1.95,3.03,POS,-0.02,1.13,1.45,69
DIST,4,AN0,189B,0.00,0.00,1.95,1.05,AN1,0323,-0.09,6.04,1.95,4.69,AN2,8A94,2.95,5.89,1.95,5.42,AN3,C32D,2.95,0.00,1.95,3.07,POS,-0.03,1.14,1.47,72
DIST,4,AN0,189B,0.00,0.00,1.95,1.07,AN1,0323,-0.09,6.04,1.95,4.72,AN2,8A94,2.95,5.89,1.95,5.52,AN3,C32D,2.95,0.00,1.95,2.99,POS,-0.01,1.14,1.46,74
DIST,4,AN0,189B,0.00,0.00,1.95,1.03,AN1,0323,-0.09,6.04,1.95,4.71,AN2,8A94,2.95,5.89,1.95,5.43,AN3,C32D,2.95,0.00,1.95,2.99,POS,-0.01,1.14,1.47,75
DIST,4,AN0,189B,0.00,0.00,1.95,1.01,AN1,0323,-0.09,6.04,1.95,4.74,AN2,8A94,2.95,5.89,1.95,5.51,AN3,C32D,2.95,0.00,1.95,3.00,POS,-0.03,1.14,1.48,70
DIST,4,AN0,189B,0.00,0.00,1.95,1.05,AN1,0323,-0.09,6.04,1.95,4.75,AN2,8A94,2.95,5.89,1.95,5.41,AN3,C32D,2.95,0.00,1.95,3.08,POS,-0.02,1.13,1.46,72
DIST,4,AN0,189B,0.00,0.00,1.95,1.07,AN1,0323,-0.09,6.04,1.95,4.73,AN2,8A94,2.95,5.89,1.95,5.44,AN3,C32D,2.95,0.00,1.95,3.04,POS,-0.02,1.14,1.45,70
DIST,4,AN0,189B,0.00,0.00,1.95,0.98,AN1,0323,-0.09,6.04,1.95,4.72,AN2,8A94,2.95,5.89,1.95,5.40,AN3,C32D,2.95,0.00,1.95,3.05,POS,-0.02,1.13,1.49,79
DIST,4,AN0,189B,0.00,0.00,1.95,1.04,AN1,0323,-0.09,6.04,1.95,4.73,AN2,8A94,2.95,5.89,1.95,5.45,AN3,C32D,2.95,0.00,1.95,3.04,POS,-0.03,1.13,1.49,73
DIST,4,AN0,189B,0.00,0.00,1.95,1.10,AN1,0323,-0.09,6.04,1.95,4.74,AN2,8A94,2.95,5.89,1.95,5.33,AN3,C32D,2.95,0.00,1.95,3.00,POS,0.01,1.14,1.46,76
DIST,4,AN0,189B,0.00,0.00,1.95,1.08,AN1,C32D,2.95,0.00,1.95,2.98,AN2,0323,-0.09,6.04,1.95,4.65,AN3,8A94,2.95,5.89,1.95,5.38,POS,0.01,1.15,1.48,77
DIST,4,AN0,189B,0.00,0.00,1.95,1.12,AN1,C32D,2.95,0.00,1.95,2.95,AN2,0323,-0.09,6.04,1.95,4.58,AN3,8A94,2.95,5.89,1.95,5.24,POS,0.03,1.19,1.52,83
DIST,4,AN0,189B,0.00,0.00,1.95,1.11,AN1,C32D,2.95,0.00,1.95,2.94,AN2,0323,-0.09,6.04,1.95,4.68,AN3,8A94,2.95,5.89,1.95,5.29,POS,0.05,1.19,1.50,78
DIST,4,AN0,189B,0.00,0.00,1.95,1.12,AN1,C32D,2.95,0.00,1.95,2.88,AN2,0323,-0.09,6.04,1.95,4.67,AN3,8A94,2.95,5.89,1.95,5.31,POS,0.07,1.19,1.48,80
DIST,4,AN0,189B,0.00,0.00,1.95,1.12,AN1,C32D,2.95,0.00,1.95,2.63,AN2,0323,-0.09,6.04,1.95,4.76,AN3,8A94,2.95,5.89,1.95,5.25,POS,0.15,1.18,1.47,78
DIST,4,AN0,189B,0.00,0.00,1.95,1.11,AN1,C32D,2.95,0.00,1.95,2.53,AN2,0323,-0.09,6.04,1.95,4.83,AN3,8A94,2.95,5.89,1.95,5.19,POS,0.25,1.15,1.47,74
DIST,4,AN0,189B,0.00,0.00,1.95,1.15,AN1,C32D,2.95,0.00,1.95,2.45,AN2,0323,-0.09,6.04,1.95,4.83,AN3,8A94,2.95,5.89,1.95,5.24,POS,0.31,1.11,1.42,62
DIST,4,AN0,189B,0.00,0.00,1.95,1.26,AN1,C32D,2.95,0.00,1.95,2.37,AN2,0323,-0.09,6.04,1.95,4.77,AN3,8A94,2.95,5.89,1.95,5.12,POS,0.39,1.10,1.38,60
DIST,4,AN0,189B,0.00,0.00,1.95,1.35,AN1,C32D,2.95,0.00,1.95,2.30,AN2,0323,-0.09,6.04,1.95,4.70,AN3,8A94,2.95,5.89,1.95,4.97,POS,0.50,1.14,1.42,67
DIST,4,AN0,189B,0.00,0.00,1.95,1.49,AN1,C32D,2.95,0.00,1.95,2.20,AN2,0323,-0.09,6.04,1.95,4.67,AN3,8A94,2.95,5.89,1.95,4.88,POS,0.58,1.15,1.41,59
DIST,4,AN0,189B,0.00,0.00,1.95,1.53,AN1,C32D,2.95,0.00,1.95,2.12,AN2,0323,-0.09,6.04,1.95,4.74,AN3,8A94,2.95,5.89,1.95,4.82,POS,0.70,1.18,1.42,69
DIST,4,AN0,189B,0.00,0.00,1.95,1.62,AN1,C32D,2.95,0.00,1.95,2.07,AN2,0323,-0.09,6.04,1.95,4.78,AN3,8A94,2.95,5.89,1.95,4.88,POS,0.79,1.18,1.49,69
DIST,4,AN0,189B,0.00,0.00,1.95,1.63,AN1,C32D,2.95,0.00,1.95,1.85,AN2,0323,-0.09,6.04,1.95,4.86,AN3,8A94,2.95,5.89,1.95,4.83,POS,0.92,1.18,1.51,76
DIST,4,AN0,189B,0.00,0.00,1.95,1.65,AN1,C32D,2.95,0.00,1.95,1.74,AN2,0323,-0.09,6.04,1.95,4.86,AN3,8A94,2.95,5.89,1.95,4.83,POS,1.00,1.15,1.56,71
DIST,4,AN0,189B,0.00,0.00,1.95,1.72,AN1,C32D,2.95,0.00,1.95,1.70,AN2,0323,-0.09,6.04,1.95,4.91,AN3,8A94,2.95,5.89,1.95,4.79,POS,1.10,1.14,1.50,69
DIST,4,AN0,189B,0.00,0.00,1.95,1.76,AN1,C32D,2.95,0.00,1.95,1.74,AN2,0323,-0.09,6.04,1.95,4.92,AN3,8A94,2.95,5.89,1.95,4.83,POS,1.16,1.12,1.44,66
DIST,4,AN0,189B,0.00,0.00,1.95,1.71,AN1,C32D,2.95,0.00,1.95,1.79,AN2,0323,-0.09,6.04,1.95,4.89,AN3,8A94,2.95,5.89,1.95,4.84,POS,1.19,1.11,1.40,66
DIST,4,AN0,189B,0.00,0.00,1.95,1.75,AN1,C32D,2.95,0.00,1.95,1.77,AN2,0323,-0.09,6.04,1.95,4.88,AN3,8A94,2.95,5.89,1.95,4.84,POS,1.20,1.10,1.42,68
DIST,4,AN0,189B,0.00,0.00,1.95,1.78,AN1,C32D,2.95,0.00,1.95,1.76,AN2,8A94,2.95,5.89,1.95,4.82,AN3,0323,-0.09,6.04,1.95,4.94,POS,1.27,1.12,1.41,75
DIST,4,AN0,189B,0.00,0.00,1.95,1.71,AN1,C32D,2.95,0.00,1.95,1.81,AN2,8A94,2.95,5.89,1.95,4.79,AN3,0323,-0.09,6.04,1.95,4.89,POS,1.30,1.13,1.45,77
DIST,4,AN0,189B,0.00,0.00,1.95,1.76,AN1,C32D,2.95,0.00,1.95,1.73,AN2,8A94,2.95,5.89,1.95,4.83,AN3,0323,-0.09,6.04,1.95,4.92,POS,1.32,1.11,1.41,67
DIST,4,AN0,189B,0.00,0.00,1.95,1.79,AN1,C32D,2.95,0.00,1.95,1.72,AN2,8A94,2.95,5.89,1.95,4.78,AN3,0323,-0.09,6.04,1.95,4.89,POS,1.33,1.11,1.40,70
DIST,4,AN0,189B,0.00,0.00,1.95,1.76,AN1,C32D,2.95,0.00,1.95,1.80,AN2,8A94,2.95,5.89,1.95,4.80,AN3,0323,-0.09,6.04,1.95,4.87,POS,1.33,1.11,1.36,67
DIST,4,AN0,189B,0.00,0.00,1.95,1.73,AN1,C32D,2.95,0.00,1.95,1.77,AN2,8A94,2.95,5.89,1.95,4.78,AN3,0323,-0.09,6.04,1.95,4.88,POS,1.36,1.14,1.41,80
DIST,4,AN0,189B,0.00,0.00,1.95,1.69,AN1,C32D,2.95,0.00,1.95,1.72,AN2,8A94,2.95,5.89,1.95,4.79,AN3,0323,-0.09,6.04,1.95,4.81,POS,1.32,1.11,1.38,63
DIST,4,AN0,189B,0.00,0.00,1.95,1.80,AN1,C32D,2.95,0.00,1.95,1.72,AN2,8A94,2.95,5.89,1.95,4.79,AN3,0323,-0.09,6.04,1.95,4.89,POS,1.33,1.11,1.37,69
DIST,4,AN0,189B,0.00,0.00,1.95,1.80,AN1,C32D,2.95,0.00,1.95,1.71,AN2,8A94,2.95,5.89,1.95,4.77,AN3,0323,-0.09,6.04,1.95,4.89,POS,1.35,1.11,1.35,70
DIST,4,AN0,189B,0.00,0.00,1.95,1.83,AN1,C32D,2.95,0.00,1.95,1.72,AN2,8A94,2.95,5.89,1.95,4.78,AN3,0323,-0.09,6.04,1.95,4.92,POS,1.40,1.14,1.38,76
DIST,4,AN0,189B,0.00,0.00,1.95,1.89,AN1,C32D,2.95,0.00,1.95,1.67,AN2,8A94,2.95,5.89,1.95,4.77,AN3,0323,-0.09,6.04,1.95,4.91,POS,1.40,1.13,1.37,71
DIST,4,AN0,189B,0.00,0.00,1.95,1.94,AN1,C32D,2.95,0.00,1.95,1.62,AN2,8A94,2.95,5.89,1.95,4.81,AN3,0323,-0.09,6.04,1.95,4.96,POS,1.48,1.15,1.40,73
DIST,4,AN0,C32D,2.95,0.00,1.95,1.59,AN1,189B,0.00,0.00,1.95,1.96,AN2,8A94,2.95,5.89,1.95,4.80,AN3,0323,-0.09,6.04,1.95,5.01,POS,1.49,1.14,1.50,78
DIST,4,AN0,C32D,2.95,0.00,1.95,1.38,AN1,189B,0.00,0.00,1.95,2.00,AN2,8A94,2.95,5.89,1.95,4.88,AN3,0323,-0.09,6.04,1.95,5.09,POS,1.59,1.14,1.56,68
DIST,4,AN0,C32D,2.95,0.00,1.95,1.33,AN1,189B,0.00,0.00,1.95,2.01,AN2,8A94,2.95,5.89,1.95,4.84,AN3,0323,-0.09,6.04,1.95,5.12,POS,1.61,1.08,1.55,65
DIST,4,AN0,C32D,2.95,0.00,1.95,1.27,AN1,189B,0.00,0.00,1.95,2.18,AN2,8A94,2.95,5.89,1.95,4.87,AN3,0323,-0.09,6.04,1.95,5.25,POS,1.72,1.08,1.53,57
DIST,4,AN0,C32D,2.95,0.00,1.95,1.20,AN1,189B,0.00,0.00,1.95,2.30,AN2,8A94,2.95,5.89,1.95,4.78,AN3,0323,-0.09,6.04,1.95,5.20,POS,1.84,1.10,1.57,72
DIST,4,AN0,C32D,2.95,0.00,1.95,1.17,AN1,189B,0.00,0.00,1.95,2.38,AN2,8A94,2.95,5.89,1.95,4.76,AN3,0323,-0.09,6.04,1.95,5.20,POS,1.96,1.12,1.66,80
DIST,4,AN0,C32D,2.95,0.00,1.95,1.17,AN1,189B,0.00,0.00,1.95,2.45,AN2,8A94,2.95,5.89,1.95,4.68,AN3,0323,-0.09,6.04,1.95,5.24,POS,2.00,1.11,1.67,67
DIST,4,AN0,C32D,2.95,0.00,1.95,1.08,AN1,189B,0.00,0.00,1.95,2.57,AN2,8A94,2.95,5.89,1.95,4.79,AN3,0323,-0.09,6.04,1.95,5.35,POS,2.12,1.12,1.65,82
DIST,4,AN0,C32D,2.95,0.00,1.95,1.02,AN1,189B,0.00,0.00,1.95,2.65,AN2,8A94,2.95,5.89,1.95,4.80,AN3,0323,-0.09,6.04,1.95,5.43,POS,2.24,1.12,1.63,84
DIST,4,AN0,C32D,2.95,0.00,1.95,1.03,AN1,189B,0.00,0.00,1.95,2.64,AN2,8A94,2.95,5.89,1.95,4.83,AN3,0323,-0.09,6.04,1.95,5.42,POS,2.32,1.11,1.61,83
DIST,4,AN0,C32D,2.95,0.00,1.95,0.92,AN1,189B,0.00,0.00,1.95,2.75,AN2,8A94,2.95,5.89,1.95,4.86,AN3,0323,-0.09,6.04,1.95,5.52,POS,2.42,1.10,1.64,84
DIST,4,AN0,C32D,2.95,0.00,1.95,0.91,AN1,189B,0.00,0.00,1.95,2.79,AN2,8A94,2.95,5.89,1.95,4.77,AN3,0323,-0.09,6.04,1.95,5.62,POS,2.50,1.07,1.59,79
DIST,4,AN0,C32D,2.95,0.00,1.95,0.94,AN1,189B,0.00,0.00,1.95,2.89,AN2,8A94,2.95,5.89,1.95,4.77,AN3,0323,-0.09,6.04,1.95,5.54,POS,2.58,1.08,1.64,84
DIST,4,AN0,C32D,2.95,0.00,1.95,1.01,AN1,189B,0.00,0.00,1.95,2.89,AN2,8A94,2.95,5.89,1.95,4.71,AN3,0323,-0.09,6.04,1.95,5.54,POS,2.60,1.07,1.57,76
DIST,4,AN0,C32D,2.95,0.00,1.95,1.02,AN1,189B,0.00,0.00,1.95,2.99,AN2,8A94,2.95,5.89,1.95,4.68,AN3,0323,-0.09,6.04,1.95,5.61,POS,2.65,1.06,1.52,74
DIST,4,AN0,C32D,2.95,0.00,1.95,1.05,AN1,189B,0.00,0.00,1.95,3.05,AN2,8A94,2.95,5.89,1.95,4.67,AN3,0323,-0.09,6.04,1.95,5.63,POS,2.71,1.08,1.57,84
DIST,4,AN0,C32D,2.95,0.00,1.95,0.95,AN1,189B,0.00,0.00,1.95,3.15,AN2,8A94,2.95,5.89,1.95,4.78,AN3,0323,-0.09,6.04,1.95,5.67,POS,2.84,1.08,1.54,56
DIST,4,AN0,C32D,2.95,0.00,1.95,0.99,AN1,189B,0.00,0.00,1.95,3.11,AN2,8A94,2.95,5.89,1.95,4.83,AN3,0323,-0.09,6.04,1.95,5.77,POS,2.89,1.08,1.59,78
DIST,4,AN0,C32D,2.95,0.00,1.95,1.01,AN1,189B,0.00,0.00,1.95,3.19,AN2,8A94,2.95,5.89,1.95,4.84,AN3,0323,-0.09,6.04,1.95,5.82,POS,2.94,1.07,1.61,71
DIST,4,AN0,C32D,2.95,0.00,1.95,1.05,AN1,189B,0.00,0.00,1.95,3.04,AN2,8A94,2.95,5.89,1.95,4.84,AN3,0323,-0.09,6.04,1.95,5.77,POS,2.92,1.05,1.54,71
DIST,4,AN0,C32D,2.95,0.00,1.95,1.04,AN1,189B,0.00,0.00,1.95,3.05,AN2,8A94,2.95,5.89,1.95,4.92,AN3,0323,-0.09,6.04,1.95,5.76,POS,2.93,1.05,1.53,75
DIST,4,AN0,C32D,2.95,0.00,1.95,1.02,AN1,189B,0.00,0.00,1.95,3.09,AN2,8A94,2.95,5.89,1.95,4.87,AN3,0323,-0.09,6.04,1.95,5.78,POS,2.94,1.05,1.54,75
DIST,4,AN0,C32D,2.95,0.00,1.95,1.01,AN1,189B,0.00,0.00,1.95,3.02,AN2,8A94,2.95,5.89,1.95,4.94,AN3,0323,-0.09,6.04,1.95,5.78,POS,2.94,1.04,1.53,76
DIST,4,AN0,C32D,2.95,0.00,1.95,1.01,AN1,189B,0.00,0.00,1.95,2.97,AN2,8A94,2.95,5.89,1.95,4.93,AN3,0323,-0.09,6.04,1.95,5.74,POS,2.92,1.04,1.53,80
DIST,4,AN0,C32D,2.95,0.00,1.95,1.05,AN1,189B,0.00,0.00,1.95,3.06,AN2,8A94,2.95,5.89,1.95,4.88,AN3,0323,-0.09,6.04,1.95,5.71,POS,2.92,1.05,1.55,81
DIST,4,AN0,C32D,2.95,0.00,1.95,1.04,AN1,189B,0.00,0.00,1.95,3.06,AN2,8A94,2.95,5.89,1.95,4.87,AN3,0323,-0.09,6.04,1.95,5.76,POS,2.93,1.05,1.54,75
DIST,4,AN0,C32D,2.95,0.00,1.95,1.04,AN1,189B,0.00,0.00,1.95,3.06,AN2,8A94,2.95,5.89,1.95,4.99,AN3,0323,-0.09,6.04,1.95,5.73,POS,2.93,1.06,1.55,77
DIST,4,AN0,C32D,2.95,0.00,1.95,1.02,AN1,189B,0.00,0.00,1.95,3.04,AN2,8A94,2.95,5.89,1.95,4.90,AN3,0323,-0.09,6.04,1.95,5.80,POS,2.90,1.04,1.60,85
DIST,4,AN0,C32D,2.95,0.00,1.95,0.98,AN1,189B,0.00,0.00,1.95,3.05,AN2,8A94,2.95,5.89,1.95,4.98,AN3,0323,-0.09,6.04,1.95,5.86,POS,2.88,1.01,1.60,85
DIST,4,AN0,C32D,2.95,0.00,1.95,0.97,AN1,189B,0.00,0.00,1.95,3.00,AN2,8A94,2.95,5.89,1.95,4.99,AN3,0323,-0.09,6.04,1.95,5.84,POS,2.89,0.99,1.56,72
DIST,4,AN0,C32D,2.95,0.00,1.95,1.05,AN1,189B,0.00,0.00,1.95,2.97,AN2,8A94,2.95,5.89,1.95,4.87,AN3,0323,-0.09,6.04,1.95,5.81,POS,2.87,1.00,1.62,85
DIST,4,AN0,C32D,2.95,0.00,1.95,1.02,AN1,189B,0.00,0.00,1.95,2.96,AN2,8A94,2.95,5.89,1.95,4.91,AN3,0323,-0.09,6.04,1.95,5.71,POS,2.86,1.01,1.60,82
DIST,4,AN0,C32D,2.95,0.00,1.95,1.02,AN1,189B,0.00,0.00,1.95,3.03,AN2,8A94,2.95,5.89,1.95,4.88,AN3,0323,-0.09,6.04,1.95,5.72,POS,2.88,1.03,1.61,81
DIST,4,AN0,C32D,2.95,0.00,1.95,0.99,AN1,189B,0.00,0.00,1.95,2.98,AN2,8A94,2.95,5.89,1.95,4.89,AN3,0323,-0.09,6.04,1.95,5.74,POS,2.88,1.03,1.60,81
DIST,4,AN0,C32D,2.95,0.00,1.95,1.10,AN1,189B,0.00,0.00,1.95,3.01,AN2,8A94,2.95,5.89,1.95,4.88,AN3,0323,-0.09,6.04,1.95,5.66,POS,2.87,1.05,1.58,82
DIST,4,AN0,C32D,2.95,0.00,1.95,1.13,AN1,189B,0.00,0.00,1.95,3.02,AN2,8A94,2.95,5.89,1.95,4.80,AN3,0323,-0.09,6.04,1.95,5.64,POS,2.87,1.07,1.57,80
DIST,4,AN0,C32D,2.95,0.00,1.95,1.11,AN1,189B,0.00,0.00,1.95,2.95,AN2,8A94,2.95,5.89,1.95,4.82,AN3,0323,-0.09,6.04,1.95,5.68,POS,2.83,1.06,1.51,76
DIST,4,AN0,C32D,2.95,0.00,1.95,1.08,AN1,189B,0.00,0.00,1.95,3.02,AN2,8A94,2.95,5.89,1.95,4.75,AN3,0323,-0.09,6.04,1.95,5.55,POS,2.86,1.09,1.50,76
DIST,4,AN0,C32D,2.95,0.00,1.95,1.19,AN1,189B,0.00,0.00,1.95,3.07,AN2,8A94,2.95,5.89,1.95,4.75,AN3,0323,-0.09,6.04,1.95,5.54,POS,2.86,1.13,1.55,84
DIST,4,AN0,C32D,2.95,0.00,1.95,1.26,AN1,189B,0.00,0.00,1.95,3.08,AN2,8A94,2.95,5.89,1.95,4.68,AN3,0323,-0.09,6.04,1.95,5.49,POS,2.85,1.18,1.55,83
DIST,4,AN0,C32D,2.95,0.00,1.95,1.34,AN1,189B,0.00,0.00,1.95,3.18,AN2,8A94,2.95,5.89,1.95,4.58,AN3,0323,-0.09,6.04,1.95,5.44,POS,2.87,1.24,1.58,82
DIST,4,AN0,C32D,2.95,0.00,1.95,1.43,AN1,189B,0.00,0.00,1.95,3.26,AN2,8A94,2.95,5.89,1.95,4.46,AN3,0323,-0.09,6.04,1.95,5.41,POS,2.90,1.30,1.59,77
DIST,4,AN0,C32D,2.95,0.00,1.95,1.51,AN1,189B,0.00,0.00,1.95,3.29,AN2,8A94,2.95,5.89,1.95,4.30,AN3,0323,-0.09,6.04,1.95,5.28,POS,2.93,1.37,1.52,69
DIST,4,AN0,C32D,2.95,0.00,1.95,1.62,AN1,189B,0.00,0.00,1.95,3.35,AN2,8A94,2.95,5.89,1.95,4.23,AN3,0323,-0.09,6.04,1.95,5.20,POS,2.95,1.45,1.46,68
DIST,4,AN0,C32D,2.95,0.00,1.95,1.69,AN1,189B,0.00,0.00,1.95,3.36,AN2,8A94,2.95,5.89,1.95,4.19,AN3,0323,-0.09,6.04,1.95,5.06,POS,2.97,1.55,1.47,72
DIST,4,AN0,C32D,2.95,0.00,1.95,1.80,AN1,8A94,2.95,5.89,1.95,4.02,AN2,189B,0.00,0.00,1.95,3.41,AN3,0323,-0.09,6.04,1.95,5.03,POS,2.97,1.63,1.42,70
DIST,4,AN0,C32D,2.95,0.00,1.95,1.93,AN1,8A94,2.95,5.89,1.95,3.92,AN2,189B,0.00,0.00,1.95,3.39,AN3,0323,-0.09,6.04,1.95,4.97,POS,2.93,1.70,1.40,76
DIST,4,AN0,C32D,2.95,0.00,1.95,2.02,AN1,189B,0.00,0.00,1.95,3.43,AN2,8A94,2.95,5.89,1.95,3.80,AN3,0323,-0.09,6.04,1.95,4.80,POS,2.87,1.79,1.40,78
DIST,4,AN0,C32D,2.95,0.00,1.95,2.13,AN1,189B,0.00,0.00,1.95,3.95,AN2,8A94,2.95,5.89,1.95,3.73,AN3,0323,-0.09,6.04,1.95,4.72,POS,3.07,1.95,1.39,76
DIST,4,AN0,C32D,2.95,0.00,1.95,2.25,AN1,8A94,2.95,5.89,1.95,3.57,AN2,189B,0.00,0.00,1.95,3.84,AN3,0323,-0.09,6.04,1.95,4.66,POS,3.12,2.08,1.38,70
DIST,4,AN0,C32D,2.95,0.00,1.95,2.35,AN1,8A94,2.95,5.89,1.95,3.42,AN2,189B,0.00,0.00,1.95,3.83,AN3,0323,-0.09,6.04,1.95,4.63,POS,3.12,2.18,1.38,67
DIST,4,AN0,C32D,2.95,0.00,1.95,2.39,AN1,8A94,2.95,5.89,1.95,3.44,AN2,189B,0.00,0.00,1.95,3.85,AN3,0323,-0.09,6.04,1.95,4.61,POS,3.11,2.26,1.37,68
DIST,4,AN0,C32D,2.95,0.00,1.95,2.37,AN1,8A94,2.95,5.89,1.95,3.40,AN2,189B,0.00,0.00,1.95,3.85,AN3,0323,-0.09,6.04,1.95,4.63,POS,3.06,2.30,1.39,74
DIST,4,AN0,C32D,2.95,0.00,1.95,2.38,AN1,8A94,2.95,5.89,1.95,3.39,AN2,189B,0.00,0.00,1.95,3.85,AN3,0323,-0.09,6.04,1.95,4.59,POS,3.07,2.36,1.40,68
DIST,4,AN0,C32D,2.95,0.00,1.95,2.42,AN1,8A94,2.95,5.89,1.95,3.42,AN2,189B,0.00,0.00,1.95,3.89,AN3,0323,-0.09,6.04,1.95,4.51,POS,3.10,2.42,1.36,71
DIST,4,AN0,C32D,2.95,0.00,1.95,2.43,AN1,8A94,2.95,5.89,1.95,3.41,AN2,189B,0.00,0.00,1.95,3.77,AN3,0323,-0.09,6.04,1.95,4.51,POS,3.06,2.45,1.33,67
DIST,4,AN0,C32D,2.95,0.00,1.95,2.45,AN1,8A94,2.95,5.89,1.95,3.47,AN2,189B,0.00,0.00,1.95,3.82,AN3,0323,-0.09,6.04,1.95,4.53,POS,3.05,2.47,1.30,67
DIST,4,AN0,C32D,2.95,0.00,1.95,2.40,AN1,8A94,2.95,5.89,1.95,3.42,AN2,189B,0.00,0.00,1.95,3.75,AN3,0323,-0.09,6.04,1.95,4.60,POS,3.01,2.46,1.31,72
DIST,4,AN0,C32D,2.95,0.00,1.95,2.43,AN1,8A94,2.95,5.89,1.95,3.41,AN2,189B,0.00,0.00,1.95,3.85,AN3,0323,-0.09,6.04,1.95,4.62,POS,2.99,2.46,1.30,70
DIST,4,AN0,C32D,2.95,0.00,1.95,2.37,AN1,8A94,2.95,5.89,1.95,3.43,AN2,189B,0.00,0.00,1.95,3.86,AN3,0323,-0.09,6.04,1.95,4.63,POS,3.02,2.47,1.33,68
DIST,4,AN0,C32D,2.95,0.00,1.95,2.38,AN1,8A94,2.95,5.89,1.95,3.43,AN2,189B,0.00,0.00,1.95,3.85,AN3,0323,-0.09,6.04,1.95,4.67,POS,3.02,2.45,1.33,68
DIST,4,AN0,C32D,2.95,0.00,1.95,2.36,AN1,8A94,2.95,5.89,1.95,3.46,AN2,189B,0.00,0.00,1.95,3.92,AN3,0323,-0.09,6.04,1.95,4.63,POS,3.07,2.47,1.46,70
DIST,4,AN0,C32D,2.95,0.00,1.95,2.36,AN1,8A94,2.95,5.89,1.95,3.43,AN2,189B,0.00,0.00,1.95,3.91,AN3,0323,-0.09,6.04,1.95,4.64,POS,3.11,2.49,1.51,70
DIST,4,AN0,C32D,2.95,0.00,1.95,2.38,AN1,8A94,2.95,5.89,1.95,3.49,AN2,189B,0.00,0.00,1.95,3.97,AN3,0323,-0.09,6.04,1.95,4.62,POS,3.17,2.51,1.47,73
DIST,4,AN0,C32D,2.95,0.00,1.95,2.41,AN1,8A94,2.95,5.89,1.95,3.49,AN2,189B,0.00,0.00,1.95,3.87,AN3,0323,-0.09,6.04,1.95,4.68,POS,3.15,2.50,1.50,68
DIST,4,AN0,C32D,2.95,0.00,1.95,2.40,AN1,8A94,2.95,5.89,1.95,3.42,AN2,189B,0.00,0.00,1.95,3.93,AN3,0323,-0.09,6.04,1.95,4.68,POS,3.16,2.50,1.45,69
DIST,4,AN0,C32D,2.95,0.00,1.95,2.42,AN1,8A94,2.95,5.89,1.95,3.41,AN2,189B,0.00,0.00,1.95,4.02,AN3,0323,-0.09,6.04,1.95,4.60,POS,3.22,2.54,1.45,73
DIST,4,AN0,C32D,2.95,0.00,1.95,2.41,AN1,8A94,2.95,5.89,1.95,3.45,AN2,189B,0.00,0.00,1.95,4.08,AN3,0323,-0.09,6.04,1.95,4.62,POS,3.30,2.57,1.40,76
DIST,4,AN0,C32D,2.95,0.00,1.95,2.50,AN1,8A94,2.95,5.89,1.95,3.37,AN2,189B,0.00,0.00,1.95,4.04,AN3,0323,-0.09,6.04,1.95,4.60,POS,3.30,2.59,1.46,72
DIST,4,AN0,C32D,2.95,0.00,1.95,2.46,AN1,8A94,2.95,5.89,1.95,3.42,AN2,189B,0.00,0.00,1.95,4.01,AN3,0323,-0.09,6.04,1.95,4.62,POS,3.30,2.60,1.49,71
DIST,4,AN0,C32D,2.95,0.00,1.95,2.53,AN1,8A94,2.95,5.89,1.95,3.27,AN2,189B,0.00,0.00,1.95,3.91,AN3,0323,-0.09,6.04,1.95,4.49,POS,3.18,2.59,1.46,73
DIST,4,AN0,C32D,2.95,0.00,1.95,2.55,AN1,8A94,2.95,5.89,1.95,3.26,AN2,189B,0.00,0.00,1.95,3.93,AN3,0323,-0.09,6.04,1.95,4.55,POS,3.14,2.59,1.44,67
DIST,4,AN0,C32D,2.95,0.00,1.95,2.63,AN1,8A94,2.95,5.89,1.95,3.20,AN2,189B,0.00,0.00,1.95,3.98,AN3,0323,-0.09,6.04,1.95,4.43,POS,3.06,2.60,1.41,72
DIST,4,AN0,C32D,2.95,0.00,1.95,2.68,AN1,8A94,2.95,5.89,1.95,3.10,AN2,189B,0.00,0.00,1.95,4.06,AN3,0323,-0.09,6.04,1.95,4.26,POS,3.09,2.68,1.41,73
DIST,4,AN0,C32D,2.95,0.00,1.95,2.85,AN1,8A94,2.95,5.89,1.95,3.03,AN2,189B,0.00,0.00,1.95,4.12,AN3,0323,-0.09,6.04,1.95,4.33,POS,3.06,2.72,1.35,70
DIST,4,AN0,C32D,2.95,0.00,1.95,2.94,AN1,8A94,2.95,5.89,1.95,2.91,AN2,189B,0.00,0.00,1.95,4.20,AN3,0323,-0.09,6.04,1.95,4.22,POS,3.06,2.81,1.33,72
DIST,4,AN0,C32D,2.95,0.00,1.95,3.06,AN1,8A94,2.95,5.89,1.95,2.76,AN2,189B,0.00,0.00,1.95,4.35,AN3,0323,-0.09,6.04,1.95,4.12,POS,3.01,2.88,1.33,69
DIST,4,AN0,C32D,2.95,0.00,1.95,3.19,AN1,8A94,2.95,5.89,1.95,2.62,AN2,189B,0.00,0.00,1.95,4.48,AN3,0323,-0.09,6.04,1.95,4.07,POS,2.99,2.97,1.33,69
DIST,4,AN0,8A94,2.95,5.89,1.95,2.50,AN1,C32D,2.95,0.00,1.95,3.25,AN2,189B,0.00,0.00,1.95,4.47,AN3,0323,-0.09,6.04,1.95,3.96,POS,2.96,3.06,1.39,74
DIST,4,AN0,8A94,2.95,5.89,1.95,2.46,AN1,C32D,2.95,0.00,1.95,3.40,AN2,189B,0.00,0.00,1.95,4.48,AN3,0323,-0.09,6.04,1.95,3.82,POS,2.96,3.18,1.37,69
DIST,4,AN0,8A94,2.95,5.89,1.95,2.32,AN1,C32D,2.95,0.00,1.95,3.51,AN2,0323,-0.09,6.04,1.95,3.80,AN3,189B,0.00,0.00,1.95,4.62,POS,2.99,3.30,1.38,67
DIST,4,AN0,8A94,2.95,5.89,1.95,2.19,AN1,C32D,2.95,0.00,1.95,3.65,AN2,0323,-0.09,6.04,1.95,3.64,AN3,189B,0.00,0.00,1.95,4.60,POS,2.94,3.40,1.36,76
DIST,4,AN0,8A94,2.95,5.89,1.95,2.07,AN1,C32D,2.95,0.00,1.95,3.72,AN2,0323,-0.09,6.04,1.95,3.59,AN3,189B,0.00,0.00,1.95,4.75,POS,2.90,3.50,1.39,78
DIST,4,AN0,8A94,2.95,5.89,1.95,2.00,AN1,C32D,2.95,0.00,1.95,3.80,AN2,0323,-0.09,6.04,1.95,3.55,AN3,189B,0.00,0.00,1.95,4.73,POS,2.88,3.59,1.40,78
DIST,4,AN0,8A94,2.95,5.89,1.95,1.98,AN1,C32D,2.95,0.00,1.95,3.85,AN2,0323,-0.09,6.04,1.95,3.49,AN3,189B,0.00,0.00,1.95,4.79,POS,2.88,3.69,1.38,73
DIST,4,AN0,8A94,2.95,5.89,1.95,1.90,AN1,C32D,2.95,0.00,1.95,3.85,AN2,0323,-0.09,6.04,1.95,3.53,AN3,189B,0.00,0.00,1.95,4.82,POS,2.89,3.75,1.42,79
DIST,4,AN0,8A94,2.95,5.89,1.95,1.86,AN1,C32D,2.95,0.00,1.95,3.93,AN2,0323,-0.09,6.04,1.95,3.43,AN3,189B,0.00,0.00,1.95,4.83,POS,2.87,3.81,1.44,79
DIST,4,AN0,8A94,2.95,5.89,1.95,1.88,AN1,0323,-0.09,6.04,1.95,3.48,AN2,C32D,2.95,0.00,1.95,3.88,AN3,189B,0.00,0.00,1.95,4.81,POS,2.86,3.85,1.47,79
DIST,3,AN0,8A94,2.95,5.89,1.95,1.91,AN1,0323,-0.09,6.04,1.95,3.40,AN2,C32D,2.95,0.00,1.95,3.85,POS,2.81,3.87,1.51,94
DIST,4,AN0,8A94,2.95,5.89,1.95,1.86,AN1,0323,-0.09,6.04,1.95,3.44,AN2,C32D,2.95,0.00,1.95,3.85,AN3,189B,0.00,0.00,1.95,4.80,POS,2.80,3.89,1.58,79
DIST,4,AN0,8A94,2.95,5.89,1.95,1.92,AN1,0323,-0.09,6.04,1.95,3.37,AN2,C32D,2.95,0.00,1.95,3.91,AN3,189B,0.00,0.00,1.95,4.73,POS,2.76,3.91,1.55,79
DIST,4,AN0,8A94,2.95,5.89,1.95,1.87,AN1,0323,-0.09,6.04,1.95,3.34,AN2,C32D,2.95,0.00,1.95,3.85,AN3,189B,0.00,0.00,1.95,4.80,POS,2.74,3.92,1.46,77
DIST,4,AN0,8A94,2.95,5.89,1.95,1.85,AN1,0323,-0.09,6.04,1.95,3.32,AN2,C32D,2.95,0.00,1.95,3.97,AN3,189B,0.00,0.00,1.95,4.75,POS,2.72,3.95,1.48,79
DIST,4,AN0,8A94,2.95,5.89,1.95,1.85,AN1,0323,-0.09,6.04,1.95,3.38,AN2,C32D,2.95,0.00,1.95,3.87,AN3,189B,0.00,0.00,1.95,4.83,POS,2.71,3.95,1.55,78
DIST,4,AN0,8A94,2.95,5.89,1.95,1.83,AN1,0323,-0.09,6.04,1.95,3.36,AN2,C32D,2.95,0.00,1.95,3.95,AN3,189B,0.00,0.00,1.95,4.87,POS,2.71,3.97,1.55,79
DIST,4,AN0,8A94,2.95,5.89,1.95,1.81,AN1,0323,-0.09,6.04,1.95,3.37,AN2,C32D,2.95,0.00,1.95,3.97,AN3,189B,0.00,0.00,1.95,4.84,POS,2.72,3.99,1.54,80
DIST,4,AN0,8A94,2.95,5.89,1.95,1.80,AN1,0323,-0.09,6.04,1.95,3.37,AN2,C32D,2.95,0.00,1.95,3.97,AN3,189B,0.00,0.00,1.95,4.80,POS,2.72,4.00,1.57,79
DIST,4,AN0,8A94,2.95,5.89,1.95,1.86,AN1,0323,-0.09,6.04,1.95,3.38,AN2,C32D,2.95,0.00,1.95,3.88,AN3,189B,0.00,0.00,1.95,4.81,POS,2.71,3.99,1.59,78
DIST,4,AN0,8A94,2.95,5.89,1.95,1.84,AN1,0323,-0.09,6.04,1.95,3.35,AN2,C32D,2.95,0.00,1.95,3.87,AN3,189B,0.00,0.00,1.95,4.73,POS,2.73,4.00,1.54,79
DIST,4,AN0,8A94,2.95,5.89,1.95,1.89,AN1,0323,-0.09,6.04,1.95,3.35,AN2,C32D,2.95,0.00,1.95,3.87,AN3,189B,0.00,0.00,1.95,4.82,POS,2.70,3.99,1.58,78
DIST,4,AN0,8A94,2.95,5.89,1.95,1.86,AN1,0323,-0.09,6.04,1.95,3.36,AN2,C32D,2.95,0.00,1.95,3.93,AN3,189B,0.00,0.00,1.95,4.69,POS,2.69,3.99,1.57,79
DIST,4,AN0,8A94,2.95,5.89,1.95,1.89,AN1,0323,-0.09,6.04,1.95,3.32,AN2,C32D,2.95,0.00,1.95,3.87,AN3,189B,0.00,0.00,1.95,4.66,POS,2.67,3.98,1.60,78
DIST,4,AN0,8A94,2.95,5.89,1.95,1.93,AN1,0323,-0.09,6.04,1.95,3.31,AN2,C32D,2.95,0.00,1.95,3.91,AN3,189B,0.00,0.00,1.95,4.64,POS,2.64,3.98,1.56,78
DIST,4,AN0,8A94,2.95,5.89,1.95,1.91,AN1,0323,-0.09,6.04,1.95,3.16,AN2,C32D,2.95,0.00,1.95,3.94,AN3,189B,0.00,0.00,1.95,4.59,POS,2.59,3.98,1.58,78
DIST,4,AN0,8A94,2.95,5.89,1.95,1.94,AN1,0323,-0.09,6.04,1.95,3.11,AN2,C32D,2.95,0.00,1.95,3.94,AN3,189B,0.00,0.00,1.95,4.58,POS,2.54,3.98,1.58,77
DIST,4,AN0,8A94,2.95,5.89,1.95,1.95,AN1,0323,-0.09,6.04,1.95,2.97,AN2,C32D,2.95,0.00,1.95,3.92,AN3,189B,0.00,0.00,1.95,4.52,POS,2.50,4.00,1.62,78
DIST,4,AN0,8A94,2.95,5.89,1.95,1.91,AN1,0323,-0.09,6.04,1.95,2.89,AN2,C32D,2.95,0.00,1.95,3.94,AN3,189B,0.00,0.00,1.95,4.53,POS,2.47,4.04,1.53,76
DIST,4,AN0,8A94,2.95,5.89,1.95,1.99,AN1,0323,-0.09,6.04,1.95,2.83,AN2,C32D,2.95,0.00,1.95,3.94,AN3,189B,0.00,0.00,1.95,4.45,POS,2.41,4.06,1.43,70
DIST,4,AN0,8A94,2.95,5.89,1.95,2.03,AN1,0323,-0.09,6.04,1.95,2.75,AN2,C32D,2.95,0.00,1.95,3.88,AN3,189B,0.00,0.00,1.95,4.31,POS,2.34,4.05,1.40,74
DIST,4,AN0,8A94,2.95,5.89,1.95,2.10,AN1,0323,-0.09,6.04,1.95,2.71,AN2,C32D,2.95,0.00,1.95,3.93,AN3,189B,0.00,0.00,1.95,4.28,POS,2.25,4.04,1.50,84
DIST,4,AN0,8A94,2.95,5.89,1.95,2.12,AN1,0323,-0.09,6.04,1.95,2.68,AN2,C32D,2.95,0.00,1.95,4.03,AN3,189B,0.00,0.00,1.95,4.23,POS,2.14,4.03,1.45,82
DIST,4,AN0,8A94,2.95,5.89,1.95,2.15,AN1,0323,-0.09,6.04,1.95,2.48,AN2,C32D,2.95,0.00,1.95,3.97,AN3,189B,0.00,0.00,1.95,4.22,POS,2.06,4.05,1.45,82
DIST,4,AN0,8A94,2.95,5.89,1.95,2.15,AN1,0323,-0.09,6.04,1.95,2.45,AN2,C32D,2.95,0.00,1.95,4.12,AN3,189B,0.00,0.00,1.95,4.22,POS,1.95,4.06,1.44,87
DIST,4,AN0,8A94,2.95,5.89,1.95,2.16,AN1,0323,-0.09,6.04,1.95,2.40,AN2,C32D,2.95,0.00,1.95,4.18,AN3,189B,0.00,0.00,1.95,4.16,POS,1.82,4.07,1.49,91
DIST,4,AN0,8A94,2.95,5.89,1.95,2.23,AN1,0323,-0.09,6.04,1.95,2.38,AN2,C32D,2.95,0.00,1.95,4.14,AN3,189B,0.00,0.00,1.95,4.10,POS,1.72,4.06,1.50,90
DIST,4,AN0,8A94,2.95,5.89,1.95,2.26,AN1,0323,-0.09,6.04,1.95,2.31,AN2,C32D,2.95,0.00,1.95,4.17,AN3,189B,0.00,0.00,1.95,4.10,POS,1.64,4.06,1.50,88
DIST,4,AN0,8A94,2.95,5.89,1.95,2.30,AN1,0323,-0.09,6.04,1.95,2.36,AN2,C32D,2.95,0.00,1.95,4.13,AN3,189B,0.00,0.00,1.95,4.12,POS,1.59,4.05,1.51,90
DIST,4,AN0,8A94,2.95,5.89,1.95,2.37,AN1,0323,-0.09,6.04,1.95,2.31,AN2,C32D,2.95,0.00,1.95,4.12,AN3,189B,0.00,0.00,1.95,4.13,POS,1.56,4.07,1.43,83
DIST,4,AN0,8A94,2.95,5.89,1.95,2.32,AN1,0323,-0.09,6.04,1.95,2.37,AN2,C32D,2.95,0.00,1.95,4.10,AN3,189B,0.00,0.00,1.95,4.10,POS,1.54,4.06,1.48,92
DIST,4,AN0,8A94,2.95,5.89,1.95,2.32,AN1,0323,-0.09,6.04,1.95,2.40,AN2,C32D,2.95,0.00,1.95,4.14,AN3,189B,0.00,0.00,1.95,4.05,POS,1.50,4.04,1.48,89
DIST,4,AN0,8A94,2.95,5.89,1.95,2.30,AN1,0323,-0.09,6.04,1.95,2.37,AN2,C32D,2.95,0.00,1.95,4.12,AN3,189B,0.00,0.00,1.95,4.08,POS,1.47,4.04,1.48,89
DIST,4,AN0,8A94,2.95,5.89,1.95,2.32,AN1,0323,-0.09,6.04,1.95,2.37,AN2,189B,0.00,0.00,1.95,4.12,AN3,C32D,2.95,0.00,1.95,4.13,POS,1.46,4.04,1.48,89
DIST,4,AN0,8A94,2.95,5.89,1.95,2.35,AN1,0323,-0.09,6.04,1.95,2.39,AN2,189B,0.00,0.00,1.95,4.07,AN3,C32D,2.95,0.00,1.95,4.10,POS,1.45,4.03,1.47,89
DIST,4,AN0,8A94,2.95,5.89,1.95,2.37,AN1,0323,-0.09,6.04,1.95,2.36,AN2,189B,0.00,0.00,1.95,4.05,AN3,C32D,2.95,0.00,1.95,4.07,POS,1.44,4.02,1.55,94
DIST,4,AN0,8A94,2.95,5.89,1.95,2.37,AN1,0323,-0.09,6.04,1.95,2.39,AN2,189B,0.00,0.00,1.95,4.13,AN3,C32D,2.95,0.00,1.95,4.15,POS,1.43,4.02,1.51,86
DIST,4,AN0,8A94,2.95,5.89,1.95,2.37,AN1,0323,-0.09,6.04,1.95,2.45,AN2,189B,0.00,0.00,1.95,4.05,AN3,C32D,2.95,0.00,1.95,4.09,POS,1.43,4.01,1.46,86
DIST,4,AN0,8A94,2.95,5.89,1.95,2.37,AN1,0323,-0.09,6.04,1.95,2.42,AN2,189B,0.00,0.00,1.95,4.03,AN3,C32D,2.95,0.00,1.95,4.01,POS,1.45,4.00,1.39,84
DIST,4,AN0,8A94,2.95,5.89,1.95,2.40,AN1,0323,-0.09,6.04,1.95,2.40,AN2,189B,0.00,0.00,1.95,4.05,AN3,C32D,2.95,0.00,1.95,4.04,POS,1.46,3.99,1.47,94
DIST,4,AN0,8A94,2.95,5.89,1.95,2.38,AN1,0323,-0.09,6.04,1.95,2.44,AN2,189B,0.00,0.00,1.95,4.04,AN3,C32D,2.95,0.00,1.95,4.08,POS,1.44,3.98,1.45,88
DIST,4,AN0,8A94,2.95,5.89,1.95,2.43,AN1,0323,-0.09,6.04,1.95,2.38,AN2,189B,0.00,0.00,1.95,3.99,AN3,C32D,2.95,0.00,1.95,4.06,POS,1.42,3.97,1.49,91
DIST,4,AN0,8A94,2.95,5.89,1.95,2.45,AN1,0323,-0.09,6.04,1.95,2.39,AN2,189B,0.00,0.00,1.95,3.96,AN3,C32D,2.95,0.00,1.95,4.00,POS,1.42,3.97,1.41,83
DIST,4,AN0,8A94,2.95,5.89,1.95,2.47,AN1,0323,-0.09,6.04,1.95,2.44,AN2,189B,0.00,0.00,1.95,3.89,AN3,C32D,2.95,0.00,1.95,4.06,POS,1.38,3.95,1.46,90
DIST,4,AN0,8A94,2.95,5.89,1.95,2.54,AN1,0323,-0.09,6.04,1.95,2.29,AN2,189B,0.00,0.00,1.95,3.93,AN3,C32D,2.95,0.00,1.95,4.13,POS,1.32,3.94,1.49,87
DIST,4,AN0,0323,-0.09,6.04,1.95,2.26,AN1,8A94,2.95,5.89,1.95,2.56,AN2,189B,0.00,0.00,1.95,3.90,AN3,C32D,2.95,0.00,1.95,4.19,POS,1.26,3.94,1.50,84
DIST,4,AN0,0323,-0.09,6.04,1.95,2.20,AN1,8A94,2.95,5.89,1.95,2.65,AN2,189B,0.00,0.00,1.95,3.87,AN3,C32D,2.95,0.00,1.95,4.26,POS,1.17,3.94,1.51,81
DIST,4,AN0,0323,-0.09,6.04,1.95,2.20,AN1,8A94,2.95,5.89,1.95,2.68,AN2,189B,0.00,0.00,1.95,3.82,AN3,C32D,2.95,0.00,1.95,4.28,POS,1.10,3.94,1.47,76
DIST,3,AN0,0323,-0.09,6.04,1.95,2.19,AN1,8A94,2.95,5.89,1.95,2.72,AN2,189B,0.00,0.00,1.95,3.80,POS,1.04,3.93,1.49,80
DIST,4,AN0,0323,-0.09,6.04,1.95,2.20,AN1,8A94,2.95,5.89,1.95,2.76,AN2,189B,0.00,0.00,1.95,3.73,AN3,C32D,2.95,0.00,1.95,4.15,POS,0.99,3.91,1.42,74
DIST,4,AN0,0323,-0.09,6.04,1.95,2.19,AN1,8A94,2.95,5.89,1.95,2.81,AN2,189B,0.00,0.00,1.95,3.70,AN3,C32D,2.95,0.00,1.95,4.23,POS,0.93,3.89,1.46,79
DIST,4,AN0,0323,-0.09,6.04,1.95,2.15,AN1,8A94,2.95,5.89,1.95,2.81,AN2,189B,0.00,0.00,1.95,3.80,AN3,C32D,2.95,0.00,1.95,4.30,POS,0.89,3.89,1.46,76
DIST,4,AN0,0323,-0.09,6.04,1.95,2.17,AN1,8A94,2.95,5.89,1.95,2.88,AN2,189B,0.00,0.00,1.95,3.69,AN3,C32D,2.95,0.00,1.95,4.23,POS,0.84,3.88,1.53,79
DIST,4,AN0,0323,-0.09,6.04,1.95,2.16,AN1,8A94,2.95,5.89,1.95,2.91,AN2,189B,0.00,0.00,1.95,3.78,AN3,C32D,2.95,0.00,1.95,4.23,POS,0.84,3.88,1.58,81
DIST,4,AN0,0323,-0.09,6.04,1.95,2.14,AN1,8A94,2.95,5.89,1.95,2.99,AN2,189B,0.00,0.00,1.95,3.70,AN3,C32D,2.95,0.00,1.95,4.35,POS,0.76,3.87,1.57,76
DIST,4,AN0,0323,-0.09,6.04,1.95,2.09,AN1,8A94,2.95,5.89,1.95,3.03,AN2,189B,0.00,0.00,1.95,3.83,AN3,C32D,2.95,0.00,1.95,4.45,POS,0.70,3.88,1.51,78
DIST,4,AN0,0323,-0.09,6.04,1.95,2.02,AN1,8A94,2.95,5.89,1.95,3.03,AN2,189B,0.00,0.00,1.95,3.77,AN3,C32D,2.95,0.00,1.95,4.39,POS,0.67,3.89,1.59,77
DIST,4,AN0,0323,-0.09,6.04,1.95,2.05,AN1,8A94,2.95,5.89,1.95,3.08,AN2,189B,0.00,0.00,1.95,3.81,AN3,C32D,2.95,0.00,1.95,4.54,POS,0.60,3.91,1.51,78
DIST,4,AN0,0323,-0.09,6.04,1.95,2.03,AN1,8A94,2.95,5.89,1.95,3.12,AN2,189B,0.00,0.00,1.95,3.80,AN3,C32D,2.95,0.00,1.95,4.59,POS,0.53,3.92,1.49,78
DIST,4,AN0,0323,-0.09,6.04,1.95,2.00,AN1,8A94,2.95,5.89,1.95,3.18,AN2,189B,0.00,0.00,1.95,3.70,AN3,C32D,2.95,0.00,1.95,4.60,POS,0.45,3.91,1.53,78
DIST,4,AN0,0323,-0.09,6.04,1.95,2.05,AN1,8A94,2.95,5.89,1.95,3.31,AN2,189B,0.00,0.00,1.95,3.73,AN3,C32D,2.95,0.00,1.95,4.53,POS,0.41,3.90,1.51,78
DIST,4,AN0,0323,-0.09,6.04,1.95,2.01,AN1,8A94,2.95,5.89,1.95,3.34,AN2,189B,0.00,0.00,1.95,3.68,AN3,C32D,2.95,0.00,1.95,4.60,POS,0.33,3.89,1.53,79
DIST,4,AN0,0323,-0.09,6.04,1.95,2.02,AN1,8A94,2.95,5.89,1.95,3.34,AN2,189B,0.00,0.00,1.95,3.73,AN3,C32D,2.95,0.00,1.95,4.58,POS,0.31,3.89,1.51,78
DIST,4,AN0,0323,-0.09,6.04,1.95,2.02,AN1,8A94,2.95,5.89,1.95,3.37,AN2,189B,0.00,0.00,1.95,3.78,AN3,C32D,2.95,0.00,1.95,4.68,POS,0.25,3.90,1.46,76
DIST,4,AN0,0323,-0.09,6.04,1.95,1.94,AN1,8A94,2.95,5.89,1.95,3.37,AN2,189B,0.00,0.00,1.95,3.79,AN3,C32D,2.95,0.00,1.95,4.76,POS,0.19,3.92,1.46,77
DIST,4,AN0,0323,-0.09,6.04,1.95,1.86,AN1,8A94,2.95,5.89,1.95,3.35,AN2,189B,0.00,0.00,1.95,3.85,AN3,C32D,2.95,0.00,1.95,4.78,POS,0.14,3.94,1.48,79
DIST,4,AN0,0323,-0.09,6.04,1.95,1.81,AN1,8A94,2.95,5.89,1.95,3.35,AN2,189B,0.00,0.00,1.95,3.86,AN3,C32D,2.95,0.00,1.95,4.82,POS,0.10,3.97,1.53,80
DIST,4,AN0,0323,-0.09,6.04,1.95,1.84,AN1,8A94,2.95,5.89,1.95,3.31,AN2,189B,0.00,0.00,1.95,3.92,AN3,C32D,2.95,0.00,1.95,4.82,POS,0.08,4.00,1.50,78
DIST,4,AN0,0323,-0.09,6.04,1.95,1.86,AN1,8A94,2.95,5.89,1.95,3.32,AN2,189B,0.00,0.00,1.95,3.86,AN3,C32D,2.95,0.00,1.95,4.82,POS,0.06,4.01,1.50,79
DIST,4,AN0,0323,-0.09,6.04,1.95,1.90,AN1,8A94,2.95,5.89,1.95,3.37,AN2,189B,0.00,0.00,1.95,3.85,AN3,C32D,2.95,0.00,1.95,4.86,POS,0.03,4.01,1.48,74
DIST,4,AN0,0323,-0.09,6.04,1.95,1.86,AN1,8A94,2.95,5.89,1.95,3.29,AN2,189B,0.00,0.00,1.95,3.88,AN3,C32D,2.95,0.00,1.95,4.77,POS,0.04,4.02,1.47,80
DIST,4,AN0,0323,-0.09,6.04,1.95,1.85,AN1,8A94,2.95,5.89,1.95,3.29,AN2,189B,0.00,0.00,1.95,3.87,AN3,C32D,2.95,0.00,1.95,4.78,POS,0.05,4.03,1.48,80
DIST,4,AN0,0323,-0.09,6.04,1.95,1.85,AN1,8A94,2.95,5.89,1.95,3.29,AN2,189B,0.00,0.00,1.95,3.88,AN3,C32D,2.95,0.00,1.95,4.81,POS,0.04,4.03,1.48,79
DIST,4,AN0,0323,-0.09,6.04,1.95,1.85,AN1,8A94,2.95,5.89,1.95,3.28,AN2,189B,0.00,0.00,1.95,3.85,AN3,C32D,2.95,0.00,1.95,4.83,POS,0.03,4.03,1.51,79
DIST,3,AN0,8A94,2.95,5.89,1.95,3.34,AN1,189B,0.00,0.00,1.95,3.91,AN2,C32D,2.95,0.00,1.95,4.84,POS,0.03,4.03,1.44,81
DIST,4,AN0,0323,-0.09,6.04,1.95,1.85,AN1,8A94,2.95,5.89,1.95,3.39,AN2,189B,0.00,0.00,1.95,3.85,AN3,C32D,2.95,0.00,1.95,4.87,POS,-0.00,4.03,1.47,76
DIST,4,AN0,0323,-0.09,6.04,1.95,1.85,AN1,8A94,2.95,5.89,1.95,3.43,AN2,189B,0.00,0.00,1.95,3.90,AN3,C32D,2.95,0.00,1.95,4.95,POS,-0.04,4.04,1.46,71
DIST,4,AN0,0323,-0.09,6.04,1.95,1.82,AN1,8A94,2.95,5.89,1.95,3.44,AN2,189B,0.00,0.00,1.95,3.88,AN3,C32D,2.95,0.00,1.95,4.96,POS,-0.08,4.04,1.48,73
DIST,4,AN0,0323,-0.09,6.04,1.95,1.85,AN1,8A94,2.95,5.89,1.95,3.41,AN2,189B,0.00,0.00,1.95,3.96,AN3,C32D,2.95,0.00,1.95,5.02,POS,-0.10,4.06,1.43,68
DIST,4,AN0,0323,-0.09,6.04,1.95,1.80,AN1,189B,0.00,0.00,1.95,3.98,AN2,8A94,2.95,5.89,1.95,3.36,AN3,C32D,2.95,0.00,1.95,5.05,POS,-0.14,4.10,1.42,67
DIST,4,AN0,0323,-0.09,6.04,1.95,1.84,AN1,189B,0.00,0.00,1.95,3.96,AN2,8A94,2.95,5.89,1.95,3.38,AN3,C32D,2.95,0.00,1.95,4.93,POS,-0.12,4.10,1.39,72
DIST,4,AN0,0323,-0.09,6.04,1.95,1.88,AN1,189B,0.00,0.00,1.95,3.91,AN2,8A94,2.95,5.89,1.95,3.34,AN3,C32D,2.95,0.00,1.95,4.87,POS,-0.09,4.09,1.39,76
DIST,4,AN0,0323,-0.09,6.04,1.95,1.92,AN1,189B,0.00,0.00,1.95,3.87,AN2,8A94,2.95,5.89,1.95,3.30,AN3,C32D,2.95,0.00,1.95,4.89,POS,-0.11,4.10,1.40,72
DIST,4,AN0,0323,-0.09,6.04,1.95,1.95,AN1,189B,0.00,0.00,1.95,3.86,AN2,8A94,2.95,5.89,1.95,3.35,AN3,C32D,2.95,0.00,1.95,4.89,POS,-0.09,4.08,1.37,72
DIST,4,AN0,0323,-0.09,6.04,1.95,1.92,AN1,189B,0.00,0.00,1.95,3.89,AN2,8A94,2.95,5.89,1.95,3.33,AN3,C32D,2.95,0.00,1.95,4.95,POS,-0.06,4.07,1.35,75
DIST,4,AN0,0323,-0.09,6.04,1.95,1.91,AN1,8A94,2.95,5.89,1.95,3.35,AN2,189B,0.00,0.00,1.95,3.91,AN3,C32D,2.95,0.00,1.95,4.94,POS,-0.08,4.09,1.33,67
DIST,4,AN0,0323,-0.09,6.04,1.95,1.86,AN1,8A94,2.95,5.89,1.95,3.35,AN2,189B,0.00,0.00,1.95,3.91,AN3,C32D,2.95,0.00,1.95,4.92,POS,-0.08,4.08,1.34,73
DIST,4,AN0,0323,-0.09,6.04,1.95,1.93,AN1,8A94,2.95,5.89,1.95,3.42,AN2,189B,0.00,0.00,1.95,3.88,AN3,C32D,2.95,0.00,1.95,4.93,POS,-0.09,4.07,1.32,69
DIST,4,AN0,0323,-0.09,6.04,1.95,1.95,AN1,189B,0.00,0.00,1.95,3.82,AN2,8A94,2.95,5.89,1.95,3.49,AN3,C32D,2.95,0.00,1.95,4.89,POS,-0.11,4.05,1.37,72
DIST,4,AN0,0323,-0.09,6.04,1.95,2.00,AN1,189B,0.00,0.00,1.95,3.77,AN2,8A94,2.95,5.89,1.95,3.46,AN3,C32D,2.95,0.00,1.95,4.92,POS,-0.10,4.02,1.36,73
DIST,4,AN0,0323,-0.09,6.04,1.95,2.09,AN1,189B,0.00,0.00,1.95,3.69,AN2,8A94,2.95,5.89,1.95,3.49,AN3,C32D,2.95,0.00,1.95,4.79,POS,-0.10,3.97,1.35,70
DIST,4,AN0,0323,-0.09,6.04,1.95,2.18,AN1,189B,0.00,0.00,1.95,3.64,AN2,8A94,2.95,5.89,1.95,3.43,AN3,C32D,2.95,0.00,1.95,4.63,POS,-0.06,3.92,1.33,74
DIST,4,AN0,0323,-0.09,6.04,1.95,2.27,AN1,8A94,2.95,5.89,1.95,3.57,AN2,189B,0.00,0.00,1.95,3.47,AN3,C32D,2.95,0.00,1.95,4.64,POS,-0.11,3.88,1.39,68
DIST,4,AN0,0323,-0.09,6.04,1.95,2.36,AN1,189B,0.00,0.00,1.95,3.46,AN2,8A94,2.95,5.89,1.95,3.61,AN3,C32D,2.95,0.00,1.95,4.55,POS,-0.09,3.81,1.35,69
DIST,4,AN0,0323,-0.09,6.04,1.95,2.47,AN1,189B,0.00,0.00,1.95,3.36,AN2,8A94,2.95,5.89,1.95,3.73,AN3,C32D,2.95,0.00,1.95,4.47,POS,-0.08,3.73,1.32,67
DIST,4,AN0,0323,-0.09,6.04,1.95,2.52,AN1,189B,0.00,0.00,1.95,3.30,AN2,8A94,2.95,5.89,1.95,3.82,AN3,C32D,2.95,0.00,1.95,4.45,POS,-0.09,3.65,1.29,65
DIST,4,AN0,0323,-0.09,6.04,1.95,2.63,AN1,189B,0.00,0.00,1.95,3.17,AN2,8A94,2.95,5.89,1.95,3.86,AN3,C32D,2.95,0.00,1.95,4.44,POS,-0.14,3.58,1.28,67
DIST,4,AN0,0323,-0.09,6.04,1.95,2.70,AN1,189B,0.00,0.00,1.95,3.10,AN2,8A94,2.95,5.89,1.95,3.92,AN3,C32D,2.95,0.00,1.95,4.40,POS,-0.18,3.51,1.27,69
DIST,4,AN0,0323,-0.09,6.04,1.95,2.79,AN1,189B,0.00,0.00,1.95,3.04,AN2,8A94,2.95,5.89,1.95,3.94,AN3,C32D,2.95,0.00,1.95,4.25,POS,-0.15,3.43,1.28,67
DIST,4,AN0,0323,-0.09,6.04,1.95,2.84,AN1,189B,0.00,0.00,1.95,2.95,AN2,8A94,2.95,5.89,1.95,3.99,AN3,C32D,2.95,0.00,1.95,4.19,POS,-0.14,3.34,1.30,68
DIST,4,AN0,0323,-0.09,6.04,1.95,2.90,AN1,189B,0.00,0.00,1.95,2.86,AN2,8A94,2.95,5.89,1.95,4.03,AN3,C32D,2.95,0.00,1.95,4.00,POS,-0.11,3.26,1.31,68
DIST,4,AN0,0323,-0.09,6.04,1.95,2.99,AN1,189B,0.00,0.00,1.95,2.77,AN2,8A94,2.95,5.89,1.95,4.10,AN3,C32D,2.95,0.00,1.95,3.95,POS,-0.11,3.15,1.29,71
DIST,4,AN0,0323,-0.09,6.04,1.95,3.12,AN1,189B,0.00,0.00,1.95,2.67,AN2,8A94,2.95,5.89,1.95,4.18,AN3,C32D,2.95,0.00,1.95,3.98,POS,-0.10,3.06,1.30,70
DIST,4,AN0,0323,-0.09,6.04,1.95,3.14,AN1,189B,0.00,0.00,1.95,2.65,AN2,8A94,2.95,5.89,1.95,4.25,AN3,C32D,2.95,0.00,1.95,4.01,POS,-0.11,2.99,1.29,71
DIST,4,AN0,189B,0.00,0.00,1.95,2.54,AN1,0323,-0.09,6.04,1.95,3.27,AN2,8A94,2.95,5.89,1.95,4.21,AN3,C32D,2.95,0.00,1.95,4.00,POS,-0.07,2.90,1.28,67
DIST,4,AN0,189B,0.00,0.00,1.95,2.46,AN1,0323,-0.09,6.04,1.95,3.33,AN2,8A94,2.95,5.89,1.95,4.30,AN3,C32D,2.95,0.00,1.95,3.94,POS,-0.05,2.82,1.28,68
DIST,4,AN0,189B,0.00,0.00,1.95,2.43,AN1,0323,-0.09,6.04,1.95,3.33,AN2,8A94,2.95,5.89,1.95,4.31,AN3,C32D,2.95,0.00,1.95,3.93,POS,-0.05,2.76,1.30,68
DIST,4,AN0,189B,0.00,0.00,1.95,2.53,AN1,0323,-0.09,6.04,1.95,3.35,AN2,8A94,2.95,5.89,1.95,4.36,AN3,C32D,2.95,0.00,1.95,3.86,POS,-0.04,2.72,1.37,71
DIST,4,AN0,189B,0.00,0.00,1.95,2.48,AN1,0323,-0.09,6.04,1.95,3.34,AN2,8A94,2.95,5.89,1.95,4.50,AN3,C32D,2.95,0.00,1.95,3.90,POS,-0.09,2.68,1.34,70
DIST,4,AN0,189B,0.00,0.00,1.95,2.47,AN1,0323,-0.09,6.04,1.95,3.36,AN2,8A94,2.95,5.89,1.95,4.46,AN3,C32D,2.95,0.00,1.95,3.89,POS,-0.11,2.64,1.37,68
DIST,4,AN0,189B,0.00,0.00,1.95,2.50,AN1,0323,-0.09,6.04,1.95,3.34,AN2,C32D,2.95,0.00,1.95,3.92,AN3,8A94,2.95,5.89,1.95,4.48,POS,-0.14,2.63,1.33,70
DIST,4,AN0,189B,0.00,0.00,1.95,2.45,AN1,0323,-0.09,6.04,1.95,3.39,AN2,C32D,2.95,0.00,1.95,3.83,AN3,8A94,2.95,5.89,1.95,4.44,POS,-0.13,2.60,1.29,68
DIST,4,AN0,189B,0.00,0.00,1.95,2.41,AN1,0323,-0.09,6.04,1.95,3.40,AN2,C32D,2.95,0.00,1.95,3.82,AN3,8A94,2.95,5.89,1.95,4.41,POS,-0.13,2.58,1.29,67
DIST,4,AN0,189B,0.00,0.00,1.95,2.44,AN1,0323,-0.09,6.04,1.95,3.41,AN2,C32D,2.95,0.00,1.95,3.83,AN3,8A94,2.95,5.89,1.95,4.54,POS,-0.17,2.54,1.29,70
DIST,4,AN0,189B,0.00,0.00,1.95,2.38,AN1,0323,-0.09,6.04,1.95,3.46,AN2,C32D,2.95,0.00,1.95,3.82,AN3,8A94,2.95,5.89,1.95,4.51,POS,-0.17,2.51,1.30,67
DIST,4,AN0,189B,0.00,0.00,1.95,2.36,AN1,0323,-0.09,6.04,1.95,3.44,AN2,C32D,2.95,0.00,1.95,3.80,AN3,8A94,2.95,5.89,1.95,4.60,POS,-0.16,2.50,1.29,67
DIST,4,AN0,189B,0.00,0.00,1.95,2.31,AN1,0323,-0.09,6.04,1.95,3.50,AN2,C32D,2.95,0.00,1.95,3.78,AN3,8A94,2.95,5.89,1.95,4.42,POS,-0.14,2.48,1.27,66
DIST,4,AN0,189B,0.00,0.00,1.95,2.24,AN1,0323,-0.09,6.04,1.95,3.59,AN2,C32D,2.95,0.00,1.95,3.62,AN3,8A94,2.95,5.89,1.95,4.44,POS,-0.09,2.45,1.28,70
DIST,4,AN0,189B,0.00,0.00,1.95,2.07,AN1,0323,-0.09,6.04,1.95,3.67,AN2,C32D,2.95,0.00,1.95,3.56,AN3,8A94,2.95,5.89,1.95,4.58,POS,-0.08,2.39,1.32,71
DIST,4,AN0,189B,0.00,0.00,1.95,2.02,AN1,0323,-0.09,6.04,1.95,3.72,AN2,8A94,2.95,5.89,1.95,4.74,AN3,C32D,2.95,0.00,1.95,3.50,POS,-0.06,2.33,1.34,73
DIST,4,AN0,189B,0.00,0.00,1.95,1.93,AN1,0323,-0.09,6.04,1.95,3.88,AN2,8A94,2.95,5.89,1.95,5.00,AN3,C32D,2.95,0.00,1.95,3.55,POS,-0.08,2.25,1.32,64
DIST,4,AN0,189B,0.00,0.00,1.95,1.77,AN1,0323,-0.09,6.04,1.95,4.02,AN2,8A94,2.95,5.89,1.95,4.96,AN3,C32D,2.95,0.00,1.95,3.52,POS,-0.11,2.15,1.34,64
DIST,4,AN0,189B,0.00,0.00,1.95,1.66,AN1,0323,-0.09,6.04,1.95,4.15,AN2,C32D,2.95,0.00,1.95,3.40,AN3,8A94,2.95,5.89,1.95,5.10,POS,-0.16,2.02,1.36,61
DIST,4,AN0,189B,0.00,0.00,1.95,1.55,AN1,0323,-0.09,6.04,1.95,4.23,AN2,C32D,2.95,0.00,1.95,3.36,AN3,8A94,2.95,5.89,1.95,5.09,POS,-0.16,1.93,1.37,67
DIST,4,AN0,189B,0.00,0.00,1.95,1.44,AN1,0323,-0.09,6.04,1.95,4.29,AN2,C32D,2.95,0.00,1.95,3.26,AN3,8A94,2.95,5.89,1.95,5.29,POS,-0.14,1.84,1.41,72
DIST,4,AN0,189B,0.00,0.00,1.95,1.36,AN1,0323,-0.09,6.04,1.95,4.43,AN2,C32D,2.95,0.00,1.95,3.13,AN3,8A94,2.95,5.89,1.95,5.29,POS,-0.10,1.74,1.40,74
DIST,4,AN0,189B,0.00,0.00,1.95,1.26,AN1,0323,-0.09,6.04,1.95,4.56,AN2,C32D,2.95,0.00,1.95,3.20,AN3,8A94,2.95,5.89,1.95,5.31,POS,-0.10,1.64,1.38,65
DIST,4,AN0,189B,0.00,0.00,1.95,1.16,AN1,0323,-0.09,6.04,1.95,4.69,AN2,C32D,2.95,0.00,1.95,3.16,AN3,8A94,2.95,5.89,1.95,5.37,POS,-0.08,1.54,1.50,83
DIST,4,AN0,189B,0.00,0.00,1.95,1.02,AN1,0323,-0.09,6.04,1.95,4.69,AN2,8A94,2.95,5.89,1.95,5.49,AN3,C32D,2.95,0.00,1.95,3.30,POS,-0.10,1.44,1.53,68
DIST,4,AN0,189B,0.00,0.00,1.95,1.03,AN1,0323,-0.09,6.04,1.95,4.81,AN2,C32D,2.95,0.00,1.95,3.13,AN3,8A94,2.95,5.89,1.95,5.39,POS,-0.13,1.38,1.50,61
DIST,4,AN0,189B,0.00,0.00,1.95,0.98,AN1,0323,-0.09,6.04,1.95,4.79,AN2,C32D,2.95,0.00,1.95,3.10,AN3,8A94,2.95,5.89,1.95,5.41,POS,-0.14,1.33,1.49,64
DIST,4,AN0,189B,0.00,0.00,1.95,0.94,AN1,0323,-0.09,6.04,1.95,4.83,AN2,C32D,2.95,0.00,1.95,3.05,AN3,8A94,2.95,5.89,1.95,5.43,POS,-0.14,1.27,1.47,65
DIST,4,AN0,189B,0.00,0.00,1.95,0.93,AN1,0323,-0.09,6.04,1.95,4.86,AN2,C32D,2.95,0.00,1.95,3.08,AN3,8A94,2.95,5.89,1.95,5.43,POS,-0.16,1.24,1.48,64
DIST,4,AN0,189B,0.00,0.00,1.95,0.94,AN1,0323,-0.09,6.04,1.95,4.80,AN2,C32D,2.95,0.00,1.95,3.12,AN3,8A94,2.95,5.89,1.95,5.42,POS,-0.17,1.22,1.50,66
DIST,3,AN0,189B,0.00,0.00,1.95,0.98,AN1,0323,-0.09,6.04,1.95,4.74,AN2,8A94,2.95,5.89,1.95,5.43,POS,-0.13,1.19,1.52,91
DIST,4,AN0,189B,0.00,0.00,1.95,0.99,AN1,0323,-0.09,6.04,1.95,4.80,AN2,C32D,2.95,0.00,1.95,3.11,AN3,8A94,2.95,5.89,1.95,5.49,POS,-0.11,1.16,1.49,69
DIST,4,AN0,189B,0.00,0.00,1.95,1.02,AN1,0323,-0.09,6.04,1.95,4.83,AN2,C32D,2.95,0.00,1.95,3.19,AN3,8A94,2.95,5.89,1.95,5.47,POS,-0.15,1.16,1.47,57
DIST,4,AN0,189B,0.00,0.00,1.95,0.99,AN1,0323,-0.09,6.04,1.95,4.78,AN2,C32D,2.95,0.00,1.95,3.22,AN3,8A94,2.95,5.89,1.95,5.48,POS,-0.19,1.16,1.48,57
DIST,4,AN0,189B,0.00,0.00,1.95,0.98,AN1,0323,-0.09,6.04,1.95,4.77,AN2,C32D,2.95,0.00,1.95,3.15,AN3,8A94,2.95,5.89,1.95,5.52,POS,-0.18,1.14,1.49,66
DIST,4,AN0,189B,0.00,0.00,1.95,1.00,AN1,0323,-0.09,6.04,1.95,4.73,AN2,C32D,2.95,0.00,1.95,3.23,AN3,8A94,2.95,5.89,1.95,5.54,POS,-0.20,1.14,1.51,63
DIST,4,AN0,189B,0.00,0.00,1.95,0.97,AN1,0323,-0.09,6.04,1.95,4.80,AN2,C32D,2.95,0.00,1.95,3.25,AN3,8A94,2.95,5.89,1.95,5.50,POS,-0.24,1.14,1.53,58
DIST,4,AN0,189B,0.00,0.00,1.95,0.94,AN1,0323,-0.09,6.04,1.95,4.79,AN2,C32D,2.95,0.00,1.95,3.25,AN3,8A94,2.95,5.89,1.95,5.50,POS,-0.27,1.15,1.58,59
DIST,4,AN0,189B,0.00,0.00,1.95,0.95,AN1,0323,-0.09,6.04,1.95,4.79,AN2,C32D,2.95,0.00,1.95,3.20,AN3,8A94,2.95,5.89,1.95,5.52,POS,-0.23,1.13,1.57,71
DIST,4,AN0,189B,0.00,0.00,1.95,0.97,AN1,0323,-0.09,6.04,1.95,4.88,AN2,C32D,2.95,0.00,1.95,3.20,AN3,8A94,2.95,5.89,1.95,5.53,POS,-0.24,1.12,1.53,56
DIST,4,AN0,189B,0.00,0.00,1.95,0.94,AN1,0323,-0.09,6.04,1.95,4.81,AN2,C32D,2.95,0.00,1.95,3.26,AN3,8A94,2.95,5.89,1.95,5.56,POS,-0.28,1.12,1.54,59
DIST,4,AN0,189B,0.00,0.00,1.95,0.96,AN1,0323,-0.09,6.04,1.95,4.79,AN2,C32D,2.95,0.00,1.95,3.25,AN3,8A94,2.95,5.89,1.95,5.51,POS,-0.29,1.12,1.56,59
DIST,4,AN0,189B,0.00,0.00,1.95,0.96,AN1,0323,-0.09,6.04,1.95,4.84,AN2,C32D,2.95,0.00,1.95,3.22,AN3,8A94,2.95,5.89,1.95,5.52,POS,-0.30,1.12,1.54,57
DIST,4,AN0,189B,0.00,0.00,1.95,0.94,AN1,0323,-0.09,6.04,1.95,4.85,AN2,C32D,2.95,0.00,1.95,3.21,AN3,8A94,2.95,5.89,1.95,5.58,POS,-0.26,1.10,1.52,65
DIST,3,AN0,189B,0.00,0.00,1.95,0.95,AN1,C32D,2.95,0.00,1.95,3.27,AN2,8A94,2.95,5.89,1.95,5.49,POS,-0.32,1.11,1.50,66
DIST,4,AN0,189B,0.00,0.00,1.95,0.96,AN1,0323,-0.09,6.04,1.95,4.81,AN2,C32D,2.95,0.00,1.95,3.28,AN3,8A94,2.95,5.89,1.95,5.46,POS,-0.37,1.13,1.50,67
DIST,4,AN0,189B,0.00,0.00,1.95,0.97,AN1,0323,-0.09,6.04,1.95,4.85,AN2,C32D,2.95,0.00,1.95,3.19,AN3,8A94,2.95,5.89,1.95,5.52,POS,-0.27,1.10,1.47,69
DIST,4,AN0,189B,0.00,0.00,1.95,0.99,AN1,0323,-0.09,6.04,1.95,4.76,AN2,C32D,2.95,0.00,1.95,3.22,AN3,8A94,2.95,5.89,1.95,5.51,POS,-0.23,1.10,1.48,68
DIST,4,AN0,189B,0.00,0.00,1.95,0.98,AN1,0323,-0.09,6.04,1.95,4.83,AN2,C32D,2.95,0.00,1.95,3.22,AN3,8A94,2.95,5.89,1.95,5.48,POS,-0.26,1.11,1.49,58
DIST,4,AN0,189B,0.00,0.00,1.95,1.00,AN1,0323,-0.09,6.04,1.95,4.83,AN2,C32D,2.95,0.00,1.95,3.22,AN3,8A94,2.95,5.89,1.95,5.49,POS,-0.27,1.12,1.48,56
DIST,4,AN0,189B,0.00,0.00,1.95,1.00,AN1,0323,-0.09,6.04,1.95,4.83,AN2,C32D,2.95,0.00,1.95,3.20,AN3,8A94,2.95,5.89,1.95,5.51,POS,-0.21,1.10,1.45,68
DIST,4,AN0,189B,0.00,0.00,1.95,0.96,AN1,0323,-0.09,6.04,1.95,4.80,AN2,C32D,2.95,0.00,1.95,3.25,AN3,8A94,2.95,5.89,1.95,5.57,POS,-0.20,1.09,1.47,66
DIST,4,AN0,189B,0.00,0.00,1.95,0.98,AN1,0323,-0.09,6.04,1.95,4.85,AN2,C32D,2.95,0.00,1.95,3.21,AN3,8A94,2.95,5.89,1.95,5.52,POS,-0.15,1.08,1.44,68
DIST,4,AN0,189B,0.00,0.00,1.95,0.97,AN1,0323,-0.09,6.04,1.95,4.84,AN2,C32D,2.95,0.00,1.95,3.26,AN3,8A94,2.95,5.89,1.95,5.53,POS,-0.20,1.09,1.46,59
DIST,4,AN0,189B,0.00,0.00,1.95,0.97,AN1,0323,-0.09,6.04,1.95,4.82,AN2,C32D,2.95,0.00,1.95,3.18,AN3,8A94,2.95,5.89,1.95,5.54,POS,-0.17,1.08,1.46,68
DIST,4,AN0,189B,0.00,0.00,1.95,0.99,AN1,0323,-0.09,6.04,1.95,4.82,AN2,C32D,2.95,0.00,1.95,3.17,AN3,8A94,2.95,5.89,1.95,5.44,POS,-0.20,1.10,1.46,59
DIST,4,AN0,189B,0.00,0.00,1.95,1.01,AN1,0323,-0.09,6.04,1.95,4.79,AN2,C32D,2.95,0.00,1.95,3.19,AN3,8A94,2.95,5.89,1.95,5.53,POS,-0.19,1.10,1.45,63
DIST,4,AN0,189B,0.00,0.00,1.95,0.98,AN1,0323,-0.09,6.04,1.95,4.82,AN2,C32D,2.95,0.00,1.95,3.22,AN3,8A94,2.95,5.89,1.95,5.49,POS,-0.22,1.11,1.46,57
DIST,4,AN0,189B,0.00,0.00,1.95,0.98,AN1,0323,-0.09,6.04,1.95,4.80,AN2,C32D,2.95,0.00,1.95,3.20,AN3,8A94,2.95,5.89,1.95,5.52,POS,-0.19,1.10,1.46,68
DIST,4,AN0,189B,0.00,0.00,1.95,0.99,AN1,0323,-0.09,6.04,1.95,4.81,AN2,C32D,2.95,0.00,1.95,3.16,AN3,8A94,2.95,5.89,1.95,5.53,POS,-0.17,1.09,1.45,65
DIST,4,AN0,189B,0.00,0.00,1.95,0.97,AN1,0323,-0.09,6.04,1.95,4.82,AN2,C32D,2.95,0.00,1.95,3.19,AN3,8A94,2.95,5.89,1.95,5.53,POS,-0.15,1.08,1.45,68
DIST,4,AN0,189B,0.00,0.00,1.95,0.96,AN1,0323,-0.09,6.04,1.95,4.82,AN2,C32D,2.95,0.00,1.95,3.26,AN3,8A94,2.95,5.89,1.95,5.50,POS,-0.11,1.07,1.45,72
