DIST,4,AN0,189B,0.00,0.00,1.95,1.08,AN1,C32D,2.95,0.00,1.95,2.97,AN2,0323,-0.09,6.04,1.95,4.79,AN3,8A94,2.95,5.89,1.95,5.41,POS,0.14,1.12,1.50,83
DIST,3,AN0,189B,0.00,0.00,1.95,1.01,AN1,0323,-0.09,6.04,1.95,4.83,AN2,8A94,2.95,5.89,1.95,5.43,POS,0.13,1.10,1.46,84
DIST,4,AN0,189B,0.00,0.00,1.95,1.00,AN1,C32D,2.95,0.00,1.95,2.99,AN2,0323,-0.09,6.04,1.95,4.84,AN3,8A94,2.95,5.89,1.95,5.38,POS,0.10,1.12,1.51,80
DIST,4,AN0,189B,0.00,0.00,1.95,0.98,AN1,C32D,2.95,0.00,1.95,2.98,AN2,0323,-0.09,6.04,1.95,4.84,AN3,8A94,2.95,5.89,1.95,5.42,POS,0.12,1.10,1.48,78
DIST,4,AN0,189B,0.00,0.00,1.95,1.00,AN1,C32D,2.95,0.00,1.95,3.05,AN2,0323,-0.09,6.04,1.95,4.75,AN3,8A94,2.95,5.89,1.95,5.47,POS,0.07,1.10,1.49,72
DIST,4,AN0,189B,0.00,0.00,1.95,1.04,AN1,C32D,2.95,0.00,1.95,3.05,AN2,0323,-0.09,6.04,1.95,4.77,AN3,8A94,2.95,5.89,1.95,5.46,POS,0.04,1.10,1.46,68
DIST,4,AN0,189B,0.00,0.00,1.95,1.03,AN1,C32D,2.95,0.00,1.95,3.05,AN2,0323,-0.09,6.04,1.95,4.79,AN3,8A94,2.95,5.89,1.95,5.42,POS,0.06,1.10,1.44,74
DIST,4,AN0,189B,0.00,0.00,1.95,1.03,AN1,C32D,2.95,0.00,1.95,2.98,AN2,0323,-0.09,6.04,1.95,4.75,AN3,8A94,2.95,5.89,1.95,5.44,POS,0.04,1.10,1.44,73
DIST,4,AN0,189B,0.00,0.00,1.95,0.99,AN1,C32D,2.95,0.00,1.95,3.03,AN2,0323,-0.09,6.04,1.95,4.71,AN3,8A94,2.95,5.89,1.95,5.49,POS,-0.01,1.09,1.48,67
DIST,4,AN0,189B,0.00,0.00,1.95,1.00,AN1,0323,-0.09,6.04,1.95,4.87,AN2,8A94,2.95,5.89,1.95,5.42,AN3,C32D,2.95,0.00,1.95,2.95,POS,0.05,1.07,1.44,76
DIST,4,AN0,189B,0.00,0.00,1.95,0.97,AN1,C32D,2.95,0.00,1.95,2.98,AN2,0323,-0.09,6.04,1.95,4.79,AN3,8A94,2.95,5.89,1.95,5.51,POS,0.03,1.07,1.45,72
DIST,4,AN0,189B,0.00,0.00,1.95,0.99,AN1,C32D,2.95,0.00,1.95,3.03,AN2,0323,-0.09,6.04,1.95,4.83,AN3,8A94,2.95,5.89,1.95,5.48,POS,0.01,1.07,1.44,68
DIST,4,AN0,189B,0.00,0.00,1.95,0.98,AN1,C32D,2.95,0.00,1.95,3.06,AN2,0323,-0.09,6.04,1.95,4.76,AN3,8A94,2.95,5.89,1.95,5.38,POS,-0.02,1.09,1.44,66
DIST,4,AN0,189B,0.00,0.00,1.95,1.04,AN1,0323,-0.09,6.04,1.95,4.80,AN2,8A94,2.95,5.89,1.95,5.46,AN3,C32D,2.95,0.00,1.95,3.02,POS,-0.02,1.09,1.41,68
DIST,4,AN0,189B,0.00,0.00,1.95,0.95,AN1,0323,-0.09,6.04,1.95,4.83,AN2,8A94,2.95,5.89,1.95,5.49,AN3,C32D,2.95,0.00,1.95,3.04,POS,-0.01,1.07,1.42,72
DIST,4,AN0,189B,0.00,0.00,1.95,0.95,AN1,0323,-0.09,6.04,1.95,4.73,AN2,8A94,2.95,5.89,1.95,5.48,AN3,C32D,2.95,0.00,1.95,3.07,POS,-0.04,1.09,1.49,75
DIST,4,AN0,189B,0.00,0.00,1.95,0.92,AN1,0323,-0.09,6.04,1.95,4.82,AN2,8A94,2.95,5.89,1.95,5.51,AN3,C32D,2.95,0.00,1.95,3.06,POS,-0.05,1.07,1.50,71
DIST,4,AN0,189B,0.00,0.00,1.95,0.99,AN1,0323,-0.09,6.04,1.95,4.80,AN2,8A94,2.95,5.89,1.95,5.51,AN3,C32D,2.95,0.00,1.95,3.07,POS,-0.06,1.07,1.48,67
DIST,4,AN0,189B,0.00,0.00,1.95,0.99,AN1,0323,-0.09,6.04,1.95,4.76,AN2,8A94,2.95,5.89,1.95,5.45,AN3,C32D,2.95,0.00,1.95,3.10,POS,-0.05,1.08,1.48,73
DIST,4,AN0,189B,0.00,0.00,1.95,1.00,AN1,0323,-0.09,6.04,1.95,4.75,AN2,8A94,2.95,5.89,1.95,5.42,AN3,C32D,2.95,0.00,1.95,3.12,POS,-0.09,1.10,1.47,62
DIST,4,AN0,189B,0.00,0.00,1.95,1.00,AN1,0323,-0.09,6.04,1.95,4.77,AN2,8A94,2.95,5.89,1.95,5.49,AN3,C32D,2.95,0.00,1.95,3.03,POS,-0.08,1.10,1.46,70
DIST,4,AN0,189B,0.00,0.00,1.95,0.99,AN1,0323,-0.09,6.04,1.95,4.81,AN2,8A94,2.95,5.89,1.95,5.45,AN3,C32D,2.95,0.00,1.95,3.09,POS,-0.04,1.09,1.45,75
DIST,4,AN0,189B,0.00,0.00,1.95,1.00,AN1,0323,-0.09,6.04,1.95,4.79,AN2,8A94,2.95,5.89,1.95,5.43,AN3,C32D,2.95,0.00,1.95,3.04,POS,-0.02,1.09,1.45,74
DIST,4,AN0,189B,0.00,0.00,1.95,1.01,AN1,0323,-0.09,6.04,1.95,4.76,AN2,8A94,2.95,5.89,1.95,5.47,AN3,C32D,2.95,0.00,1.95,3.14,POS,-0.04,1.09,1.45,70
DIST,4,AN0,189B,0.00,0.00,1.95,1.01,AN1,0323,-0.09,6.04,1.95,4.82,AN2,8A94,2.95,5.89,1.95,5.49,AN3,C32D,2.95,0.00,1.95,3.10,POS,-0.04,1.08,1.43,67
DIST,4,AN0,189B,0.00,0.00,1.95,1.02,AN1,0323,-0.09,6.04,1.95,4.77,AN2,8A94,2.95,5.89,1.95,5.47,AN3,C32D,2.95,0.00,1.95,3.02,POS,-0.03,1.09,1.43,71
DIST,4,AN0,189B,0.00,0.00,1.95,0.99,AN1,0323,-0.09,6.04,1.95,4.76,AN2,8A94,2.95,5.89,1.95,5.49,AN3,C32D,2.95,0.00,1.95,3.08,POS,-0.05,1.09,1.45,70
DIST,4,AN0,189B,0.00,0.00,1.95,1.04,AN1,0323,-0.09,6.04,1.95,4.74,AN2,8A94,2.95,5.89,1.95,5.49,AN3,C32D,2.95,0.00,1.95,3.11,POS,-0.07,1.10,1.47,69
DIST,4,AN0,189B,0.00,0.00,1.95,0.97,AN1,0323,-0.09,6.04,1.95,4.74,AN2,8A94,2.95,5.89,1.95,5.48,AN3,C32D,2.95,0.00,1.95,3.06,POS,-0.08,1.10,1.52,75
DIST,4,AN0,189B,0.00,0.00,1.95,1.00,AN1,0323,-0.09,6.04,1.95,4.78,AN2,8A94,2.95,5.89,1.95,5.46,AN3,C32D,2.95,0.00,1.95,3.01,POS,-0.06,1.10,1.50,72
DIST,4,AN0,189B,0.00,0.00,1.95,1.08,AN1,0323,-0.09,6.04,1.95,4.73,AN2,8A94,2.95,5.89,1.95,5.40,AN3,C32D,2.95,0.00,1.95,3.05,POS,-0.05,1.11,1.47,70
DIST,4,AN0,189B,0.00,0.00,1.95,1.06,AN1,0323,-0.09,6.04,1.95,4.74,AN2,8A94,2.95,5.89,1.95,5.42,AN3,C32D,2.95,0.00,1.95,2.99,POS,-0.03,1.11,1.45,72
DIST,4,AN0,189B,0.00,0.00,1.95,1.08,AN1,0323,-0.09,6.04,1.95,4.76,AN2,8A94,2.95,5.89,1.95,5.40,AN3,C32D,2.95,0.00,1.95,3.11,POS,-0.00,1.12,1.42,72
DIST,4,AN0,189B,0.00,0.00,1.95,1.05,AN1,0323,-0.09,6.04,1.95,4.69,AN2,8A94,2.95,5.89,1.95,5.50,AN3,C32D,2.95,0.00,1.95,3.11,POS,-0.04,1.13,1.44,68
DIST,4,AN0,189B,0.00,0.00,1.95,1.01,AN1,0323,-0.09,6.04,1.95,4.71,AN2,8A94,2.95,5.89,1.95,5.51,AN3,C32D,2.95,0.00,1.95,3.03,POS,-0.04,1.13,1.47,75
DIST,4,AN0,189B,0.00,0.00,1.95,0.98,AN1,0323,-0.09,6.04,1.95,4.81,AN2,8A94,2.95,5.89,1.95,5.47,AN3,C32D,2.95,0.00,1.95,3.13,POS,-0.02,1.11,1.46,73
DIST,4,AN0,189B,0.00,0.00,1.95,0.98,AN1,0323,-0.09,6.04,1.95,4.77,AN2,8A94,2.95,5.89,1.95,5.52,AN3,C32D,2.95,0.00,1.95,3.09,POS,-0.05,1.11,1.47,68
DIST,4,AN0,189B,0.00,0.00,1.95,0.97,AN1,0323,-0.09,6.04,1.95,4.73,AN2,8A94,2.95,5.89,1.95,5.49,AN3,C32D,2.95,0.00,1.95,3.05,POS,-0.06,1.11,1.51,74
DIST,4,AN0,189B,0.00,0.00,1.95,0.95,AN1,0323,-0.09,6.04,1.95,4.82,AN2,8A94,2.95,5.89,1.95,5.54,AN3,C32D,2.95,0.00,1.95,3.11,POS,-0.08,1.09,1.50,66
DIST,4,AN0,189B,0.00,0.00,1.95,0.96,AN1,0323,-0.09,6.04,1.95,4.72,AN2,8A94,2.95,5.89,1.95,5.50,AN3,C32D,2.95,0.00,1.95,3.10,POS,-0.10,1.10,1.56,73
DIST,4,AN0,189B,0.00,0.00,1.95,0.96,AN1,0323,-0.09,6.04,1.95,4.80,AN2,C32D,2.95,0.00,1.95,3.13,AN3,8A94,2.95,5.89,1.95,5.46,POS,-0.13,1.11,1.53,61
DIST,4,AN0,189B,0.00,0.00,1.95,0.97,AN1,0323,-0.09,6.04,1.95,4.76,AN2,C32D,2.95,0.00,1.95,3.04,AN3,8A94,2.95,5.89,1.95,5.47,POS,-0.11,1.11,1.54,73
DIST,4,AN0,189B,0.00,0.00,1.95,1.00,AN1,0323,-0.09,6.04,1.95,4.70,AN2,C32D,2.95,0.00,1.95,3.05,AN3,8A94,2.95,5.89,1.95,5.49,POS,-0.13,1.09,1.56,66
DIST,4,AN0,189B,0.00,0.00,1.95,1.01,AN1,0323,-0.09,6.04,1.95,4.78,AN2,C32D,2.95,0.00,1.95,3.09,AN3,8A94,2.95,5.89,1.95,5.42,POS,-0.08,1.09,1.53,76
DIST,4,AN0,189B,0.00,0.00,1.95,0.98,AN1,0323,-0.09,6.04,1.95,4.74,AN2,8A94,2.95,5.89,1.95,5.47,AN3,C32D,2.95,0.00,1.95,3.07,POS,-0.08,1.10,1.54,73
DIST,4,AN0,189B,0.00,0.00,1.95,1.03,AN1,0323,-0.09,6.04,1.95,4.76,AN2,8A94,2.95,5.89,1.95,5.46,AN3,C32D,2.95,0.00,1.95,3.07,POS,-0.08,1.10,1.51,69
DIST,4,AN0,189B,0.00,0.00,1.95,1.03,AN1,0323,-0.09,6.04,1.95,4.72,AN2,8A94,2.95,5.89,1.95,5.47,AN3,C32D,2.95,0.00,1.95,3.06,POS,-0.08,1.11,1.51,71
DIST,4,AN0,189B,0.00,0.00,1.95,1.00,AN1,0323,-0.09,6.04,1.95,4.77,AN2,8A94,2.95,5.89,1.95,5.49,AN3,C32D,2.95,0.00,1.95,3.01,POS,-0.07,1.11,1.50,71
DIST,4,AN0,189B,0.00,0.00,1.95,1.00,AN1,0323,-0.09,6.04,1.95,4.76,AN2,8A94,2.95,5.89,1.95,5.53,AN3,C32D,2.95,0.00,1.95,3.08,POS,-0.09,1.11,1.49,67
DIST,4,AN0,189B,0.00,0.00,1.95,0.99,AN1,0323,-0.09,6.04,1.95,4.73,AN2,8A94,2.95,5.89,1.95,5.51,AN3,C32D,2.95,0.00,1.95,3.17,POS,-0.11,1.11,1.52,67
DIST,4,AN0,189B,0.00,0.00,1.95,0.97,AN1,0323,-0.09,6.04,1.95,4.75,AN2,C32D,2.95,0.00,1.95,3.10,AN3,8A94,2.95,5.89,1.95,5.47,POS,-0.11,1.11,1.53,72
DIST,4,AN0,189B,0.00,0.00,1.95,0.97,AN1,0323,-0.09,6.04,1.95,4.75,AN2,C32D,2.95,0.00,1.95,3.10,AN3,8A94,2.95,5.89,1.95,5.45,POS,-0.10,1.11,1.54,73
DIST,4,AN0,189B,0.00,0.00,1.95,0.97,AN1,0323,-0.09,6.04,1.95,4.78,AN2,C32D,2.95,0.00,1.95,3.12,AN3,8A94,2.95,5.89,1.95,5.47,POS,-0.09,1.10,1.54,72
DIST,4,AN0,189B,0.00,0.00,1.95,0.96,AN1,0323,-0.09,6.04,1.95,4.82,AN2,C32D,2.95,0.00,1.95,3.10,AN3,8A94,2.95,5.89,1.95,5.47,POS,-0.06,1.09,1.52,75
DIST,4,AN0,189B,0.00,0.00,1.95,0.97,AN1,0323,-0.09,6.04,1.95,4.77,AN2,8A94,2.95,5.89,1.95,5.52,AN3,C32D,2.95,0.00,1.95,3.08,POS,-0.07,1.09,1.55,72
DIST,4,AN0,189B,0.00,0.00,1.95,1.01,AN1,0323,-0.09,6.04,1.95,4.73,AN2,8A94,2.95,5.89,1.95,5.53,AN3,C32D,2.95,0.00,1.95,3.10,POS,-0.09,1.10,1.55,68
DIST,4,AN0,189B,0.00,0.00,1.95,1.01,AN1,0323,-0.09,6.04,1.95,4.77,AN2,C32D,2.95,0.00,1.95,3.04,AN3,8A94,2.95,5.89,1.95,5.43,POS,-0.06,1.10,1.52,73
DIST,4,AN0,189B,0.00,0.00,1.95,0.97,AN1,0323,-0.09,6.04,1.95,4.73,AN2,8A94,2.95,5.89,1.95,5.50,AN3,C32D,2.95,0.00,1.95,3.05,POS,-0.08,1.10,1.54,73
DIST,4,AN0,189B,0.00,0.00,1.95,0.99,AN1,0323,-0.09,6.04,1.95,4.76,AN2,8A94,2.95,5.89,1.95,5.49,AN3,C32D,2.95,0.00,1.95,3.08,POS,-0.08,1.10,1.53,70
DIST,4,AN0,189B,0.00,0.00,1.95,0.97,AN1,0323,-0.09,6.04,1.95,4.80,AN2,8A94,2.95,5.89,1.95,5.49,AN3,C32D,2.95,0.00,1.95,3.10,POS,-0.07,1.09,1.51,70
DIST,4,AN0,189B,0.00,0.00,1.95,0.95,AN1,0323,-0.09,6.04,1.95,4.78,AN2,8A94,2.95,5.89,1.95,5.49,AN3,C32D,2.95,0.00,1.95,3.12,POS,-0.08,1.09,1.52,72
DIST,4,AN0,189B,0.00,0.00,1.95,0.98,AN1,0323,-0.09,6.04,1.95,4.82,AN2,8A94,2.95,5.89,1.95,5.51,AN3,C32D,2.95,0.00,1.95,3.18,POS,-0.07,1.08,1.50,69
DIST,4,AN0,189B,0.00,0.00,1.95,1.02,AN1,0323,-0.09,6.04,1.95,4.81,AN2,8A94,2.95,5.89,1.95,5.43,AN3,C32D,2.95,0.00,1.95,3.03,POS,-0.04,1.08,1.46,72
DIST,4,AN0,189B,0.00,0.00,1.95,0.97,AN1,0323,-0.09,6.04,1.95,4.83,AN2,8A94,2.95,5.89,1.95,5.48,AN3,C32D,2.95,0.00,1.95,3.07,POS,-0.03,1.07,1.45,70
DIST,4,AN0,189B,0.00,0.00,1.95,1.02,AN1,0323,-0.09,6.04,1.95,4.82,AN2,8A94,2.95,5.89,1.95,5.43,AN3,C32D,2.95,0.00,1.95,3.15,POS,-0.07,1.10,1.56,74
DIST,4,AN0,189B,0.00,0.00,1.95,0.99,AN1,0323,-0.09,6.04,1.95,4.85,AN2,8A94,2.95,5.89,1.95,5.52,AN3,C32D,2.95,0.00,1.95,3.01,POS,-0.04,1.10,1.65,84
DIST,4,AN0,189B,0.00,0.00,1.95,0.95,AN1,0323,-0.09,6.04,1.95,4.81,AN2,8A94,2.95,5.89,1.95,5.49,AN3,C32D,2.95,0.00,1.95,3.18,POS,-0.10,1.11,1.62,60
DIST,4,AN0,189B,0.00,0.00,1.95,0.92,AN1,0323,-0.09,6.04,1.95,4.83,AN2,C32D,2.95,0.00,1.95,3.18,AN3,8A94,2.95,5.89,1.95,5.48,POS,-0.06,1.09,1.59,77
DIST,4,AN0,189B,0.00,0.00,1.95,0.96,AN1,0323,-0.09,6.04,1.95,4.84,AN2,8A94,2.95,5.89,1.95,5.50,AN3,C32D,2.95,0.00,1.95,3.16,POS,-0.11,1.09,1.55,58
DIST,4,AN0,189B,0.00,0.00,1.95,0.99,AN1,0323,-0.09,6.04,1.95,4.79,AN2,C32D,2.95,0.00,1.95,3.19,AN3,8A94,2.95,5.89,1.95,5.49,POS,-0.10,1.09,1.52,70
DIST,4,AN0,189B,0.00,0.00,1.95,1.00,AN1,0323,-0.09,6.04,1.95,4.81,AN2,C32D,2.95,0.00,1.95,3.21,AN3,8A94,2.95,5.89,1.95,5.55,POS,-0.10,1.08,1.49,65
DIST,4,AN0,189B,0.00,0.00,1.95,0.94,AN1,0323,-0.09,6.04,1.95,4.79,AN2,C32D,2.95,0.00,1.95,3.11,AN3,8A94,2.95,5.89,1.95,5.52,POS,-0.11,1.08,1.51,69
DIST,4,AN0,189B,0.00,0.00,1.95,0.95,AN1,0323,-0.09,6.04,1.95,4.87,AN2,C32D,2.95,0.00,1.95,3.18,AN3,8A94,2.95,5.89,1.95,5.48,POS,-0.16,1.09,1.52,58
DIST,4,AN0,189B,0.00,0.00,1.95,1.00,AN1,0323,-0.09,6.04,1.95,4.83,AN2,C32D,2.95,0.00,1.95,3.14,AN3,8A94,2.95,5.89,1.95,5.39,POS,-0.18,1.12,1.52,63
DIST,4,AN0,189B,0.00,0.00,1.95,1.01,AN1,0323,-0.09,6.04,1.95,4.80,AN2,C32D,2.95,0.00,1.95,3.11,AN3,8A94,2.95,5.89,1.95,5.47,POS,-0.14,1.11,1.48,69
DIST,4,AN0,189B,0.00,0.00,1.95,0.98,AN1,0323,-0.09,6.04,1.95,4.81,AN2,C32D,2.95,0.00,1.95,3.10,AN3,8A94,2.95,5.89,1.95,5.42,POS,-0.15,1.12,1.47,63
DIST,4,AN0,189B,0.00,0.00,1.95,1.03,AN1,0323,-0.09,6.04,1.95,4.74,AN2,C32D,2.95,0.00,1.95,3.06,AN3,8A94,2.95,5.89,1.95,5.39,POS,-0.10,1.12,1.47,76
DIST,4,AN0,189B,0.00,0.00,1.95,0.98,AN1,0323,-0.09,6.04,1.95,4.74,AN2,C32D,2.95,0.00,1.95,3.00,AN3,8A94,2.95,5.89,1.95,5.31,POS,-0.09,1.14,1.48,73
DIST,4,AN0,189B,0.00,0.00,1.95,1.08,AN1,0323,-0.09,6.04,1.95,4.75,AN2,C32D,2.95,0.00,1.95,2.87,AN3,8A94,2.95,5.89,1.95,5.31,POS,-0.02,1.14,1.45,78
DIST,4,AN0,189B,0.00,0.00,1.95,1.09,AN1,0323,-0.09,6.04,1.95,4.84,AN2,8A94,2.95,5.89,1.95,5.30,AN3,C32D,2.95,0.00,1.95,2.81,POS,0.08,1.12,1.42,72
DIST,4,AN0,189B,0.00,0.00,1.95,1.09,AN1,C32D,2.95,0.00,1.95,2.65,AN2,0323,-0.09,6.04,1.95,4.86,AN3,8A94,2.95,5.89,1.95,5.34,POS,0.16,1.11,1.48,83
DIST,4,AN0,189B,0.00,0.00,1.95,1.10,AN1,C32D,2.95,0.00,1.95,2.46,AN2,0323,-0.09,6.04,1.95,4.79,AN3,8A94,2.95,5.89,1.95,5.24,POS,0.22,1.08,1.50,79
DIST,4,AN0,189B,0.00,0.00,1.95,1.15,AN1,C32D,2.95,0.00,1.95,2.37,AN2,0323,-0.09,6.04,1.95,4.78,AN3,8A94,2.95,5.89,1.95,5.12,POS,0.33,1.09,1.53,74
DIST,4,AN0,189B,0.00,0.00,1.95,1.26,AN1,C32D,2.95,0.00,1.95,2.27,AN2,0323,-0.09,6.04,1.95,4.84,AN3,8A94,2.95,5.89,1.95,5.09,POS,0.44,1.09,1.50,61
DIST,4,AN0,189B,0.00,0.00,1.95,1.36,AN1,C32D,2.95,0.00,1.95,2.14,AN2,0323,-0.09,6.04,1.95,4.81,AN3,8A94,2.95,5.89,1.95,5.05,POS,0.52,1.07,1.53,65
DIST,4,AN0,189B,0.00,0.00,1.95,1.45,AN1,C32D,2.95,0.00,1.95,1.97,AN2,0323,-0.09,6.04,1.95,4.85,AN3,8A94,2.95,5.89,1.95,5.04,POS,0.68,1.09,1.56,70
DIST,4,AN0,189B,0.00,0.00,1.95,1.43,AN1,C32D,2.95,0.00,1.95,1.94,AN2,0323,-0.09,6.04,1.95,4.89,AN3,8A94,2.95,5.89,1.95,4.92,POS,0.79,1.10,1.60,70
DIST,4,AN0,189B,0.00,0.00,1.95,1.53,AN1,C32D,2.95,0.00,1.95,1.84,AN2,0323,-0.09,6.04,1.95,5.05,AN3,8A94,2.95,5.89,1.95,4.99,POS,0.91,1.07,1.54,65
DIST,4,AN0,189B,0.00,0.00,1.95,1.63,AN1,C32D,2.95,0.00,1.95,1.65,AN2,0323,-0.09,6.04,1.95,5.10,AN3,8A94,2.95,5.89,1.95,4.99,POS,1.02,1.04,1.62,72
DIST,4,AN0,189B,0.00,0.00,1.95,1.64,AN1,C32D,2.95,0.00,1.95,1.70,AN2,0323,-0.09,6.04,1.95,5.09,AN3,8A94,2.95,5.89,1.95,5.01,POS,1.13,1.03,1.56,70
DIST,4,AN0,189B,0.00,0.00,1.95,1.65,AN1,C32D,2.95,0.00,1.95,1.69,AN2,0323,-0.09,6.04,1.95,5.09,AN3,8A94,2.95,5.89,1.95,5.01,POS,1.21,1.03,1.52,71
DIST,4,AN0,189B,0.00,0.00,1.95,1.62,AN1,C32D,2.95,0.00,1.95,1.66,AN2,8A94,2.95,5.89,1.95,4.97,AN3,0323,-0.09,6.04,1.95,5.10,POS,1.27,1.01,1.53,72
DIST,4,AN0,189B,0.00,0.00,1.95,1.67,AN1,C32D,2.95,0.00,1.95,1.62,AN2,8A94,2.95,5.89,1.95,5.01,AN3,0323,-0.09,6.04,1.95,5.00,POS,1.33,1.04,1.59,78
DIST,4,AN0,189B,0.00,0.00,1.95,1.67,AN1,C32D,2.95,0.00,1.95,1.63,AN2,8A94,2.95,5.89,1.95,4.95,AN3,0323,-0.09,6.04,1.95,4.96,POS,1.29,0.99,1.55,59
DIST,4,AN0,189B,0.00,0.00,1.95,1.65,AN1,C32D,2.95,0.00,1.95,1.67,AN2,8A94,2.95,5.89,1.95,4.97,AN3,0323,-0.09,6.04,1.95,5.04,POS,1.30,0.97,1.50,63
DIST,3,AN0,189B,0.00,0.00,1.95,1.67,AN1,C32D,2.95,0.00,1.95,1.68,AN2,8A94,2.95,5.89,1.95,5.02,POS,1.34,0.96,1.45,64
DIST,4,AN0,189B,0.00,0.00,1.95,1.66,AN1,C32D,2.95,0.00,1.95,1.66,AN2,8A94,2.95,5.89,1.95,4.95,AN3,0323,-0.09,6.04,1.95,5.06,POS,1.37,0.98,1.46,74
DIST,4,AN0,189B,0.00,0.00,1.95,1.66,AN1,C32D,2.95,0.00,1.95,1.67,AN2,8A94,2.95,5.89,1.95,5.01,AN3,0323,-0.09,6.04,1.95,5.00,POS,1.40,1.01,1.49,77
DIST,4,AN0,189B,0.00,0.00,1.95,1.62,AN1,C32D,2.95,0.00,1.95,1.72,AN2,8A94,2.95,5.89,1.95,4.97,AN3,0323,-0.09,6.04,1.95,5.06,POS,1.40,1.01,1.47,70
DIST,4,AN0,189B,0.00,0.00,1.95,1.67,AN1,C32D,2.95,0.00,1.95,1.68,AN2,8A94,2.95,5.89,1.95,5.03,AN3,0323,-0.09,6.04,1.95,5.03,POS,1.42,1.03,1.48,75
DIST,4,AN0,189B,0.00,0.00,1.95,1.63,AN1,C32D,2.95,0.00,1.95,1.71,AN2,8A94,2.95,5.89,1.95,4.94,AN3,0323,-0.09,6.04,1.95,5.04,POS,1.42,1.03,1.48,73
DIST,4,AN0,189B,0.00,0.00,1.95,1.63,AN1,C32D,2.95,0.00,1.95,1.71,AN2,8A94,2.95,5.89,1.95,5.02,AN3,0323,-0.09,6.04,1.95,5.03,POS,1.36,1.00,1.48,61
DIST,4,AN0,189B,0.00,0.00,1.95,1.63,AN1,C32D,2.95,0.00,1.95,1.72,AN2,8A94,2.95,5.89,1.95,4.96,AN3,0323,-0.09,6.04,1.95,5.03,POS,1.38,1.01,1.48,72
DIST,4,AN0,189B,0.00,0.00,1.95,1.66,AN1,C32D,2.95,0.00,1.95,1.74,AN2,8A94,2.95,5.89,1.95,4.95,AN3,0323,-0.09,6.04,1.95,5.02,POS,1.39,1.03,1.46,72
DIST,4,AN0,189B,0.00,0.00,1.95,1.63,AN1,C32D,2.95,0.00,1.95,1.72,AN2,8A94,2.95,5.89,1.95,4.94,AN3,0323,-0.09,6.04,1.95,4.97,POS,1.35,1.01,1.46,64
DIST,4,AN0,189B,0.00,0.00,1.95,1.66,AN1,C32D,2.95,0.00,1.95,1.71,AN2,8A94,2.95,5.89,1.95,5.00,AN3,0323,-0.09,6.04,1.95,5.03,POS,1.32,0.98,1.46,62
DIST,4,AN0,189B,0.00,0.00,1.95,1.64,AN1,C32D,2.95,0.00,1.95,1.65,AN2,8A94,2.95,5.89,1.95,4.96,AN3,0323,-0.09,6.04,1.95,5.00,POS,1.36,1.01,1.52,79
DIST,4,AN0,189B,0.00,0.00,1.95,1.64,AN1,C32D,2.95,0.00,1.95,1.70,AN2,8A94,2.95,5.89,1.95,4.95,AN3,0323,-0.09,6.04,1.95,5.00,POS,1.33,0.99,1.50,64
DIST,4,AN0,189B,0.00,0.00,1.95,1.64,AN1,C32D,2.95,0.00,1.95,1.73,AN2,8A94,2.95,5.89,1.95,5.02,AN3,0323,-0.09,6.04,1.95,5.02,POS,1.36,1.01,1.49,73
DIST,4,AN0,189B,0.00,0.00,1.95,1.56,AN1,C32D,2.95,0.00,1.95,1.66,AN2,8A94,2.95,5.89,1.95,4.94,AN3,0323,-0.09,6.04,1.95,4.99,POS,1.33,0.99,1.52,66
DIST,4,AN0,189B,0.00,0.00,1.95,1.65,AN1,C32D,2.95,0.00,1.95,1.74,AN2,8A94,2.95,5.89,1.95,4.97,AN3,0323,-0.09,6.04,1.95,4.99,POS,1.31,0.98,1.48,62
DIST,4,AN0,189B,0.00,0.00,1.95,1.56,AN1,C32D,2.95,0.00,1.95,1.76,AN2,8A94,2.95,5.89,1.95,4.94,AN3,0323,-0.09,6.04,1.95,4.97,POS,1.29,0.98,1.45,63
DIST,4,AN0,189B,0.00,0.00,1.95,1.64,AN1,C32D,2.95,0.00,1.95,1.68,AN2,8A94,2.95,5.89,1.95,5.01,AN3,0323,-0.09,6.04,1.95,4.97,POS,1.33,1.01,1.51,79
DIST,4,AN0,189B,0.00,0.00,1.95,1.62,AN1,C32D,2.95,0.00,1.95,1.70,AN2,8A94,2.95,5.89,1.95,4.90,AN3,0323,-0.09,6.04,1.95,5.00,POS,1.35,1.03,1.53,75
DIST,4,AN0,189B,0.00,0.00,1.95,1.64,AN1,C32D,2.95,0.00,1.95,1.69,AN2,8A94,2.95,5.89,1.95,4.96,AN3,0323,-0.09,6.04,1.95,4.96,POS,1.31,0.99,1.47,56
DIST,4,AN0,189B,0.00,0.00,1.95,1.67,AN1,C32D,2.95,0.00,1.95,1.69,AN2,8A94,2.95,5.89,1.95,4.97,AN3,0323,-0.09,6.04,1.95,5.01,POS,1.29,0.97,1.47,64
DIST,4,AN0,189B,0.00,0.00,1.95,1.68,AN1,C32D,2.95,0.00,1.95,1.69,AN2,8A94,2.95,5.89,1.95,4.91,AN3,0323,-0.09,6.04,1.95,4.98,POS,1.30,0.97,1.45,65
DIST,4,AN0,189B,0.00,0.00,1.95,1.69,AN1,C32D,2.95,0.00,1.95,1.62,AN2,8A94,2.95,5.89,1.95,4.95,AN3,0323,-0.09,6.04,1.95,4.99,POS,1.29,0.95,1.41,58
DIST,4,AN0,189B,0.00,0.00,1.95,1.75,AN1,C32D,2.95,0.00,1.95,1.64,AN2,8A94,2.95,5.89,1.95,4.84,AN3,0323,-0.09,6.04,1.95,5.00,POS,1.35,0.99,1.44,75
DIST,4,AN0,189B,0.00,0.00,1.95,1.82,AN1,C32D,2.95,0.00,1.95,1.63,AN2,8A94,2.95,5.89,1.95,4.86,AN3,0323,-0.09,6.04,1.95,4.98,POS,1.36,0.99,1.44,69
DIST,4,AN0,189B,0.00,0.00,1.95,1.88,AN1,C32D,2.95,0.00,1.95,1.58,AN2,8A94,2.95,5.89,1.95,4.81,AN3,0323,-0.09,6.04,1.95,4.98,POS,1.39,1.00,1.42,70
DIST,4,AN0,189B,0.00,0.00,1.95,1.95,AN1,C32D,2.95,0.00,1.95,1.54,AN2,8A94,2.95,5.89,1.95,4.82,AN3,0323,-0.09,6.04,1.95,5.03,POS,1.43,1.00,1.40,67
DIST,4,AN0,189B,0.00,0.00,1.95,2.10,AN1,C32D,2.95,0.00,1.95,1.36,AN2,8A94,2.95,5.89,1.95,4.87,AN3,0323,-0.09,6.04,1.95,5.09,POS,1.56,1.04,1.47,66
DIST,4,AN0,C32D,2.95,0.00,1.95,1.27,AN1,189B,0.00,0.00,1.95,2.18,AN2,8A94,2.95,5.89,1.95,4.84,AN3,0323,-0.09,6.04,1.95,5.12,POS,1.69,1.08,1.58,67
DIST,4,AN0,C32D,2.95,0.00,1.95,1.23,AN1,189B,0.00,0.00,1.95,2.28,AN2,8A94,2.95,5.89,1.95,4.83,AN3,0323,-0.09,6.04,1.95,5.21,POS,1.81,1.09,1.57,66
DIST,4,AN0,C32D,2.95,0.00,1.95,1.14,AN1,189B,0.00,0.00,1.95,2.40,AN2,8A94,2.95,5.89,1.95,4.80,AN3,0323,-0.09,6.04,1.95,5.27,POS,1.94,1.10,1.59,76
DIST,4,AN0,C32D,2.95,0.00,1.95,1.09,AN1,189B,0.00,0.00,1.95,2.57,AN2,8A94,2.95,5.89,1.95,4.81,AN3,0323,-0.09,6.04,1.95,5.34,POS,2.07,1.12,1.59,81
DIST,4,AN0,C32D,2.95,0.00,1.95,1.08,AN1,189B,0.00,0.00,1.95,2.66,AN2,8A94,2.95,5.89,1.95,4.71,AN3,0323,-0.09,6.04,1.95,5.38,POS,2.20,1.13,1.58,83
DIST,4,AN0,C32D,2.95,0.00,1.95,1.03,AN1,189B,0.00,0.00,1.95,2.74,AN2,8A94,2.95,5.89,1.95,4.70,AN3,0323,-0.09,6.04,1.95,5.41,POS,2.32,1.14,1.60,84
DIST,4,AN0,C32D,2.95,0.00,1.95,0.98,AN1,189B,0.00,0.00,1.95,2.81,AN2,8A94,2.95,5.89,1.95,4.75,AN3,0323,-0.09,6.04,1.95,5.46,POS,2.42,1.14,1.65,84
DIST,4,AN0,C32D,2.95,0.00,1.95,0.96,AN1,189B,0.00,0.00,1.95,2.87,AN2,8A94,2.95,5.89,1.95,4.80,AN3,0323,-0.09,6.04,1.95,5.54,POS,2.52,1.14,1.65,84
DIST,4,AN0,C32D,2.95,0.00,1.95,0.91,AN1,189B,0.00,0.00,1.95,2.95,AN2,8A94,2.95,5.89,1.95,4.83,AN3,0323,-0.09,6.04,1.95,5.67,POS,2.63,1.11,1.62,76
DIST,4,AN0,C32D,2.95,0.00,1.95,0.92,AN1,189B,0.00,0.00,1.95,2.97,AN2,8A94,2.95,5.89,1.95,4.79,AN3,0323,-0.09,6.04,1.95,5.71,POS,2.68,1.08,1.68,85
DIST,4,AN0,C32D,2.95,0.00,1.95,0.92,AN1,189B,0.00,0.00,1.95,3.05,AN2,8A94,2.95,5.89,1.95,4.80,AN3,0323,-0.09,6.04,1.95,5.51,POS,2.79,1.11,1.72,73
DIST,4,AN0,C32D,2.95,0.00,1.95,0.93,AN1,189B,0.00,0.00,1.95,2.98,AN2,8A94,2.95,5.89,1.95,4.70,AN3,0323,-0.09,6.04,1.95,5.66,POS,2.83,1.09,1.66,73
DIST,4,AN0,C32D,2.95,0.00,1.95,0.94,AN1,189B,0.00,0.00,1.95,3.07,AN2,8A94,2.95,5.89,1.95,4.81,AN3,0323,-0.09,6.04,1.95,5.67,POS,2.88,1.09,1.66,76
DIST,4,AN0,C32D,2.95,0.00,1.95,0.97,AN1,189B,0.00,0.00,1.95,3.03,AN2,8A94,2.95,5.89,1.95,4.75,AN3,0323,-0.09,6.04,1.95,5.61,POS,2.90,1.10,1.66,79
DIST,4,AN0,C32D,2.95,0.00,1.95,0.92,AN1,189B,0.00,0.00,1.95,3.07,AN2,8A94,2.95,5.89,1.95,4.78,AN3,0323,-0.09,6.04,1.95,5.65,POS,2.97,1.10,1.60,60
DIST,4,AN0,C32D,2.95,0.00,1.95,0.97,AN1,8A94,2.95,5.89,1.95,4.77,AN2,189B,0.00,0.00,1.95,3.01,AN3,0323,-0.09,6.04,1.95,5.73,POS,2.95,1.08,1.62,83
DIST,4,AN0,C32D,2.95,0.00,1.95,0.99,AN1,8A94,2.95,5.89,1.95,4.76,AN2,189B,0.00,0.00,1.95,3.07,AN3,0323,-0.09,6.04,1.95,5.60,POS,2.97,1.10,1.64,76
DIST,4,AN0,C32D,2.95,0.00,1.95,0.92,AN1,8A94,2.95,5.89,1.95,4.77,AN2,189B,0.00,0.00,1.95,3.07,AN3,0323,-0.09,6.04,1.95,5.64,POS,3.02,1.10,1.59,61
DIST,4,AN0,C32D,2.95,0.00,1.95,0.94,AN1,8A94,2.95,5.89,1.95,4.80,AN2,189B,0.00,0.00,1.95,3.07,AN3,0323,-0.09,6.04,1.95,5.60,POS,3.05,1.11,1.56,64
DIST,4,AN0,C32D,2.95,0.00,1.95,0.94,AN1,8A94,2.95,5.89,1.95,4.83,AN2,189B,0.00,0.00,1.95,3.02,AN3,0323,-0.09,6.04,1.95,5.58,POS,3.06,1.11,1.53,65
DIST,4,AN0,C32D,2.95,0.00,1.95,0.94,AN1,8A94,2.95,5.89,1.95,4.77,AN2,189B,0.00,0.00,1.95,3.04,AN3,0323,-0.09,6.04,1.95,5.63,POS,3.04,1.11,1.60,81
DIST,4,AN0,C32D,2.95,0.00,1.95,0.96,AN1,8A94,2.95,5.89,1.95,4.78,AN2,189B,0.00,0.00,1.95,3.01,AN3,0323,-0.09,6.04,1.95,5.64,POS,3.02,1.11,1.60,77
DIST,4,AN0,C32D,2.95,0.00,1.95,0.96,AN1,8A94,2.95,5.89,1.95,4.78,AN2,189B,0.00,0.00,1.95,3.01,AN3,0323,-0.09,6.04,1.95,5.61,POS,3.01,1.11,1.62,80
DIST,4,AN0,C32D,2.95,0.00,1.95,0.95,AN1,8A94,2.95,5.89,1.95,4.74,AN2,189B,0.00,0.00,1.95,3.05,AN3,0323,-0.09,6.04,1.95,5.60,POS,3.03,1.11,1.56,63
DIST,4,AN0,C32D,2.95,0.00,1.95,0.90,AN1,8A94,2.95,5.89,1.95,4.75,AN2,189B,0.00,0.00,1.95,3.01,AN3,0323,-0.09,6.04,1.95,5.58,POS,3.05,1.11,1.55,68
DIST,4,AN0,C32D,2.95,0.00,1.95,0.96,AN1,8A94,2.95,5.89,1.95,4.77,AN2,189B,0.00,0.00,1.95,2.98,AN3,0323,-0.09,6.04,1.95,5.67,POS,2.98,1.09,1.61,84
DIST,4,AN0,C32D,2.95,0.00,1.95,1.01,AN1,8A94,2.95,5.89,1.95,4.76,AN2,189B,0.00,0.00,1.95,3.04,AN3,0323,-0.09,6.04,1.95,5.54,POS,3.00,1.11,1.55,64
DIST,4,AN0,C32D,2.95,0.00,1.95,0.91,AN1,8A94,2.95,5.89,1.95,4.78,AN2,189B,0.00,0.00,1.95,3.04,AN3,0323,-0.09,6.04,1.95,5.63,POS,3.03,1.10,1.52,63
DIST,4,AN0,C32D,2.95,0.00,1.95,1.01,AN1,8A94,2.95,5.89,1.95,4.75,AN2,189B,0.00,0.00,1.95,3.04,AN3,0323,-0.09,6.04,1.95,5.64,POS,3.02,1.10,1.51,71
DIST,4,AN0,C32D,2.95,0.00,1.95,0.96,AN1,8A94,2.95,5.89,1.95,4.74,AN2,189B,0.00,0.00,1.95,3.10,AN3,0323,-0.09,6.04,1.95,5.69,POS,2.98,1.09,1.61,85
DIST,4,AN0,C32D,2.95,0.00,1.95,1.01,AN1,8A94,2.95,5.89,1.95,4.73,AN2,189B,0.00,0.00,1.95,3.11,AN3,0323,-0.09,6.04,1.95,5.66,POS,3.01,1.10,1.59,69
DIST,4,AN0,C32D,2.95,0.00,1.95,0.91,AN1,8A94,2.95,5.89,1.95,4.78,AN2,189B,0.00,0.00,1.95,3.19,AN3,0323,-0.09,6.04,1.95,5.70,POS,3.08,1.10,1.58,58
DIST,4,AN0,C32D,2.95,0.00,1.95,0.90,AN1,8A94,2.95,5.89,1.95,4.92,AN2,189B,0.00,0.00,1.95,3.13,AN3,0323,-0.09,6.04,1.95,5.77,POS,3.09,1.08,1.59,66
DIST,4,AN0,C32D,2.95,0.00,1.95,0.96,AN1,8A94,2.95,5.89,1.95,4.91,AN2,189B,0.00,0.00,1.95,3.09,AN3,0323,-0.09,6.04,1.95,5.86,POS,3.05,1.04,1.54,70
DIST,4,AN0,C32D,2.95,0.00,1.95,0.94,AN1,8A94,2.95,5.89,1.95,4.93,AN2,189B,0.00,0.00,1.95,3.09,AN3,0323,-0.09,6.04,1.95,5.79,POS,3.05,1.03,1.51,64
DIST,4,AN0,C32D,2.95,0.00,1.95,0.98,AN1,8A94,2.95,5.89,1.95,4.96,AN2,189B,0.00,0.00,1.95,3.02,AN3,0323,-0.09,6.04,1.95,5.86,POS,2.99,1.01,1.55,85
DIST,4,AN0,C32D,2.95,0.00,1.95,1.03,AN1,8A94,2.95,5.89,1.95,4.90,AN2,189B,0.00,0.00,1.95,2.99,AN3,0323,-0.09,6.04,1.95,5.75,POS,2.96,1.01,1.54,77
DIST,4,AN0,C32D,2.95,0.00,1.95,0.98,AN1,8A94,2.95,5.89,1.95,4.83,AN2,189B,0.00,0.00,1.95,2.89,AN3,0323,-0.09,6.04,1.95,5.62,POS,2.93,1.02,1.51,77
DIST,4,AN0,C32D,2.95,0.00,1.95,1.07,AN1,189B,0.00,0.00,1.95,2.96,AN2,8A94,2.95,5.89,1.95,4.81,AN3,0323,-0.09,6.04,1.95,5.73,POS,2.90,1.02,1.47,75
DIST,4,AN0,C32D,2.95,0.00,1.95,1.06,AN1,189B,0.00,0.00,1.95,2.95,AN2,8A94,2.95,5.89,1.95,4.81,AN3,0323,-0.09,6.04,1.95,5.66,POS,2.88,1.04,1.49,83
DIST,4,AN0,C32D,2.95,0.00,1.95,1.05,AN1,189B,0.00,0.00,1.95,3.02,AN2,8A94,2.95,5.89,1.95,4.83,AN3,0323,-0.09,6.04,1.95,5.77,POS,2.88,1.02,1.46,71
DIST,4,AN0,C32D,2.95,0.00,1.95,1.06,AN1,189B,0.00,0.00,1.95,3.08,AN2,8A94,2.95,5.89,1.95,4.85,AN3,0323,-0.09,6.04,1.95,5.73,POS,2.90,1.04,1.48,76
DIST,4,AN0,C32D,2.95,0.00,1.95,1.01,AN1,189B,0.00,0.00,1.95,3.05,AN2,8A94,2.95,5.89,1.95,4.81,AN3,0323,-0.09,6.04,1.95,5.66,POS,2.92,1.05,1.47,71
DIST,4,AN0,C32D,2.95,0.00,1.95,1.05,AN1,189B,0.00,0.00,1.95,3.02,AN2,8A94,2.95,5.89,1.95,4.83,AN3,0323,-0.09,6.04,1.95,5.73,POS,2.90,1.04,1.45,76
DIST,4,AN0,C32D,2.95,0.00,1.95,1.08,AN1,189B,0.00,0.00,1.95,3.03,AN2,8A94,2.95,5.89,1.95,4.83,AN3,0323,-0.09,6.04,1.95,5.64,POS,2.90,1.07,1.52,84
DIST,4,AN0,C32D,2.95,0.00,1.95,1.09,AN1,189B,0.00,0.00,1.95,2.97,AN2,8A94,2.95,5.89,1.95,4.81,AN3,0323,-0.09,6.04,1.95,5.66,POS,2.88,1.07,1.51,80
DIST,4,AN0,C32D,2.95,0.00,1.95,1.14,AN1,189B,0.00,0.00,1.95,3.02,AN2,8A94,2.95,5.89,1.95,4.72,AN3,0323,-0.09,6.04,1.95,5.63,POS,2.86,1.08,1.49,78
DIST,4,AN0,C32D,2.95,0.00,1.95,1.26,AN1,189B,0.00,0.00,1.95,3.01,AN2,8A94,2.95,5.89,1.95,4.59,AN3,0323,-0.09,6.04,1.95,5.49,POS,2.84,1.12,1.47,81
DIST,4,AN0,C32D,2.95,0.00,1.95,1.33,AN1,189B,0.00,0.00,1.95,3.16,AN2,8A94,2.95,5.89,1.95,4.50,AN3,0323,-0.09,6.04,1.95,5.41,POS,2.87,1.19,1.44,71
DIST,4,AN0,C32D,2.95,0.00,1.95,1.50,AN1,189B,0.00,0.00,1.95,3.18,AN2,8A94,2.95,5.89,1.95,4.38,AN3,0323,-0.09,6.04,1.95,5.33,POS,2.86,1.27,1.44,80
DIST,4,AN0,C32D,2.95,0.00,1.95,1.63,AN1,189B,0.00,0.00,1.95,3.33,AN2,8A94,2.95,5.89,1.95,4.26,AN3,0323,-0.09,6.04,1.95,5.20,POS,2.88,1.38,1.50,79
DIST,4,AN0,C32D,2.95,0.00,1.95,1.70,AN1,189B,0.00,0.00,1.95,3.39,AN2,8A94,2.95,5.89,1.95,4.03,AN3,0323,-0.09,6.04,1.95,5.11,POS,2.90,1.48,1.53,79
DIST,4,AN0,C32D,2.95,0.00,1.95,1.81,AN1,189B,0.00,0.00,1.95,3.37,AN2,8A94,2.95,5.89,1.95,3.98,AN3,0323,-0.09,6.04,1.95,4.98,POS,2.85,1.57,1.52,80
DIST,4,AN0,C32D,2.95,0.00,1.95,1.95,AN1,189B,0.00,0.00,1.95,3.33,AN2,8A94,2.95,5.89,1.95,3.89,AN3,0323,-0.09,6.04,1.95,4.94,POS,2.83,1.66,1.50,79
DIST,4,AN0,C32D,2.95,0.00,1.95,2.06,AN1,189B,0.00,0.00,1.95,3.85,AN2,8A94,2.95,5.89,1.95,3.79,AN3,0323,-0.09,6.04,1.95,4.89,POS,2.99,1.81,1.52,71
DIST,4,AN0,C32D,2.95,0.00,1.95,2.18,AN1,8A94,2.95,5.89,1.95,3.61,AN2,189B,0.00,0.00,1.95,3.86,AN3,0323,-0.09,6.04,1.95,4.80,POS,3.08,1.95,1.46,71
DIST,4,AN0,C32D,2.95,0.00,1.95,2.23,AN1,8A94,2.95,5.89,1.95,3.52,AN2,189B,0.00,0.00,1.95,3.94,AN3,0323,-0.09,6.04,1.95,4.75,POS,3.17,2.07,1.48,73
DIST,4,AN0,C32D,2.95,0.00,1.95,2.39,AN1,8A94,2.95,5.89,1.95,3.43,AN2,189B,0.00,0.00,1.95,3.82,AN3,0323,-0.09,6.04,1.95,4.67,POS,3.13,2.16,1.44,68
DIST,4,AN0,C32D,2.95,0.00,1.95,2.38,AN1,8A94,2.95,5.89,1.95,3.36,AN2,189B,0.00,0.00,1.95,3.73,AN3,0323,-0.09,6.04,1.95,4.57,POS,3.07,2.23,1.47,75
DIST,4,AN0,C32D,2.95,0.00,1.95,2.40,AN1,8A94,2.95,5.89,1.95,3.36,AN2,189B,0.00,0.00,1.95,3.66,AN3,0323,-0.09,6.04,1.95,4.55,POS,3.01,2.29,1.50,75
DIST,4,AN0,C32D,2.95,0.00,1.95,2.39,AN1,8A94,2.95,5.89,1.95,3.37,AN2,189B,0.00,0.00,1.95,3.85,AN3,0323,-0.09,6.04,1.95,4.65,POS,3.01,2.33,1.51,70
DIST,4,AN0,C32D,2.95,0.00,1.95,2.37,AN1,8A94,2.95,5.89,1.95,3.46,AN2,189B,0.00,0.00,1.95,4.10,AN3,0323,-0.09,6.04,1.95,4.67,POS,3.16,2.40,1.46,77
DIST,4,AN0,C32D,2.95,0.00,1.95,2.37,AN1,8A94,2.95,5.89,1.95,3.46,AN2,189B,0.00,0.00,1.95,4.10,AN3,0323,-0.09,6.04,1.95,4.61,POS,3.27,2.47,1.49,77
DIST,4,AN0,C32D,2.95,0.00,1.95,2.36,AN1,8A94,2.95,5.89,1.95,3.39,AN2,189B,0.00,0.00,1.95,4.03,AN3,0323,-0.09,6.04,1.95,4.65,POS,3.32,2.50,1.55,74
DIST,4,AN0,C32D,2.95,0.00,1.95,2.36,AN1,8A94,2.95,5.89,1.95,3.39,AN2,189B,0.00,0.00,1.95,4.11,AN3,0323,-0.09,6.04,1.95,4.65,POS,3.40,2.54,1.55,77
DIST,4,AN0,C32D,2.95,0.00,1.95,2.38,AN1,8A94,2.95,5.89,1.95,3.43,AN2,189B,0.00,0.00,1.95,4.01,AN3,0323,-0.09,6.04,1.95,4.65,POS,3.40,2.55,1.51,73
DIST,4,AN0,C32D,2.95,0.00,1.95,2.35,AN1,8A94,2.95,5.89,1.95,3.47,AN2,189B,0.00,0.00,1.95,3.99,AN3,0323,-0.09,6.04,1.95,4.70,POS,3.40,2.54,1.45,73
DIST,4,AN0,C32D,2.95,0.00,1.95,2.35,AN1,8A94,2.95,5.89,1.95,3.48,AN2,189B,0.00,0.00,1.95,3.95,AN3,0323,-0.09,6.04,1.95,4.59,POS,3.39,2.55,1.48,72
DIST,4,AN0,C32D,2.95,0.00,1.95,2.32,AN1,8A94,2.95,5.89,1.95,3.45,AN2,189B,0.00,0.00,1.95,3.89,AN3,0323,-0.09,6.04,1.95,4.69,POS,3.34,2.53,1.50,69
DIST,4,AN0,C32D,2.95,0.00,1.95,2.36,AN1,8A94,2.95,5.89,1.95,3.48,AN2,189B,0.00,0.00,1.95,3.91,AN3,0323,-0.09,6.04,1.95,4.66,POS,3.32,2.53,1.52,70
DIST,4,AN0,C32D,2.95,0.00,1.95,2.34,AN1,8A94,2.95,5.89,1.95,3.49,AN2,189B,0.00,0.00,1.95,3.90,AN3,0323,-0.09,6.04,1.95,4.70,POS,3.29,2.51,1.49,69
DIST,4,AN0,C32D,2.95,0.00,1.95,2.35,AN1,8A94,2.95,5.89,1.95,3.50,AN2,189B,0.00,0.00,1.95,3.94,AN3,0323,-0.09,6.04,1.95,4.66,POS,3.30,2.52,1.43,72
DIST,4,AN0,C32D,2.95,0.00,1.95,2.35,AN1,8A94,2.95,5.89,1.95,3.50,AN2,189B,0.00,0.00,1.95,3.95,AN3,0323,-0.09,6.04,1.95,4.67,POS,3.31,2.52,1.38,72
DIST,4,AN0,C32D,2.95,0.00,1.95,2.35,AN1,8A94,2.95,5.89,1.95,3.45,AN2,189B,0.00,0.00,1.95,3.98,AN3,0323,-0.09,6.04,1.95,4.64,POS,3.33,2.53,1.40,73
DIST,4,AN0,C32D,2.95,0.00,1.95,2.36,AN1,8A94,2.95,5.89,1.95,3.49,AN2,189B,0.00,0.00,1.95,3.93,AN3,0323,-0.09,6.04,1.95,4.66,POS,3.31,2.53,1.48,70
DIST,4,AN0,C32D,2.95,0.00,1.95,2.35,AN1,8A94,2.95,5.89,1.95,3.48,AN2,189B,0.00,0.00,1.95,3.92,AN3,0323,-0.09,6.04,1.95,4.61,POS,3.31,2.53,1.43,72
DIST,4,AN0,C32D,2.95,0.00,1.95,2.36,AN1,8A94,2.95,5.89,1.95,3.47,AN2,189B,0.00,0.00,1.95,3.87,AN3,0323,-0.09,6.04,1.95,4.63,POS,3.28,2.53,1.44,69
DIST,4,AN0,C32D,2.95,0.00,1.95,2.34,AN1,8A94,2.95,5.89,1.95,3.50,AN2,189B,0.00,0.00,1.95,3.91,AN3,0323,-0.09,6.04,1.95,4.70,POS,3.27,2.52,1.45,70
DIST,4,AN0,C32D,2.95,0.00,1.95,2.34,AN1,8A94,2.95,5.89,1.95,3.41,AN2,189B,0.00,0.00,1.95,3.86,AN3,0323,-0.09,6.04,1.95,4.67,POS,3.20,2.49,1.48,73
DIST,4,AN0,C32D,2.95,0.00,1.95,2.33,AN1,8A94,2.95,5.89,1.95,3.50,AN2,189B,0.00,0.00,1.95,3.87,AN3,0323,-0.09,6.04,1.95,4.66,POS,3.20,2.49,1.51,69
DIST,4,AN0,C32D,2.95,0.00,1.95,2.38,AN1,8A94,2.95,5.89,1.95,3.47,AN2,189B,0.00,0.00,1.95,3.99,AN3,0323,-0.09,6.04,1.95,4.64,POS,3.24,2.51,1.46,73
DIST,4,AN0,C32D,2.95,0.00,1.95,2.36,AN1,8A94,2.95,5.89,1.95,3.45,AN2,189B,0.00,0.00,1.95,3.96,AN3,0323,-0.09,6.04,1.95,4.66,POS,3.27,2.52,1.41,72
DIST,4,AN0,C32D,2.95,0.00,1.95,2.31,AN1,8A94,2.95,5.89,1.95,3.45,AN2,189B,0.00,0.00,1.95,3.93,AN3,0323,-0.09,6.04,1.95,4.64,POS,3.29,2.52,1.41,72
DIST,4,AN0,C32D,2.95,0.00,1.95,2.37,AN1,8A94,2.95,5.89,1.95,3.42,AN2,189B,0.00,0.00,1.95,4.02,AN3,0323,-0.09,6.04,1.95,4.69,POS,3.32,2.53,1.39,74
DIST,4,AN0,C32D,2.95,0.00,1.95,2.37,AN1,8A94,2.95,5.89,1.95,3.41,AN2,189B,0.00,0.00,1.95,4.03,AN3,0323,-0.09,6.04,1.95,4.61,POS,3.37,2.55,1.36,75
DIST,4,AN0,C32D,2.95,0.00,1.95,2.32,AN1,8A94,2.95,5.89,1.95,3.44,AN2,189B,0.00,0.00,1.95,4.02,AN3,0323,-0.09,6.04,1.95,4.72,POS,3.40,2.54,1.39,74
DIST,4,AN0,C32D,2.95,0.00,1.95,2.35,AN1,8A94,2.95,5.89,1.95,3.40,AN2,189B,0.00,0.00,1.95,4.08,AN3,0323,-0.09,6.04,1.95,4.66,POS,3.44,2.56,1.38,76
DIST,4,AN0,C32D,2.95,0.00,1.95,2.36,AN1,8A94,2.95,5.89,1.95,3.43,AN2,189B,0.00,0.00,1.95,4.09,AN3,0323,-0.09,6.04,1.95,4.60,POS,3.48,2.59,1.50,77
DIST,4,AN0,C32D,2.95,0.00,1.95,2.37,AN1,8A94,2.95,5.89,1.95,3.46,AN2,189B,0.00,0.00,1.95,3.86,AN3,0323,-0.09,6.04,1.95,4.60,POS,3.40,2.57,1.51,69
DIST,4,AN0,C32D,2.95,0.00,1.95,2.34,AN1,8A94,2.95,5.89,1.95,3.45,AN2,189B,0.00,0.00,1.95,3.99,AN3,0323,-0.09,6.04,1.95,4.64,POS,3.40,2.57,1.53,73
DIST,4,AN0,C32D,2.95,0.00,1.95,2.32,AN1,8A94,2.95,5.89,1.95,3.50,AN2,189B,0.00,0.00,1.95,3.90,AN3,0323,-0.09,6.04,1.95,4.60,POS,3.38,2.56,1.49,71
DIST,4,AN0,C32D,2.95,0.00,1.95,2.34,AN1,8A94,2.95,5.89,1.95,3.46,AN2,189B,0.00,0.00,1.95,4.01,AN3,0323,-0.09,6.04,1.95,4.62,POS,3.41,2.57,1.43,75
DIST,4,AN0,C32D,2.95,0.00,1.95,2.38,AN1,8A94,2.95,5.89,1.95,3.43,AN2,189B,0.00,0.00,1.95,3.82,AN3,0323,-0.09,6.04,1.95,4.64,POS,3.30,2.53,1.41,70
DIST,4,AN0,C32D,2.95,0.00,1.95,2.35,AN1,8A94,2.95,5.89,1.95,3.40,AN2,189B,0.00,0.00,1.95,3.84,AN3,0323,-0.09,6.04,1.95,4.67,POS,3.23,2.50,1.45,70
DIST,4,AN0,C32D,2.95,0.00,1.95,2.37,AN1,8A94,2.95,5.89,1.95,3.49,AN2,189B,0.00,0.00,1.95,3.72,AN3,0323,-0.09,6.04,1.95,4.59,POS,3.11,2.47,1.41,75
DIST,4,AN0,C32D,2.95,0.00,1.95,2.37,AN1,8A94,2.95,5.89,1.95,3.45,AN2,189B,0.00,0.00,1.95,3.73,AN3,0323,-0.09,6.04,1.95,4.60,POS,3.05,2.45,1.39,73
DIST,4,AN0,C32D,2.95,0.00,1.95,2.37,AN1,8A94,2.95,5.89,1.95,3.47,AN2,189B,0.00,0.00,1.95,3.80,AN3,0323,-0.09,6.04,1.95,4.65,POS,3.01,2.43,1.37,71
DIST,4,AN0,C32D,2.95,0.00,1.95,2.36,AN1,8A94,2.95,5.89,1.95,3.49,AN2,189B,0.00,0.00,1.95,3.83,AN3,0323,-0.09,6.04,1.95,4.60,POS,3.04,2.45,1.39,68
DIST,4,AN0,C32D,2.95,0.00,1.95,2.33,AN1,8A94,2.95,5.89,1.95,3.45,AN2,189B,0.00,0.00,1.95,3.88,AN3,0323,-0.09,6.04,1.95,4.54,POS,3.10,2.48,1.44,71
DIST,4,AN0,C32D,2.95,0.00,1.95,2.34,AN1,8A94,2.95,5.89,1.95,3.43,AN2,189B,0.00,0.00,1.95,3.80,AN3,0323,-0.09,6.04,1.95,4.56,POS,3.10,2.49,1.48,68
DIST,4,AN0,C32D,2.95,0.00,1.95,2.31,AN1,8A94,2.95,5.89,1.95,3.46,AN2,189B,0.00,0.00,1.95,3.82,AN3,0323,-0.09,6.04,1.95,4.61,POS,3.11,2.49,1.54,68
DIST,4,AN0,C32D,2.95,0.00,1.95,2.35,AN1,8A94,2.95,5.89,1.95,3.49,AN2,189B,0.00,0.00,1.95,3.87,AN3,0323,-0.09,6.04,1.95,4.67,POS,3.13,2.49,1.52,69
DIST,4,AN0,C32D,2.95,0.00,1.95,2.35,AN1,8A94,2.95,5.89,1.95,3.48,AN2,189B,0.00,0.00,1.95,3.91,AN3,0323,-0.09,6.04,1.95,4.60,POS,3.17,2.50,1.46,71
DIST,4,AN0,C32D,2.95,0.00,1.95,2.33,AN1,8A94,2.95,5.89,1.95,3.45,AN2,189B,0.00,0.00,1.95,3.81,AN3,0323,-0.09,6.04,1.95,4.60,POS,3.15,2.50,1.47,67
DIST,4,AN0,C32D,2.95,0.00,1.95,2.33,AN1,8A94,2.95,5.89,1.95,3.46,AN2,189B,0.00,0.00,1.95,3.76,AN3,0323,-0.09,6.04,1.95,4.60,POS,3.12,2.49,1.44,67
DIST,4,AN0,C32D,2.95,0.00,1.95,2.31,AN1,8A94,2.95,5.89,1.95,3.47,AN2,189B,0.00,0.00,1.95,3.75,AN3,0323,-0.09,6.04,1.95,4.61,POS,3.10,2.48,1.43,68
DIST,4,AN0,C32D,2.95,0.00,1.95,2.39,AN1,8A94,2.95,5.89,1.95,3.45,AN2,189B,0.00,0.00,1.95,3.93,AN3,0323,-0.09,6.04,1.95,4.62,POS,3.13,2.50,1.48,70
DIST,4,AN0,C32D,2.95,0.00,1.95,2.38,AN1,8A94,2.95,5.89,1.95,3.42,AN2,189B,0.00,0.00,1.95,3.84,AN3,0323,-0.09,6.04,1.95,4.60,POS,3.12,2.50,1.46,68
DIST,4,AN0,C32D,2.95,0.00,1.95,2.40,AN1,8A94,2.95,5.89,1.95,3.45,AN2,189B,0.00,0.00,1.95,3.90,AN3,0323,-0.09,6.04,1.95,4.60,POS,3.13,2.51,1.48,69
DIST,4,AN0,C32D,2.95,0.00,1.95,2.47,AN1,8A94,2.95,5.89,1.95,3.39,AN2,189B,0.00,0.00,1.95,4.02,AN3,0323,-0.09,6.04,1.95,4.54,POS,3.18,2.55,1.45,73
DIST,4,AN0,C32D,2.95,0.00,1.95,2.49,AN1,8A94,2.95,5.89,1.95,3.41,AN2,189B,0.00,0.00,1.95,4.13,AN3,0323,-0.09,6.04,1.95,4.47,POS,3.27,2.62,1.48,76
DIST,4,AN0,C32D,2.95,0.00,1.95,2.49,AN1,8A94,2.95,5.89,1.95,3.33,AN2,189B,0.00,0.00,1.95,3.97,AN3,0323,-0.09,6.04,1.95,4.50,POS,3.27,2.63,1.41,72
DIST,4,AN0,C32D,2.95,0.00,1.95,2.58,AN1,8A94,2.95,5.89,1.95,3.26,AN2,189B,0.00,0.00,1.95,3.92,AN3,0323,-0.09,6.04,1.95,4.51,POS,3.18,2.63,1.45,72
DIST,4,AN0,C32D,2.95,0.00,1.95,2.65,AN1,8A94,2.95,5.89,1.95,3.18,AN2,189B,0.00,0.00,1.95,3.99,AN3,0323,-0.09,6.04,1.95,4.33,POS,3.16,2.68,1.48,71
DIST,4,AN0,C32D,2.95,0.00,1.95,2.82,AN1,8A94,2.95,5.89,1.95,3.04,AN2,189B,0.00,0.00,1.95,4.07,AN3,0323,-0.09,6.04,1.95,4.20,POS,3.12,2.75,1.46,72
DIST,4,AN0,C32D,2.95,0.00,1.95,2.87,AN1,8A94,2.95,5.89,1.95,2.95,AN2,189B,0.00,0.00,1.95,4.04,AN3,0323,-0.09,6.04,1.95,4.28,POS,3.06,2.79,1.44,70
DIST,4,AN0,C32D,2.95,0.00,1.95,2.97,AN1,8A94,2.95,5.89,1.95,2.84,AN2,189B,0.00,0.00,1.95,4.22,AN3,0323,-0.09,6.04,1.95,4.16,POS,3.06,2.87,1.42,71
DIST,4,AN0,C32D,2.95,0.00,1.95,3.11,AN1,8A94,2.95,5.89,1.95,2.74,AN2,189B,0.00,0.00,1.95,4.34,AN3,0323,-0.09,6.04,1.95,4.04,POS,2.99,2.93,1.39,71
DIST,4,AN0,C32D,2.95,0.00,1.95,3.25,AN1,8A94,2.95,5.89,1.95,2.60,AN2,189B,0.00,0.00,1.95,4.40,AN3,0323,-0.09,6.04,1.95,3.95,POS,3.00,3.05,1.37,68
DIST,4,AN0,8A94,2.95,5.89,1.95,2.43,AN1,C32D,2.95,0.00,1.95,3.34,AN2,189B,0.00,0.00,1.95,4.40,AN3,0323,-0.09,6.04,1.95,3.89,POS,2.97,3.14,1.42,75
DIST,4,AN0,8A94,2.95,5.89,1.95,2.32,AN1,C32D,2.95,0.00,1.95,3.44,AN2,0323,-0.09,6.04,1.95,3.75,AN3,189B,0.00,0.00,1.95,4.50,POS,2.97,3.26,1.41,71
DIST,4,AN0,8A94,2.95,5.89,1.95,2.20,AN1,C32D,2.95,0.00,1.95,3.57,AN2,0323,-0.09,6.04,1.95,3.68,AN3,189B,0.00,0.00,1.95,4.61,POS,2.97,3.38,1.41,72
DIST,4,AN0,8A94,2.95,5.89,1.95,2.12,AN1,C32D,2.95,0.00,1.95,3.70,AN2,0323,-0.09,6.04,1.95,3.59,AN3,189B,0.00,0.00,1.95,4.66,POS,2.93,3.47,1.41,77
DIST,4,AN0,8A94,2.95,5.89,1.95,1.98,AN1,C32D,2.95,0.00,1.95,3.81,AN2,0323,-0.09,6.04,1.95,3.46,AN3,189B,0.00,0.00,1.95,4.78,POS,2.87,3.57,1.43,78
DIST,4,AN0,8A94,2.95,5.89,1.95,1.91,AN1,C32D,2.95,0.00,1.95,3.91,AN2,0323,-0.09,6.04,1.95,3.49,AN3,189B,0.00,0.00,1.95,4.88,POS,2.90,3.70,1.42,72
DIST,4,AN0,8A94,2.95,5.89,1.95,1.77,AN1,C32D,2.95,0.00,1.95,3.98,AN2,0323,-0.09,6.04,1.95,3.46,AN3,189B,0.00,0.00,1.95,4.88,POS,2.89,3.79,1.48,80
DIST,4,AN0,8A94,2.95,5.89,1.95,1.80,AN1,0323,-0.09,6.04,1.95,3.46,AN2,C32D,2.95,0.00,1.95,4.02,AN3,189B,0.00,0.00,1.95,4.95,POS,2.88,3.86,1.46,76
DIST,4,AN0,8A94,2.95,5.89,1.95,1.84,AN1,0323,-0.09,6.04,1.95,3.48,AN2,C32D,2.95,0.00,1.95,3.91,AN3,189B,0.00,0.00,1.95,4.98,POS,2.86,3.89,1.49,79
DIST,4,AN0,8A94,2.95,5.89,1.95,1.88,AN1,0323,-0.09,6.04,1.95,3.45,AN2,C32D,2.95,0.00,1.95,3.91,AN3,189B,0.00,0.00,1.95,4.92,POS,2.83,3.91,1.49,79
DIST,4,AN0,8A94,2.95,5.89,1.95,1.87,AN1,0323,-0.09,6.04,1.95,3.43,AN2,C32D,2.95,0.00,1.95,3.93,AN3,189B,0.00,0.00,1.95,4.92,POS,2.80,3.93,1.47,79
DIST,4,AN0,8A94,2.95,5.89,1.95,1.89,AN1,0323,-0.09,6.04,1.95,3.44,AN2,C32D,2.95,0.00,1.95,3.90,AN3,189B,0.00,0.00,1.95,4.86,POS,2.79,3.94,1.48,79
DIST,4,AN0,8A94,2.95,5.89,1.95,1.86,AN1,0323,-0.09,6.04,1.95,3.46,AN2,C32D,2.95,0.00,1.95,3.93,AN3,189B,0.00,0.00,1.95,4.83,POS,2.79,3.96,1.47,79
DIST,4,AN0,8A94,2.95,5.89,1.95,1.89,AN1,0323,-0.09,6.04,1.95,3.47,AN2,C32D,2.95,0.00,1.95,3.95,AN3,189B,0.00,0.00,1.95,4.94,POS,2.78,3.97,1.44,79
DIST,4,AN0,8A94,2.95,5.89,1.95,1.85,AN1,0323,-0.09,6.04,1.95,3.46,AN2,C32D,2.95,0.00,1.95,3.93,AN3,189B,0.00,0.00,1.95,4.87,POS,2.80,3.98,1.45,79
DIST,4,AN0,8A94,2.95,5.89,1.95,1.91,AN1,0323,-0.09,6.04,1.95,3.51,AN2,C32D,2.95,0.00,1.95,3.95,AN3,189B,0.00,0.00,1.95,4.88,POS,2.81,3.98,1.41,74
DIST,4,AN0,8A94,2.95,5.89,1.95,1.86,AN1,0323,-0.09,6.04,1.95,3.46,AN2,C32D,2.95,0.00,1.95,3.99,AN3,189B,0.00,0.00,1.95,4.87,POS,2.81,4.00,1.42,80
DIST,4,AN0,8A94,2.95,5.89,1.95,1.88,AN1,0323,-0.09,6.04,1.95,3.54,AN2,C32D,2.95,0.00,1.95,3.97,AN3,189B,0.00,0.00,1.95,4.86,POS,2.82,4.01,1.40,75
DIST,4,AN0,8A94,2.95,5.89,1.95,1.87,AN1,0323,-0.09,6.04,1.95,3.45,AN2,C32D,2.95,0.00,1.95,3.96,AN3,189B,0.00,0.00,1.95,4.89,POS,2.83,4.01,1.39,77
DIST,4,AN0,8A94,2.95,5.89,1.95,1.87,AN1,0323,-0.09,6.04,1.95,3.51,AN2,C32D,2.95,0.00,1.95,3.94,AN3,189B,0.00,0.00,1.95,4.89,POS,2.84,4.01,1.39,76
DIST,4,AN0,8A94,2.95,5.89,1.95,1.88,AN1,0323,-0.09,6.04,1.95,3.53,AN2,C32D,2.95,0.00,1.95,3.97,AN3,189B,0.00,0.00,1.95,4.91,POS,2.85,4.01,1.37,73
DIST,4,AN0,8A94,2.95,5.89,1.95,1.92,AN1,0323,-0.09,6.04,1.95,3.52,AN2,C32D,2.95,0.00,1.95,3.91,AN3,189B,0.00,0.00,1.95,4.87,POS,2.85,4.00,1.37,75
DIST,4,AN0,8A94,2.95,5.89,1.95,1.87,AN1,0323,-0.09,6.04,1.95,3.54,AN2,C32D,2.95,0.00,1.95,3.91,AN3,189B,0.00,0.00,1.95,4.96,POS,2.86,3.99,1.39,78
DIST,4,AN0,8A94,2.95,5.89,1.95,1.85,AN1,0323,-0.09,6.04,1.95,3.56,AN2,C32D,2.95,0.00,1.95,3.93,AN3,189B,0.00,0.00,1.95,4.93,POS,2.89,4.00,1.41,74
DIST,4,AN0,8A94,2.95,5.89,1.95,1.85,AN1,0323,-0.09,6.04,1.95,3.51,AN2,C32D,2.95,0.00,1.95,3.91,AN3,189B,0.00,0.00,1.95,4.88,POS,2.89,3.99,1.45,78
DIST,4,AN0,8A94,2.95,5.89,1.95,1.91,AN1,0323,-0.09,6.04,1.95,3.47,AN2,C32D,2.95,0.00,1.95,3.93,AN3,189B,0.00,0.00,1.95,4.85,POS,2.87,3.99,1.42,77
DIST,4,AN0,8A94,2.95,5.89,1.95,1.93,AN1,0323,-0.09,6.04,1.95,3.52,AN2,C32D,2.95,0.00,1.95,3.89,AN3,189B,0.00,0.00,1.95,4.84,POS,2.87,3.98,1.41,76
DIST,4,AN0,8A94,2.95,5.89,1.95,1.95,AN1,0323,-0.09,6.04,1.95,3.50,AN2,C32D,2.95,0.00,1.95,3.85,AN3,189B,0.00,0.00,1.95,4.82,POS,2.89,3.99,1.41,74
DIST,4,AN0,8A94,2.95,5.89,1.95,1.93,AN1,0323,-0.09,6.04,1.95,3.49,AN2,C32D,2.95,0.00,1.95,3.82,AN3,189B,0.00,0.00,1.95,4.71,POS,2.86,3.97,1.48,79
DIST,4,AN0,8A94,2.95,5.89,1.95,1.89,AN1,0323,-0.09,6.04,1.95,3.41,AN2,C32D,2.95,0.00,1.95,3.86,AN3,189B,0.00,0.00,1.95,4.83,POS,2.90,4.00,1.43,69
DIST,4,AN0,8A94,2.95,5.89,1.95,1.87,AN1,0323,-0.09,6.04,1.95,3.37,AN2,C32D,2.95,0.00,1.95,3.87,AN3,189B,0.00,0.00,1.95,4.78,POS,2.89,4.02,1.48,80
DIST,4,AN0,8A94,2.95,5.89,1.95,1.86,AN1,0323,-0.09,6.04,1.95,3.37,AN2,C32D,2.95,0.00,1.95,3.94,AN3,189B,0.00,0.00,1.95,4.86,POS,2.84,4.01,1.49,79
DIST,4,AN0,8A94,2.95,5.89,1.95,1.79,AN1,0323,-0.09,6.04,1.95,3.33,AN2,C32D,2.95,0.00,1.95,3.97,AN3,189B,0.00,0.00,1.95,4.83,POS,2.81,4.02,1.51,79
DIST,4,AN0,8A94,2.95,5.89,1.95,1.73,AN1,0323,-0.09,6.04,1.95,3.37,AN2,C32D,2.95,0.00,1.95,4.04,AN3,189B,0.00,0.00,1.95,4.95,POS,2.81,4.05,1.52,80
DIST,4,AN0,8A94,2.95,5.89,1.95,1.74,AN1,0323,-0.09,6.04,1.95,3.40,AN2,C32D,2.95,0.00,1.95,3.97,AN3,189B,0.00,0.00,1.95,4.88,POS,2.82,4.05,1.58,80
DIST,4,AN0,8A94,2.95,5.89,1.95,1.80,AN1,0323,-0.09,6.04,1.95,3.41,AN2,C32D,2.95,0.00,1.95,3.94,AN3,189B,0.00,0.00,1.95,4.91,POS,2.81,4.04,1.60,79
DIST,4,AN0,8A94,2.95,5.89,1.95,1.80,AN1,0323,-0.09,6.04,1.95,3.49,AN2,C32D,2.95,0.00,1.95,3.92,AN3,189B,0.00,0.00,1.95,4.81,POS,2.81,4.04,1.62,80
DIST,4,AN0,8A94,2.95,5.89,1.95,1.86,AN1,0323,-0.09,6.04,1.95,3.44,AN2,C32D,2.95,0.00,1.95,3.94,AN3,189B,0.00,0.00,1.95,4.90,POS,2.80,4.03,1.57,79
DIST,4,AN0,8A94,2.95,5.89,1.95,1.85,AN1,0323,-0.09,6.04,1.95,3.45,AN2,C32D,2.95,0.00,1.95,3.89,AN3,189B,0.00,0.00,1.95,4.84,POS,2.81,4.01,1.60,79
DIST,4,AN0,8A94,2.95,5.89,1.95,1.84,AN1,0323,-0.09,6.04,1.95,3.51,AN2,C32D,2.95,0.00,1.95,3.92,AN3,189B,0.00,0.00,1.95,4.82,POS,2.82,4.01,1.58,80
DIST,4,AN0,8A94,2.95,5.89,1.95,1.85,AN1,0323,-0.09,6.04,1.95,3.39,AN2,C32D,2.95,0.00,1.95,3.87,AN3,189B,0.00,0.00,1.95,4.78,POS,2.79,4.00,1.63,78
DIST,4,AN0,8A94,2.95,5.89,1.95,1.91,AN1,0323,-0.09,6.04,1.95,3.34,AN2,C32D,2.95,0.00,1.95,3.91,AN3,189B,0.00,0.00,1.95,4.77,POS,2.79,4.02,1.58,80
DIST,4,AN0,8A94,2.95,5.89,1.95,1.90,AN1,0323,-0.09,6.04,1.95,3.30,AN2,C32D,2.95,0.00,1.95,3.85,AN3,189B,0.00,0.00,1.95,4.65,POS,2.74,3.99,1.65,78
DIST,4,AN0,8A94,2.95,5.89,1.95,1.85,AN1,0323,-0.09,6.04,1.95,3.26,AN2,C32D,2.95,0.00,1.95,3.95,AN3,189B,0.00,0.00,1.95,4.64,POS,2.69,4.00,1.66,78
DIST,4,AN0,8A94,2.95,5.89,1.95,1.90,AN1,0323,-0.09,6.04,1.95,3.06,AN2,C32D,2.95,0.00,1.95,4.01,AN3,189B,0.00,0.00,1.95,4.60,POS,2.60,4.01,1.66,78
DIST,4,AN0,8A94,2.95,5.89,1.95,1.88,AN1,0323,-0.09,6.04,1.95,2.98,AN2,C32D,2.95,0.00,1.95,4.01,AN3,189B,0.00,0.00,1.95,4.61,POS,2.55,4.04,1.60,79
DIST,4,AN0,8A94,2.95,5.89,1.95,1.87,AN1,0323,-0.09,6.04,1.95,2.91,AN2,C32D,2.95,0.00,1.95,3.99,AN3,189B,0.00,0.00,1.95,4.55,POS,2.49,4.06,1.59,78
DIST,4,AN0,8A94,2.95,5.89,1.95,1.99,AN1,0323,-0.09,6.04,1.95,2.85,AN2,C32D,2.95,0.00,1.95,3.95,AN3,189B,0.00,0.00,1.95,4.40,POS,2.40,4.05,1.53,76
DIST,4,AN0,8A94,2.95,5.89,1.95,2.08,AN1,0323,-0.09,6.04,1.95,2.77,AN2,C32D,2.95,0.00,1.95,3.90,AN3,189B,0.00,0.00,1.95,4.24,POS,2.28,4.03,1.52,83
DIST,4,AN0,8A94,2.95,5.89,1.95,2.10,AN1,0323,-0.09,6.04,1.95,2.66,AN2,C32D,2.95,0.00,1.95,3.97,AN3,189B,0.00,0.00,1.95,4.24,POS,2.17,4.02,1.51,84
DIST,4,AN0,8A94,2.95,5.89,1.95,2.18,AN1,0323,-0.09,6.04,1.95,2.58,AN2,C32D,2.95,0.00,1.95,4.03,AN3,189B,0.00,0.00,1.95,4.24,POS,2.08,4.03,1.51,85
DIST,4,AN0,8A94,2.95,5.89,1.95,2.19,AN1,0323,-0.09,6.04,1.95,2.51,AN2,C32D,2.95,0.00,1.95,3.98,AN3,189B,0.00,0.00,1.95,4.15,POS,1.96,4.01,1.54,92
DIST,4,AN0,8A94,2.95,5.89,1.95,2.23,AN1,0323,-0.09,6.04,1.95,2.46,AN2,C32D,2.95,0.00,1.95,4.10,AN3,189B,0.00,0.00,1.95,4.13,POS,1.85,4.01,1.50,88
DIST,4,AN0,8A94,2.95,5.89,1.95,2.22,AN1,0323,-0.09,6.04,1.95,2.41,AN2,C32D,2.95,0.00,1.95,4.11,AN3,189B,0.00,0.00,1.95,4.13,POS,1.76,4.01,1.49,90
DIST,4,AN0,8A94,2.95,5.89,1.95,2.27,AN1,0323,-0.09,6.04,1.95,2.43,AN2,C32D,2.95,0.00,1.95,4.08,AN3,189B,0.00,0.00,1.95,4.09,POS,1.69,4.01,1.49,90
DIST,4,AN0,8A94,2.95,5.89,1.95,2.33,AN1,0323,-0.09,6.04,1.95,2.43,AN2,C32D,2.95,0.00,1.95,4.10,AN3,189B,0.00,0.00,1.95,4.06,POS,1.62,4.00,1.45,87
DIST,4,AN0,8A94,2.95,5.89,1.95,2.31,AN1,0323,-0.09,6.04,1.95,2.36,AN2,C32D,2.95,0.00,1.95,4.05,AN3,189B,0.00,0.00,1.95,4.03,POS,1.57,3.99,1.47,90
DIST,4,AN0,8A94,2.95,5.89,1.95,2.32,AN1,0323,-0.09,6.04,1.95,2.43,AN2,C32D,2.95,0.00,1.95,4.01,AN3,189B,0.00,0.00,1.95,4.11,POS,1.53,3.97,1.52,93
DIST,4,AN0,8A94,2.95,5.89,1.95,2.31,AN1,0323,-0.09,6.04,1.95,2.46,AN2,C32D,2.95,0.00,1.95,4.06,AN3,189B,0.00,0.00,1.95,4.09,POS,1.52,3.98,1.50,90
DIST,4,AN0,8A94,2.95,5.89,1.95,2.29,AN1,0323,-0.09,6.04,1.95,2.51,AN2,C32D,2.95,0.00,1.95,3.99,AN3,189B,0.00,0.00,1.95,4.10,POS,1.55,3.97,1.56,92
DIST,4,AN0,8A94,2.95,5.89,1.95,2.32,AN1,0323,-0.09,6.04,1.95,2.38,AN2,C32D,2.95,0.00,1.95,4.03,AN3,189B,0.00,0.00,1.95,4.08,POS,1.55,3.99,1.48,84
DIST,4,AN0,8A94,2.95,5.89,1.95,2.30,AN1,0323,-0.09,6.04,1.95,2.45,AN2,C32D,2.95,0.00,1.95,4.01,AN3,189B,0.00,0.00,1.95,4.09,POS,1.56,3.99,1.56,93
DIST,4,AN0,8A94,2.95,5.89,1.95,2.29,AN1,0323,-0.09,6.04,1.95,2.40,AN2,C32D,2.95,0.00,1.95,4.01,AN3,189B,0.00,0.00,1.95,4.12,POS,1.58,4.01,1.50,85
DIST,4,AN0,8A94,2.95,5.89,1.95,2.32,AN1,0323,-0.09,6.04,1.95,2.38,AN2,C32D,2.95,0.00,1.95,4.02,AN3,189B,0.00,0.00,1.95,4.07,POS,1.57,4.01,1.44,85
DIST,4,AN0,8A94,2.95,5.89,1.95,2.31,AN1,0323,-0.09,6.04,1.95,2.37,AN2,C32D,2.95,0.00,1.95,4.05,AN3,189B,0.00,0.00,1.95,4.16,POS,1.52,3.99,1.52,93
DIST,4,AN0,8A94,2.95,5.89,1.95,2.29,AN1,0323,-0.09,6.04,1.95,2.41,AN2,C32D,2.95,0.00,1.95,4.05,AN3,189B,0.00,0.00,1.95,4.16,POS,1.50,3.98,1.53,92
DIST,4,AN0,8A94,2.95,5.89,1.95,2.32,AN1,0323,-0.09,6.04,1.95,2.45,AN2,C32D,2.95,0.00,1.95,4.03,AN3,189B,0.00,0.00,1.95,4.15,POS,1.49,3.97,1.52,91
DIST,4,AN0,8A94,2.95,5.89,1.95,2.30,AN1,0323,-0.09,6.04,1.95,2.43,AN2,C32D,2.95,0.00,1.95,4.02,AN3,189B,0.00,0.00,1.95,4.07,POS,1.49,3.97,1.49,89
DIST,4,AN0,8A94,2.95,5.89,1.95,2.29,AN1,0323,-0.09,6.04,1.95,2.41,AN2,C32D,2.95,0.00,1.95,4.12,AN3,189B,0.00,0.00,1.95,4.08,POS,1.47,3.98,1.47,89
DIST,4,AN0,8A94,2.95,5.89,1.95,2.30,AN1,0323,-0.09,6.04,1.95,2.38,AN2,189B,0.00,0.00,1.95,4.10,AN3,C32D,2.95,0.00,1.95,4.08,POS,1.48,3.99,1.55,94
DIST,4,AN0,8A94,2.95,5.89,1.95,2.29,AN1,0323,-0.09,6.04,1.95,2.37,AN2,C32D,2.95,0.00,1.95,4.05,AN3,189B,0.00,0.00,1.95,4.05,POS,1.47,3.99,1.54,91
DIST,4,AN0,8A94,2.95,5.89,1.95,2.29,AN1,0323,-0.09,6.04,1.95,2.40,AN2,189B,0.00,0.00,1.95,4.13,AN3,C32D,2.95,0.00,1.95,4.01,POS,1.51,4.01,1.49,84
DIST,4,AN0,8A94,2.95,5.89,1.95,2.30,AN1,0323,-0.09,6.04,1.95,2.41,AN2,C32D,2.95,0.00,1.95,4.06,AN3,189B,0.00,0.00,1.95,4.08,POS,1.50,4.01,1.52,92
DIST,4,AN0,8A94,2.95,5.89,1.95,2.34,AN1,0323,-0.09,6.04,1.95,2.48,AN2,C32D,2.95,0.00,1.95,4.05,AN3,189B,0.00,0.00,1.95,4.07,POS,1.50,3.99,1.49,89
DIST,4,AN0,8A94,2.95,5.89,1.95,2.40,AN1,0323,-0.09,6.04,1.95,2.47,AN2,C32D,2.95,0.00,1.95,4.05,AN3,189B,0.00,0.00,1.95,4.04,POS,1.48,3.98,1.46,88
DIST,4,AN0,8A94,2.95,5.89,1.95,2.39,AN1,0323,-0.09,6.04,1.95,2.43,AN2,C32D,2.95,0.00,1.95,4.03,AN3,189B,0.00,0.00,1.95,4.01,POS,1.46,3.97,1.49,91
DIST,4,AN0,8A94,2.95,5.89,1.95,2.45,AN1,0323,-0.09,6.04,1.95,2.39,AN2,189B,0.00,0.00,1.95,3.93,AN3,C32D,2.95,0.00,1.95,4.06,POS,1.42,3.95,1.48,88
DIST,4,AN0,8A94,2.95,5.89,1.95,2.55,AN1,0323,-0.09,6.04,1.95,2.30,AN2,189B,0.00,0.00,1.95,3.90,AN3,C32D,2.95,0.00,1.95,4.01,POS,1.39,3.95,1.45,86
DIST,4,AN0,8A94,2.95,5.89,1.95,2.57,AN1,0323,-0.09,6.04,1.95,2.40,AN2,189B,0.00,0.00,1.95,3.83,AN3,C32D,2.95,0.00,1.95,4.01,POS,1.35,3.92,1.49,90
DIST,4,AN0,8A94,2.95,5.89,1.95,2.66,AN1,0323,-0.09,6.04,1.95,2.31,AN2,189B,0.00,0.00,1.95,3.85,AN3,C32D,2.95,0.00,1.95,4.09,POS,1.28,3.91,1.53,86
DIST,4,AN0,0323,-0.09,6.04,1.95,2.23,AN1,8A94,2.95,5.89,1.95,2.67,AN2,189B,0.00,0.00,1.95,3.82,AN3,C32D,2.95,0.00,1.95,4.29,POS,1.16,3.92,1.45,71
DIST,4,AN0,0323,-0.09,6.04,1.95,2.09,AN1,8A94,2.95,5.89,1.95,2.77,AN2,189B,0.00,0.00,1.95,3.79,AN3,C32D,2.95,0.00,1.95,4.31,POS,1.05,3.92,1.53,78
DIST,4,AN0,0323,-0.09,6.04,1.95,2.11,AN1,8A94,2.95,5.89,1.95,2.87,AN2,189B,0.00,0.00,1.95,3.77,AN3,C32D,2.95,0.00,1.95,4.35,POS,0.95,3.92,1.55,76
DIST,4,AN0,0323,-0.09,6.04,1.95,2.08,AN1,8A94,2.95,5.89,1.95,3.00,AN2,189B,0.00,0.00,1.95,3.71,AN3,C32D,2.95,0.00,1.95,4.37,POS,0.84,3.90,1.58,76
DIST,4,AN0,0323,-0.09,6.04,1.95,2.06,AN1,8A94,2.95,5.89,1.95,3.07,AN2,189B,0.00,0.00,1.95,3.76,AN3,C32D,2.95,0.00,1.95,4.44,POS,0.74,3.90,1.56,77
DIST,4,AN0,0323,-0.09,6.04,1.95,2.02,AN1,8A94,2.95,5.89,1.95,3.10,AN2,189B,0.00,0.00,1.95,3.78,AN3,C32D,2.95,0.00,1.95,4.53,POS,0.64,3.91,1.53,78
DIST,4,AN0,0323,-0.09,6.04,1.95,2.01,AN1,8A94,2.95,5.89,1.95,3.16,AN2,189B,0.00,0.00,1.95,3.84,AN3,C32D,2.95,0.00,1.95,4.61,POS,0.56,3.93,1.47,79
DIST,4,AN0,0323,-0.09,6.04,1.95,1.92,AN1,8A94,2.95,5.89,1.95,3.19,AN2,189B,0.00,0.00,1.95,3.86,AN3,C32D,2.95,0.00,1.95,4.68,POS,0.47,3.95,1.46,79
DIST,4,AN0,0323,-0.09,6.04,1.95,1.92,AN1,8A94,2.95,5.89,1.95,3.23,AN2,189B,0.00,0.00,1.95,3.93,AN3,C32D,2.95,0.00,1.95,4.76,POS,0.39,3.98,1.40,78
DIST,4,AN0,0323,-0.09,6.04,1.95,1.84,AN1,8A94,2.95,5.89,1.95,3.23,AN2,189B,0.00,0.00,1.95,3.89,AN3,C32D,2.95,0.00,1.95,4.76,POS,0.32,4.00,1.43,80
DIST,4,AN0,0323,-0.09,6.04,1.95,1.82,AN1,8A94,2.95,5.89,1.95,3.28,AN2,189B,0.00,0.00,1.95,3.90,AN3,C32D,2.95,0.00,1.95,4.84,POS,0.24,4.02,1.45,79
DIST,4,AN0,0323,-0.09,6.04,1.95,1.85,AN1,8A94,2.95,5.89,1.95,3.32,AN2,189B,0.00,0.00,1.95,3.86,AN3,C32D,2.95,0.00,1.95,4.76,POS,0.19,4.02,1.47,80
DIST,4,AN0,0323,-0.09,6.04,1.95,1.90,AN1,8A94,2.95,5.89,1.95,3.30,AN2,189B,0.00,0.00,1.95,3.85,AN3,C32D,2.95,0.00,1.95,4.76,POS,0.16,4.02,1.46,79
DIST,4,AN0,0323,-0.09,6.04,1.95,1.89,AN1,8A94,2.95,5.89,1.95,3.26,AN2,189B,0.00,0.00,1.95,3.82,AN3,C32D,2.95,0.00,1.95,4.74,POS,0.14,4.02,1.48,80
DIST,4,AN0,0323,-0.09,6.04,1.95,1.89,AN1,8A94,2.95,5.89,1.95,3.31,AN2,189B,0.00,0.00,1.95,3.88,AN3,C32D,2.95,0.00,1.95,4.84,POS,0.11,4.03,1.48,79
DIST,4,AN0,0323,-0.09,6.04,1.95,1.85,AN1,8A94,2.95,5.89,1.95,3.31,AN2,189B,0.00,0.00,1.95,3.88,AN3,C32D,2.95,0.00,1.95,4.79,POS,0.09,4.03,1.48,79
DIST,4,AN0,0323,-0.09,6.04,1.95,1.86,AN1,8A94,2.95,5.89,1.95,3.31,AN2,189B,0.00,0.00,1.95,3.88,AN3,C32D,2.95,0.00,1.95,4.82,POS,0.07,4.04,1.47,78
DIST,4,AN0,0323,-0.09,6.04,1.95,1.87,AN1,8A94,2.95,5.89,1.95,3.29,AN2,189B,0.00,0.00,1.95,3.85,AN3,C32D,2.95,0.00,1.95,4.80,POS,0.06,4.04,1.50,80
DIST,4,AN0,0323,-0.09,6.04,1.95,1.85,AN1,8A94,2.95,5.89,1.95,3.30,AN2,189B,0.00,0.00,1.95,3.90,AN3,C32D,2.95,0.00,1.95,4.78,POS,0.06,4.04,1.49,80
DIST,4,AN0,0323,-0.09,6.04,1.95,1.90,AN1,8A94,2.95,5.89,1.95,3.30,AN2,189B,0.00,0.00,1.95,3.81,AN3,C32D,2.95,0.00,1.95,4.72,POS,0.06,4.03,1.50,80
DIST,4,AN0,0323,-0.09,6.04,1.95,1.87,AN1,8A94,2.95,5.89,1.95,3.31,AN2,189B,0.00,0.00,1.95,3.78,AN3,C32D,2.95,0.00,1.95,4.73,POS,0.05,4.02,1.57,80
DIST,4,AN0,0323,-0.09,6.04,1.95,1.90,AN1,8A94,2.95,5.89,1.95,3.33,AN2,189B,0.00,0.00,1.95,3.84,AN3,C32D,2.95,0.00,1.95,4.75,POS,0.05,4.01,1.54,79
DIST,4,AN0,0323,-0.09,6.04,1.95,1.93,AN1,8A94,2.95,5.89,1.95,3.34,AN2,189B,0.00,0.00,1.95,3.81,AN3,C32D,2.95,0.00,1.95,4.82,POS,0.04,4.01,1.51,77
DIST,4,AN0,0323,-0.09,6.04,1.95,1.92,AN1,8A94,2.95,5.89,1.95,3.40,AN2,189B,0.00,0.00,1.95,3.80,AN3,C32D,2.95,0.00,1.95,4.74,POS,0.03,4.00,1.50,78
DIST,4,AN0,0323,-0.09,6.04,1.95,1.89,AN1,8A94,2.95,5.89,1.95,3.45,AN2,189B,0.00,0.00,1.95,3.81,AN3,C32D,2.95,0.00,1.95,4.79,POS,0.00,4.00,1.51,76
DIST,4,AN0,0323,-0.09,6.04,1.95,1.83,AN1,8A94,2.95,5.89,1.95,3.41,AN2,189B,0.00,0.00,1.95,3.86,AN3,C32D,2.95,0.00,1.95,4.84,POS,-0.02,4.01,1.54,77
DIST,4,AN0,0323,-0.09,6.04,1.95,1.81,AN1,8A94,2.95,5.89,1.95,3.39,AN2,189B,0.00,0.00,1.95,3.87,AN3,C32D,2.95,0.00,1.95,4.99,POS,-0.05,4.02,1.56,76
DIST,4,AN0,0323,-0.09,6.04,1.95,1.79,AN1,8A94,2.95,5.89,1.95,3.41,AN2,189B,0.00,0.00,1.95,3.97,AN3,C32D,2.95,0.00,1.95,5.07,POS,-0.11,4.07,1.53,65
DIST,4,AN0,0323,-0.09,6.04,1.95,1.77,AN1,189B,0.00,0.00,1.95,3.97,AN2,8A94,2.95,5.89,1.95,3.34,AN3,C32D,2.95,0.00,1.95,4.97,POS,-0.11,4.09,1.51,75
DIST,4,AN0,0323,-0.09,6.04,1.95,1.78,AN1,189B,0.00,0.00,1.95,4.00,AN2,8A94,2.95,5.89,1.95,3.27,AN3,C32D,2.95,0.00,1.95,4.97,POS,-0.09,4.10,1.47,75
DIST,3,AN0,0323,-0.09,6.04,1.95,1.79,AN1,189B,0.00,0.00,1.95,4.00,AN2,C32D,2.95,0.00,1.95,4.97,POS,-0.08,4.12,1.43,88
DIST,4,AN0,0323,-0.09,6.04,1.95,1.82,AN1,8A94,2.95,5.89,1.95,3.16,AN2,189B,0.00,0.00,1.95,3.93,AN3,C32D,2.95,0.00,1.95,4.96,POS,-0.01,4.11,1.44,80
DIST,4,AN0,0323,-0.09,6.04,1.95,1.85,AN1,8A94,2.95,5.89,1.95,3.23,AN2,189B,0.00,0.00,1.95,3.89,AN3,C32D,2.95,0.00,1.95,4.91,POS,0.01,4.10,1.44,80
DIST,4,AN0,0323,-0.09,6.04,1.95,1.89,AN1,8A94,2.95,5.89,1.95,3.22,AN2,189B,0.00,0.00,1.95,3.91,AN3,C32D,2.95,0.00,1.95,4.88,POS,-0.00,4.12,1.42,74
DIST,4,AN0,0323,-0.09,6.04,1.95,1.98,AN1,8A94,2.95,5.89,1.95,3.35,AN2,189B,0.00,0.00,1.95,3.83,AN3,C32D,2.95,0.00,1.95,4.86,POS,-0.03,4.11,1.38,69
DIST,4,AN0,0323,-0.09,6.04,1.95,2.06,AN1,8A94,2.95,5.89,1.95,3.40,AN2,189B,0.00,0.00,1.95,3.72,AN3,C32D,2.95,0.00,1.95,4.83,POS,-0.01,4.05,1.37,76
DIST,4,AN0,0323,-0.09,6.04,1.95,2.17,AN1,8A94,2.95,5.89,1.95,3.53,AN2,189B,0.00,0.00,1.95,3.58,AN3,C32D,2.95,0.00,1.95,4.83,POS,-0.02,3.97,1.37,73
DIST,4,AN0,0323,-0.09,6.04,1.95,2.29,AN1,8A94,2.95,5.89,1.95,3.66,AN2,189B,0.00,0.00,1.95,3.50,AN3,C32D,2.95,0.00,1.95,4.67,POS,-0.06,3.89,1.36,66
DIST,4,AN0,0323,-0.09,6.04,1.95,2.40,AN1,8A94,2.95,5.89,1.95,3.71,AN2,189B,0.00,0.00,1.95,3.33,AN3,C32D,2.95,0.00,1.95,4.50,POS,-0.07,3.79,1.38,70
DIST,4,AN0,0323,-0.09,6.04,1.95,2.57,AN1,8A94,2.95,5.89,1.95,3.77,AN2,189B,0.00,0.00,1.95,3.24,AN3,C32D,2.95,0.00,1.95,4.52,POS,-0.06,3.68,1.34,69
DIST,4,AN0,0323,-0.09,6.04,1.95,2.67,AN1,189B,0.00,0.00,1.95,3.11,AN2,8A94,2.95,5.89,1.95,3.85,AN3,C32D,2.95,0.00,1.95,4.45,POS,-0.05,3.57,1.33,68
DIST,4,AN0,0323,-0.09,6.04,1.95,2.83,AN1,189B,0.00,0.00,1.95,3.00,AN2,8A94,2.95,5.89,1.95,3.93,AN3,C32D,2.95,0.00,1.95,4.19,POS,-0.06,3.46,1.33,67
DIST,4,AN0,0323,-0.09,6.04,1.95,2.95,AN1,189B,0.00,0.00,1.95,2.87,AN2,8A94,2.95,5.89,1.95,4.10,AN3,C32D,2.95,0.00,1.95,3.90,POS,0.01,3.34,1.31,71
DIST,4,AN0,0323,-0.09,6.04,1.95,3.08,AN1,189B,0.00,0.00,1.95,2.74,AN2,8A94,2.95,5.89,1.95,4.23,AN3,C32D,2.95,0.00,1.95,4.01,POS,-0.02,3.22,1.29,72
DIST,4,AN0,0323,-0.09,6.04,1.95,3.21,AN1,189B,0.00,0.00,1.95,2.62,AN2,8A94,2.95,5.89,1.95,4.31,AN3,C32D,2.95,0.00,1.95,4.20,POS,-0.14,3.13,1.39,75
DIST,4,AN0,0323,-0.09,6.04,1.95,3.23,AN1,189B,0.00,0.00,1.95,2.53,AN2,8A94,2.95,5.89,1.95,4.36,AN3,C32D,2.95,0.00,1.95,4.02,POS,-0.17,3.01,1.39,71
DIST,4,AN0,189B,0.00,0.00,1.95,2.53,AN1,0323,-0.09,6.04,1.95,3.30,AN2,8A94,2.95,5.89,1.95,4.39,AN3,C32D,2.95,0.00,1.95,3.93,POS,-0.17,2.91,1.37,69
DIST,4,AN0,189B,0.00,0.00,1.95,2.54,AN1,0323,-0.09,6.04,1.95,3.29,AN2,C32D,2.95,0.00,1.95,3.93,AN3,8A94,2.95,5.89,1.95,4.45,POS,-0.18,2.84,1.33,71
DIST,4,AN0,189B,0.00,0.00,1.95,2.50,AN1,0323,-0.09,6.04,1.95,3.28,AN2,C32D,2.95,0.00,1.95,3.87,AN3,8A94,2.95,5.89,1.95,4.39,POS,-0.17,2.79,1.32,69
DIST,4,AN0,189B,0.00,0.00,1.95,2.49,AN1,0323,-0.09,6.04,1.95,3.33,AN2,C32D,2.95,0.00,1.95,3.86,AN3,8A94,2.95,5.89,1.95,4.44,POS,-0.17,2.74,1.30,69
DIST,4,AN0,189B,0.00,0.00,1.95,2.54,AN1,0323,-0.09,6.04,1.95,3.30,AN2,C32D,2.95,0.00,1.95,3.90,AN3,8A94,2.95,5.89,1.95,4.47,POS,-0.14,2.71,1.45,72
DIST,4,AN0,189B,0.00,0.00,1.95,2.47,AN1,0323,-0.09,6.04,1.95,3.34,AN2,C32D,2.95,0.00,1.95,3.90,AN3,8A94,2.95,5.89,1.95,4.40,POS,-0.14,2.68,1.40,69
DIST,4,AN0,189B,0.00,0.00,1.95,2.52,AN1,0323,-0.09,6.04,1.95,3.30,AN2,C32D,2.95,0.00,1.95,3.80,AN3,8A94,2.95,5.89,1.95,4.38,POS,-0.10,2.66,1.36,67
DIST,4,AN0,189B,0.00,0.00,1.95,2.48,AN1,0323,-0.09,6.04,1.95,3.34,AN2,C32D,2.95,0.00,1.95,3.86,AN3,8A94,2.95,5.89,1.95,4.51,POS,-0.09,2.64,1.32,68
DIST,4,AN0,189B,0.00,0.00,1.95,2.42,AN1,0323,-0.09,6.04,1.95,3.34,AN2,C32D,2.95,0.00,1.95,3.86,AN3,8A94,2.95,5.89,1.95,4.41,POS,-0.11,2.61,1.36,68
DIST,4,AN0,189B,0.00,0.00,1.95,2.44,AN1,0323,-0.09,6.04,1.95,3.33,AN2,C32D,2.95,0.00,1.95,3.85,AN3,8A94,2.95,5.89,1.95,4.59,POS,-0.12,2.60,1.36,68
DIST,4,AN0,189B,0.00,0.00,1.95,2.43,AN1,0323,-0.09,6.04,1.95,3.34,AN2,C32D,2.95,0.00,1.95,3.85,AN3,8A94,2.95,5.89,1.95,4.49,POS,-0.11,2.59,1.35,68
DIST,4,AN0,189B,0.00,0.00,1.95,2.47,AN1,0323,-0.09,6.04,1.95,3.30,AN2,C32D,2.95,0.00,1.95,3.83,AN3,8A94,2.95,5.89,1.95,4.38,POS,-0.12,2.59,1.35,69
DIST,4,AN0,189B,0.00,0.00,1.95,2.51,AN1,0323,-0.09,6.04,1.95,3.33,AN2,C32D,2.95,0.00,1.95,3.85,AN3,8A94,2.95,5.89,1.95,4.39,POS,-0.11,2.58,1.36,67
DIST,4,AN0,189B,0.00,0.00,1.95,2.52,AN1,0323,-0.09,6.04,1.95,3.30,AN2,C32D,2.95,0.00,1.95,3.87,AN3,8A94,2.95,5.89,1.95,4.41,POS,-0.14,2.57,1.31,70
DIST,4,AN0,189B,0.00,0.00,1.95,2.53,AN1,0323,-0.09,6.04,1.95,3.29,AN2,C32D,2.95,0.00,1.95,3.85,AN3,8A94,2.95,5.89,1.95,4.50,POS,-0.12,2.58,1.29,68
DIST,4,AN0,189B,0.00,0.00,1.95,2.51,AN1,0323,-0.09,6.04,1.95,3.35,AN2,C32D,2.95,0.00,1.95,3.86,AN3,8A94,2.95,5.89,1.95,4.41,POS,-0.10,2.59,1.39,70
DIST,4,AN0,189B,0.00,0.00,1.95,2.45,AN1,0323,-0.09,6.04,1.95,3.36,AN2,C32D,2.95,0.00,1.95,3.82,AN3,8A94,2.95,5.89,1.95,4.47,POS,-0.09,2.58,1.35,67
DIST,4,AN0,189B,0.00,0.00,1.95,2.43,AN1,0323,-0.09,6.04,1.95,3.36,AN2,C32D,2.95,0.00,1.95,3.76,AN3,8A94,2.95,5.89,1.95,4.48,POS,-0.06,2.57,1.34,68
DIST,4,AN0,189B,0.00,0.00,1.95,2.40,AN1,0323,-0.09,6.04,1.95,3.42,AN2,8A94,2.95,5.89,1.95,4.60,AN3,C32D,2.95,0.00,1.95,3.74,POS,-0.16,2.50,1.35,71
DIST,4,AN0,189B,0.00,0.00,1.95,2.34,AN1,0323,-0.09,6.04,1.95,3.43,AN2,C32D,2.95,0.00,1.95,3.82,AN3,8A94,2.95,5.89,1.95,4.63,POS,-0.16,2.49,1.35,67
DIST,4,AN0,189B,0.00,0.00,1.95,2.19,AN1,0323,-0.09,6.04,1.95,3.57,AN2,C32D,2.95,0.00,1.95,3.57,AN3,8A94,2.95,5.89,1.95,4.69,POS,-0.11,2.45,1.36,72
DIST,4,AN0,189B,0.00,0.00,1.95,2.07,AN1,0323,-0.09,6.04,1.95,3.72,AN2,C32D,2.95,0.00,1.95,3.54,AN3,8A94,2.95,5.89,1.95,4.79,POS,-0.09,2.38,1.34,69
DIST,4,AN0,189B,0.00,0.00,1.95,1.94,AN1,0323,-0.09,6.04,1.95,3.86,AN2,C32D,2.95,0.00,1.95,3.58,AN3,8A94,2.95,5.89,1.95,4.91,POS,-0.11,2.29,1.34,65
DIST,4,AN0,189B,0.00,0.00,1.95,1.72,AN1,0323,-0.09,6.04,1.95,4.04,AN2,C32D,2.95,0.00,1.95,3.43,AN3,8A94,2.95,5.89,1.95,5.04,POS,-0.11,2.18,1.35,69
DIST,4,AN0,189B,0.00,0.00,1.95,1.60,AN1,0323,-0.09,6.04,1.95,4.18,AN2,C32D,2.95,0.00,1.95,3.35,AN3,8A94,2.95,5.89,1.95,5.17,POS,-0.10,2.06,1.35,69
DIST,4,AN0,189B,0.00,0.00,1.95,1.43,AN1,0323,-0.09,6.04,1.95,4.26,AN2,C32D,2.95,0.00,1.95,3.29,AN3,8A94,2.95,5.89,1.95,5.31,POS,-0.11,1.94,1.42,72
DIST,4,AN0,189B,0.00,0.00,1.95,1.35,AN1,0323,-0.09,6.04,1.95,4.43,AN2,C32D,2.95,0.00,1.95,3.09,AN3,8A94,2.95,5.89,1.95,5.21,POS,-0.11,1.79,1.43,70
DIST,4,AN0,189B,0.00,0.00,1.95,1.25,AN1,0323,-0.09,6.04,1.95,4.49,AN2,C32D,2.95,0.00,1.95,3.11,AN3,8A94,2.95,5.89,1.95,5.33,POS,-0.09,1.69,1.44,74
DIST,4,AN0,189B,0.00,0.00,1.95,1.20,AN1,0323,-0.09,6.04,1.95,4.61,AN2,8A94,2.95,5.89,1.95,5.52,AN3,C32D,2.95,0.00,1.95,3.12,POS,-0.08,1.58,1.42,67
DIST,4,AN0,189B,0.00,0.00,1.95,1.11,AN1,0323,-0.09,6.04,1.95,4.75,AN2,8A94,2.95,5.89,1.95,5.68,AN3,C32D,2.95,0.00,1.95,3.17,POS,-0.08,1.48,1.51,78
DIST,4,AN0,189B,0.00,0.00,1.95,1.08,AN1,0323,-0.09,6.04,1.95,4.77,AN2,8A94,2.95,5.89,1.95,5.56,AN3,C32D,2.95,0.00,1.95,3.08,POS,-0.06,1.40,1.59,83
DIST,4,AN0,189B,0.00,0.00,1.95,1.03,AN1,0323,-0.09,6.04,1.95,4.71,AN2,8A94,2.95,5.89,1.95,5.51,AN3,C32D,2.95,0.00,1.95,3.22,POS,-0.11,1.34,1.58,63
DIST,4,AN0,189B,0.00,0.00,1.95,1.05,AN1,0323,-0.09,6.04,1.95,4.77,AN2,C32D,2.95,0.00,1.95,3.07,AN3,8A94,2.95,5.89,1.95,5.44,POS,-0.08,1.28,1.53,69
DIST,4,AN0,189B,0.00,0.00,1.95,0.98,AN1,0323,-0.09,6.04,1.95,4.72,AN2,8A94,2.95,5.89,1.95,5.42,AN3,C32D,2.95,0.00,1.95,3.05,POS,-0.07,1.24,1.54,76
DIST,4,AN0,189B,0.00,0.00,1.95,1.05,AN1,0323,-0.09,6.04,1.95,4.76,AN2,8A94,2.95,5.89,1.95,5.39,AN3,C32D,2.95,0.00,1.95,3.05,POS,-0.03,1.21,1.50,75
DIST,4,AN0,189B,0.00,0.00,1.95,1.06,AN1,0323,-0.09,6.04,1.95,4.65,AN2,8A94,2.95,5.89,1.95,5.36,AN3,C32D,2.95,0.00,1.95,3.04,POS,-0.03,1.21,1.52,77
DIST,4,AN0,189B,0.00,0.00,1.95,1.06,AN1,0323,-0.09,6.04,1.95,4.70,AN2,8A94,2.95,5.89,1.95,5.40,AN3,C32D,2.95,0.00,1.95,3.03,POS,-0.03,1.20,1.50,73
DIST,4,AN0,189B,0.00,0.00,1.95,1.03,AN1,0323,-0.09,6.04,1.95,4.79,AN2,8A94,2.95,5.89,1.95,5.41,AN3,C32D,2.95,0.00,1.95,3.06,POS,0.01,1.17,1.48,75
DIST,4,AN0,189B,0.00,0.00,1.95,0.94,AN1,C32D,2.95,0.00,1.95,3.03,AN2,0323,-0.09,6.04,1.95,4.79,AN3,8A94,2.95,5.89,1.95,5.50,POS,-0.01,1.14,1.50,73
DIST,4,AN0,189B,0.00,0.00,1.95,0.88,AN1,0323,-0.09,6.04,1.95,4.83,AN2,8A94,2.95,5.89,1.95,5.44,AN3,C32D,2.95,0.00,1.95,3.10,POS,0.02,1.11,1.52,84
DIST,4,AN0,189B,0.00,0.00,1.95,0.92,AN1,C32D,2.95,0.00,1.95,3.11,AN2,0323,-0.09,6.04,1.95,4.85,AN3,8A94,2.95,5.89,1.95,5.49,POS,-0.03,1.11,1.51,62
DIST,4,AN0,189B,0.00,0.00,1.95,0.92,AN1,0323,-0.09,6.04,1.95,4.85,AN2,8A94,2.95,5.89,1.95,5.52,AN3,C32D,2.95,0.00,1.95,3.13,POS,-0.08,1.10,1.48,58
DIST,4,AN0,189B,0.00,0.00,1.95,0.93,AN1,0323,-0.09,6.04,1.95,4.81,AN2,8A94,2.95,5.89,1.95,5.47,AN3,C32D,2.95,0.00,1.95,3.16,POS,-0.13,1.11,1.51,62
DIST,4,AN0,189B,0.00,0.00,1.95,0.95,AN1,0323,-0.09,6.04,1.95,4.76,AN2,C32D,2.95,0.00,1.95,3.10,AN3,8A94,2.95,5.89,1.95,5.47,POS,-0.12,1.10,1.52,72
DIST,4,AN0,189B,0.00,0.00,1.95,0.95,AN1,0323,-0.09,6.04,1.95,4.77,AN2,C32D,2.95,0.00,1.95,3.09,AN3,8A94,2.95,5.89,1.95,5.43,POS,-0.08,1.10,1.54,79
DIST,4,AN0,189B,0.00,0.00,1.95,0.97,AN1,0323,-0.09,6.04,1.95,4.83,AN2,8A94,2.95,5.89,1.95,5.49,AN3,C32D,2.95,0.00,1.95,3.11,POS,-0.06,1.08,1.51,73
DIST,4,AN0,189B,0.00,0.00,1.95,0.91,AN1,0323,-0.09,6.04,1.95,4.89,AN2,8A94,2.95,5.89,1.95,5.50,AN3,C32D,2.95,0.00,1.95,3.06,POS,-0.02,1.06,1.49,76
DIST,4,AN0,189B,0.00,0.00,1.95,0.91,AN1,0323,-0.09,6.04,1.95,4.87,AN2,8A94,2.95,5.89,1.95,5.50,AN3,C32D,2.95,0.00,1.95,3.07,POS,0.01,1.04,1.48,76
DIST,4,AN0,189B,0.00,0.00,1.95,0.95,AN1,C32D,2.95,0.00,1.95,3.06,AN2,0323,-0.09,6.04,1.95,4.88,AN3,8A94,2.95,5.89,1.95,5.46,POS,-0.02,1.07,1.56,77
DIST,4,AN0,189B,0.00,0.00,1.95,0.93,AN1,0323,-0.09,6.04,1.95,4.92,AN2,8A94,2.95,5.89,1.95,5.54,AN3,C32D,2.95,0.00,1.95,3.12,POS,-0.06,1.07,1.59,70
DIST,4,AN0,189B,0.00,0.00,1.95,0.91,AN1,0323,-0.09,6.04,1.95,4.93,AN2,8A94,2.95,5.89,1.95,5.52,AN3,C32D,2.95,0.00,1.95,3.12,POS,-0.11,1.07,1.55,57
DIST,4,AN0,189B,0.00,0.00,1.95,0.93,AN1,0323,-0.09,6.04,1.95,4.92,AN2,C32D,2.95,0.00,1.95,3.06,AN3,8A94,2.95,5.89,1.95,5.50,POS,-0.05,1.04,1.51,74
DIST,4,AN0,189B,0.00,0.00,1.95,0.93,AN1,0323,-0.09,6.04,1.95,4.85,AN2,8A94,2.95,5.89,1.95,5.44,AN3,C32D,2.95,0.00,1.95,3.09,POS,-0.08,1.06,1.50,65
DIST,4,AN0,189B,0.00,0.00,1.95,0.98,AN1,0323,-0.09,6.04,1.95,4.84,AN2,8A94,2.95,5.89,1.95,5.48,AN3,C32D,2.95,0.00,1.95,3.11,POS,-0.04,1.05,1.47,72
DIST,4,AN0,189B,0.00,0.00,1.95,0.97,AN1,0323,-0.09,6.04,1.95,4.81,AN2,8A94,2.95,5.89,1.95,5.48,AN3,C32D,2.95,0.00,1.95,3.07,POS,-0.04,1.06,1.47,72
DIST,4,AN0,189B,0.00,0.00,1.95,0.94,AN1,0323,-0.09,6.04,1.95,4.81,AN2,8A94,2.95,5.89,1.95,5.50,AN3,C32D,2.95,0.00,1.95,3.11,POS,-0.05,1.05,1.48,72
DIST,4,AN0,189B,0.00,0.00,1.95,0.96,AN1,0323,-0.09,6.04,1.95,4.83,AN2,8A94,2.95,5.89,1.95,5.47,AN3,C32D,2.95,0.00,1.95,3.04,POS,-0.03,1.05,1.47,73
DIST,4,AN0,189B,0.00,0.00,1.95,0.98,AN1,0323,-0.09,6.04,1.95,4.83,AN2,8A94,2.95,5.89,1.95,5.47,AN3,C32D,2.95,0.00,1.95,3.07,POS,-0.01,1.05,1.46,73
DIST,4,AN0,189B,0.00,0.00,1.95,0.96,AN1,0323,-0.09,6.04,1.95,4.84,AN2,8A94,2.95,5.89,1.95,5.45,AN3,C32D,2.95,0.00,1.95,3.11,POS,-0.05,1.07,1.45,62
DIST,4,AN0,189B,0.00,0.00,1.95,0.97,AN1,0323,-0.09,6.04,1.95,4.85,AN2,8A94,2.95,5.89,1.95,5.45,AN3,C32D,2.95,0.00,1.95,2.99,POS,-0.03,1.06,1.44,73
DIST,4,AN0,189B,0.00,0.00,1.95,0.95,AN1,0323,-0.09,6.04,1.95,4.83,AN2,8A94,2.95,5.89,1.95,5.46,AN3,C32D,2.95,0.00,1.95,3.00,POS,-0.01,1.05,1.44,75
DIST,4,AN0,189B,0.00,0.00,1.95,0.97,AN1,0323,-0.09,6.04,1.95,4.81,AN2,8A94,2.95,5.89,1.95,5.46,AN3,C32D,2.95,0.00,1.95,3.04,POS,-0.00,1.05,1.44,73
DIST,4,AN0,189B,0.00,0.00,1.95,0.98,AN1,0323,-0.09,6.04,1.95,4.85,AN2,8A94,2.95,5.89,1.95,5.50,AN3,C32D,2.95,0.00,1.95,2.98,POS,0.00,1.05,1.42,69
DIST,4,AN0,189B,0.00,0.00,1.95,0.97,AN1,C32D,2.95,0.00,1.95,3.07,AN2,0323,-0.09,6.04,1.95,4.80,AN3,8A94,2.95,5.89,1.95,5.45,POS,0.01,1.05,1.43,76
DIST,4,AN0,189B,0.00,0.00,1.95,0.96,AN1,C32D,2.95,0.00,1.95,3.06,AN2,0323,-0.09,6.04,1.95,4.90,AN3,8A94,2.95,5.89,1.95,5.44,POS,-0.01,1.07,1.52,80
DIST,4,AN0,189B,0.00,0.00,1.95,0.99,AN1,0323,-0.09,6.04,1.95,4.84,AN2,8A94,2.95,5.89,1.95,5.46,AN3,C32D,2.95,0.00,1.95,3.00,POS,0.01,1.07,1.48,72
DIST,4,AN0,189B,0.00,0.00,1.95,0.98,AN1,C32D,2.95,0.00,1.95,3.08,AN2,0323,-0.09,6.04,1.95,4.87,AN3,8A94,2.95,5.89,1.95,5.46,POS,-0.02,1.08,1.53,74
DIST,4,AN0,189B,0.00,0.00,1.95,0.98,AN1,0323,-0.09,6.04,1.95,4.88,AN2,8A94,2.95,5.89,1.95,5.47,AN3,C32D,2.95,0.00,1.95,3.13,POS,-0.05,1.10,1.59,75
DIST,4,AN0,189B,0.00,0.00,1.95,0.96,AN1,0323,-0.09,6.04,1.95,4.83,AN2,8A94,2.95,5.89,1.95,5.48,AN3,C32D,2.95,0.00,1.95,3.10,POS,-0.02,1.09,1.55,74
DIST,4,AN0,189B,0.00,0.00,1.95,0.98,AN1,0323,-0.09,6.04,1.95,4.85,AN2,8A94,2.95,5.89,1.95,5.46,AN3,C32D,2.95,0.00,1.95,3.11,POS,-0.06,1.10,1.61,74
DIST,4,AN0,189B,0.00,0.00,1.95,0.97,AN1,0323,-0.09,6.04,1.95,4.78,AN2,8A94,2.95,5.89,1.95,5.42,AN3,C32D,2.95,0.00,1.95,3.04,POS,-0.03,1.10,1.58,76
DIST,4,AN0,189B,0.00,0.00,1.95,0.99,AN1,0323,-0.09,6.04,1.95,4.79,AN2,8A94,2.95,5.89,1.95,5.51,AN3,C32D,2.95,0.00,1.95,3.08,POS,-0.05,1.09,1.55,68
