DIST,4,AN0,189B,0.00,0.00,1.95,1.05,AN1,C32D,2.95,0.00,1.95,3.08,AN2,0323,-0.09,6.04,1.95,4.70,AN3,8A94,2.95,5.89,1.95,5.37,POS,0.02,1.14,1.51,76
DIST,4,AN0,189B,0.00,0.00,1.95,1.02,AN1,C32D,2.95,0.00,1.95,3.09,AN2,0323,-0.09,6.04,1.95,4.77,AN3,8A94,2.95,5.89,1.95,5.38,POS,0.04,1.13,1.49,78
DIST,4,AN0,189B,0.00,0.00,1.95,1.00,AN1,C32D,2.95,0.00,1.95,3.09,AN2,0323,-0.09,6.04,1.95,4.77,AN3,8A94,2.95,5.89,1.95,5.39,POS,-0.01,1.14,1.48,65
DIST,4,AN0,189B,0.00,0.00,1.95,1.00,AN1,0323,-0.09,6.04,1.95,4.74,AN2,8A94,2.95,5.89,1.95,5.40,AN3,C32D,2.95,0.00,1.95,3.05,POS,-0.00,1.14,1.49,77
DIST,4,AN0,189B,0.00,0.00,1.95,1.00,AN1,0323,-0.09,6.04,1.95,4.81,AN2,8A94,2.95,5.89,1.95,5.38,AN3,C32D,2.95,0.00,1.95,3.08,POS,-0.04,1.14,1.47,65
DIST,4,AN0,189B,0.00,0.00,1.95,1.02,AN1,0323,-0.09,6.04,1.95,4.77,AN2,8A94,2.95,5.89,1.95,5.41,AN3,C32D,2.95,0.00,1.95,3.04,POS,-0.01,1.13,1.46,74
DIST,4,AN0,189B,0.00,0.00,1.95,1.03,AN1,0323,-0.09,6.04,1.95,4.74,AN2,8A94,2.95,5.89,1.95,5.42,AN3,C32D,2.95,0.00,1.95,2.97,POS,-0.00,1.13,1.47,76
DIST,4,AN0,189B,0.00,0.00,1.95,1.01,AN1,0323,-0.09,6.04,1.95,4.72,AN2,8A94,2.95,5.89,1.95,5.41,AN3,C32D,2.95,0.00,1.95,3.02,POS,-0.01,1.13,1.49,76
DIST,4,AN0,189B,0.00,0.00,1.95,1.03,AN1,0323,-0.09,6.04,1.95,4.75,AN2,8A94,2.95,5.89,1.95,5.41,AN3,C32D,2.95,0.00,1.95,3.03,POS,-0.01,1.13,1.48,73
DIST,4,AN0,189B,0.00,0.00,1.95,1.02,AN1,0323,-0.09,6.04,1.95,4.66,AN2,8A94,2.95,5.89,1.95,5.37,AN3,C32D,2.95,0.00,1.95,2.99,POS,-0.01,1.14,1.53,80
DIST,4,AN0,189B,0.00,0.00,1.95,1.03,AN1,0323,-0.09,6.04,1.95,4.68,AN2,8A94,2.95,5.89,1.95,5.33,AN3,C32D,2.95,0.00,1.95,2.95,POS,0.01,1.15,1.55,82
DIST,4,AN0,189B,0.00,0.00,1.95,1.05,AN1,C32D,2.95,0.00,1.95,2.96,AN2,0323,-0.09,6.04,1.95,4.67,AN3,8A94,2.95,5.89,1.95,5.34,POS,0.02,1.16,1.57,82
DIST,4,AN0,189B,0.00,0.00,1.95,1.07,AN1,C32D,2.95,0.00,1.95,2.95,AN2,0323,-0.09,6.04,1.95,4.63,AN3,8A94,2.95,5.89,1.95,5.32,POS,0.03,1.18,1.58,82
DIST,4,AN0,189B,0.00,0.00,1.95,1.03,AN1,C32D,2.95,0.00,1.95,2.98,AN2,0323,-0.09,6.04,1.95,4.61,AN3,8A94,2.95,5.89,1.95,5.38,POS,0.02,1.19,1.65,83
DIST,4,AN0,189B,0.00,0.00,1.95,1.03,AN1,C32D,2.95,0.00,1.95,2.98,AN2,0323,-0.09,6.04,1.95,4.64,AN3,8A94,2.95,5.89,1.95,5.38,POS,0.01,1.19,1.67,80
DIST,4,AN0,189B,0.00,0.00,1.95,0.98,AN1,C32D,2.95,0.00,1.95,3.00,AN2,0323,-0.09,6.04,1.95,4.68,AN3,8A94,2.95,5.89,1.95,5.39,POS,0.00,1.19,1.69,81
DIST,4,AN0,189B,0.00,0.00,1.95,0.98,AN1,C32D,2.95,0.00,1.95,3.02,AN2,0323,-0.09,6.04,1.95,4.72,AN3,8A94,2.95,5.89,1.95,5.39,POS,-0.00,1.17,1.67,79
DIST,4,AN0,189B,0.00,0.00,1.95,1.02,AN1,0323,-0.09,6.04,1.95,4.75,AN2,8A94,2.95,5.89,1.95,5.42,AN3,C32D,2.95,0.00,1.95,3.03,POS,-0.01,1.16,1.62,73
DIST,4,AN0,189B,0.00,0.00,1.95,1.07,AN1,0323,-0.09,6.04,1.95,4.70,AN2,8A94,2.95,5.89,1.95,5.48,AN3,C32D,2.95,0.00,1.95,3.01,POS,-0.05,1.13,1.65,71
DIST,4,AN0,189B,0.00,0.00,1.95,1.07,AN1,0323,-0.09,6.04,1.95,4.72,AN2,8A94,2.95,5.89,1.95,5.41,AN3,C32D,2.95,0.00,1.95,2.99,POS,-0.04,1.13,1.63,78
DIST,4,AN0,189B,0.00,0.00,1.95,1.04,AN1,0323,-0.09,6.04,1.95,4.68,AN2,8A94,2.95,5.89,1.95,5.38,AN3,C32D,2.95,0.00,1.95,2.94,POS,-0.02,1.14,1.62,80
DIST,4,AN0,189B,0.00,0.00,1.95,1.04,AN1,0323,-0.09,6.04,1.95,4.73,AN2,8A94,2.95,5.89,1.95,5.36,AN3,C32D,2.95,0.00,1.95,3.01,POS,0.00,1.14,1.58,78
DIST,4,AN0,189B,0.00,0.00,1.95,1.09,AN1,C32D,2.95,0.00,1.95,3.03,AN2,0323,-0.09,6.04,1.95,4.65,AN3,8A94,2.95,5.89,1.95,5.32,POS,0.01,1.16,1.56,76
DIST,4,AN0,189B,0.00,0.00,1.95,1.09,AN1,C32D,2.95,0.00,1.95,3.06,AN2,0323,-0.09,6.04,1.95,4.67,AN3,8A94,2.95,5.89,1.95,5.32,POS,0.02,1.17,1.54,77
DIST,4,AN0,189B,0.00,0.00,1.95,1.12,AN1,C32D,2.95,0.00,1.95,2.98,AN2,0323,-0.09,6.04,1.95,4.61,AN3,8A94,2.95,5.89,1.95,5.30,POS,0.02,1.19,1.56,81
DIST,4,AN0,189B,0.00,0.00,1.95,1.16,AN1,C32D,2.95,0.00,1.95,2.95,AN2,0323,-0.09,6.04,1.95,4.64,AN3,8A94,2.95,5.89,1.95,5.20,POS,0.08,1.20,1.53,82
DIST,4,AN0,189B,0.00,0.00,1.95,1.16,AN1,C32D,2.95,0.00,1.95,2.89,AN2,0323,-0.09,6.04,1.95,4.63,AN3,8A94,2.95,5.89,1.95,5.24,POS,0.11,1.21,1.51,81
DIST,4,AN0,189B,0.00,0.00,1.95,1.11,AN1,C32D,2.95,0.00,1.95,2.74,AN2,0323,-0.09,6.04,1.95,4.67,AN3,8A94,2.95,5.89,1.95,5.29,POS,0.11,1.18,1.55,84
DIST,4,AN0,189B,0.00,0.00,1.95,1.08,AN1,C32D,2.95,0.00,1.95,2.74,AN2,0323,-0.09,6.04,1.95,4.87,AN3,8A94,2.95,5.89,1.95,5.31,POS,0.19,1.14,1.50,70
DIST,4,AN0,189B,0.00,0.00,1.95,1.09,AN1,C32D,2.95,0.00,1.95,2.65,AN2,0323,-0.09,6.04,1.95,4.85,AN3,8A94,2.95,5.89,1.95,5.39,POS,0.19,1.09,1.47,76
DIST,4,AN0,189B,0.00,0.00,1.95,1.11,AN1,C32D,2.95,0.00,1.95,2.54,AN2,0323,-0.09,6.04,1.95,4.84,AN3,8A94,2.95,5.89,1.95,5.30,POS,0.27,1.08,1.54,83
DIST,4,AN0,189B,0.00,0.00,1.95,1.14,AN1,C32D,2.95,0.00,1.95,2.52,AN2,0323,-0.09,6.04,1.95,4.85,AN3,8A94,2.95,5.89,1.95,5.17,POS,0.35,1.08,1.52,69
DIST,4,AN0,189B,0.00,0.00,1.95,1.19,AN1,C32D,2.95,0.00,1.95,2.38,AN2,0323,-0.09,6.04,1.95,4.78,AN3,8A94,2.95,5.89,1.95,5.14,POS,0.43,1.09,1.52,70
DIST,4,AN0,189B,0.00,0.00,1.95,1.32,AN1,C32D,2.95,0.00,1.95,2.28,AN2,0323,-0.09,6.04,1.95,4.78,AN3,8A94,2.95,5.89,1.95,5.08,POS,0.49,1.08,1.49,63
DIST,4,AN0,189B,0.00,0.00,1.95,1.39,AN1,C32D,2.95,0.00,1.95,2.15,AN2,0323,-0.09,6.04,1.95,4.84,AN3,8A94,2.95,5.89,1.95,5.09,POS,0.61,1.10,1.47,62
DIST,4,AN0,189B,0.00,0.00,1.95,1.41,AN1,C32D,2.95,0.00,1.95,2.04,AN2,0323,-0.09,6.04,1.95,4.84,AN3,8A94,2.95,5.89,1.95,5.09,POS,0.72,1.11,1.49,67
DIST,4,AN0,189B,0.00,0.00,1.95,1.51,AN1,C32D,2.95,0.00,1.95,1.90,AN2,0323,-0.09,6.04,1.95,4.98,AN3,8A94,2.95,5.89,1.95,4.98,POS,0.85,1.09,1.49,66
DIST,4,AN0,189B,0.00,0.00,1.95,1.49,AN1,C32D,2.95,0.00,1.95,1.85,AN2,0323,-0.09,6.04,1.95,5.05,AN3,8A94,2.95,5.89,1.95,5.05,POS,0.95,1.07,1.46,64
DIST,4,AN0,189B,0.00,0.00,1.95,1.53,AN1,C32D,2.95,0.00,1.95,1.81,AN2,0323,-0.09,6.04,1.95,5.01,AN3,8A94,2.95,5.89,1.95,5.04,POS,0.99,1.03,1.43,58
DIST,4,AN0,189B,0.00,0.00,1.95,1.56,AN1,C32D,2.95,0.00,1.95,1.82,AN2,0323,-0.09,6.04,1.95,5.01,AN3,8A94,2.95,5.89,1.95,4.97,POS,1.07,1.03,1.43,68
DIST,4,AN0,189B,0.00,0.00,1.95,1.63,AN1,C32D,2.95,0.00,1.95,1.78,AN2,0323,-0.09,6.04,1.95,4.97,AN3,8A94,2.95,5.89,1.95,4.95,POS,1.10,1.02,1.41,62
DIST,4,AN0,189B,0.00,0.00,1.95,1.64,AN1,C32D,2.95,0.00,1.95,1.77,AN2,0323,-0.09,6.04,1.95,4.94,AN3,8A94,2.95,5.89,1.95,4.91,POS,1.14,1.01,1.40,64
DIST,4,AN0,189B,0.00,0.00,1.95,1.62,AN1,C32D,2.95,0.00,1.95,1.71,AN2,0323,-0.09,6.04,1.95,4.93,AN3,8A94,2.95,5.89,1.95,4.93,POS,1.21,1.05,1.49,79
DIST,4,AN0,189B,0.00,0.00,1.95,1.69,AN1,C32D,2.95,0.00,1.95,1.70,AN2,8A94,2.95,5.89,1.95,4.97,AN3,0323,-0.09,6.04,1.95,4.95,POS,1.27,1.07,1.53,79
DIST,4,AN0,189B,0.00,0.00,1.95,1.65,AN1,C32D,2.95,0.00,1.95,1.71,AN2,8A94,2.95,5.89,1.95,4.96,AN3,0323,-0.09,6.04,1.95,4.93,POS,1.31,1.09,1.57,79
DIST,4,AN0,189B,0.00,0.00,1.95,1.73,AN1,C32D,2.95,0.00,1.95,1.68,AN2,8A94,2.95,5.89,1.95,4.95,AN3,0323,-0.09,6.04,1.95,4.98,POS,1.36,1.10,1.56,76
DIST,4,AN0,189B,0.00,0.00,1.95,1.69,AN1,C32D,2.95,0.00,1.95,1.68,AN2,8A94,2.95,5.89,1.95,4.93,AN3,0323,-0.09,6.04,1.95,4.97,POS,1.39,1.10,1.58,78
DIST,4,AN0,189B,0.00,0.00,1.95,1.68,AN1,C32D,2.95,0.00,1.95,1.77,AN2,8A94,2.95,5.89,1.95,4.97,AN3,0323,-0.09,6.04,1.95,4.99,POS,1.35,1.07,1.51,61
DIST,4,AN0,189B,0.00,0.00,1.95,1.64,AN1,C32D,2.95,0.00,1.95,1.78,AN2,8A94,2.95,5.89,1.95,4.93,AN3,0323,-0.09,6.04,1.95,4.98,POS,1.34,1.06,1.56,72
DIST,4,AN0,189B,0.00,0.00,1.95,1.64,AN1,C32D,2.95,0.00,1.95,1.77,AN2,8A94,2.95,5.89,1.95,4.92,AN3,0323,-0.09,6.04,1.95,4.98,POS,1.32,1.06,1.61,73
DIST,4,AN0,189B,0.00,0.00,1.95,1.60,AN1,C32D,2.95,0.00,1.95,1.82,AN2,8A94,2.95,5.89,1.95,4.95,AN3,0323,-0.09,6.04,1.95,4.95,POS,1.29,1.04,1.53,61
DIST,4,AN0,189B,0.00,0.00,1.95,1.63,AN1,C32D,2.95,0.00,1.95,1.83,AN2,8A94,2.95,5.89,1.95,4.94,AN3,0323,-0.09,6.04,1.95,4.94,POS,1.27,1.03,1.47,61
DIST,4,AN0,189B,0.00,0.00,1.95,1.56,AN1,C32D,2.95,0.00,1.95,1.80,AN2,8A94,2.95,5.89,1.95,4.91,AN3,0323,-0.09,6.04,1.95,4.91,POS,1.24,1.03,1.47,65
DIST,4,AN0,189B,0.00,0.00,1.95,1.63,AN1,C32D,2.95,0.00,1.95,1.81,AN2,8A94,2.95,5.89,1.95,4.94,AN3,0323,-0.09,6.04,1.95,4.96,POS,1.27,1.05,1.46,72
DIST,4,AN0,189B,0.00,0.00,1.95,1.61,AN1,C32D,2.95,0.00,1.95,1.78,AN2,8A94,2.95,5.89,1.95,4.97,AN3,0323,-0.09,6.04,1.95,5.00,POS,1.30,1.05,1.46,71
DIST,4,AN0,189B,0.00,0.00,1.95,1.61,AN1,C32D,2.95,0.00,1.95,1.67,AN2,8A94,2.95,5.89,1.95,4.93,AN3,0323,-0.09,6.04,1.95,4.94,POS,1.27,1.02,1.42,58
DIST,4,AN0,189B,0.00,0.00,1.95,1.64,AN1,C32D,2.95,0.00,1.95,1.68,AN2,8A94,2.95,5.89,1.95,4.97,AN3,0323,-0.09,6.04,1.95,4.96,POS,1.32,1.04,1.50,80
DIST,4,AN0,189B,0.00,0.00,1.95,1.62,AN1,C32D,2.95,0.00,1.95,1.76,AN2,8A94,2.95,5.89,1.95,4.97,AN3,0323,-0.09,6.04,1.95,4.94,POS,1.34,1.06,1.53,76
DIST,4,AN0,189B,0.00,0.00,1.95,1.62,AN1,C32D,2.95,0.00,1.95,1.76,AN2,8A94,2.95,5.89,1.95,4.97,AN3,0323,-0.09,6.04,1.95,4.98,POS,1.30,1.03,1.50,62
DIST,4,AN0,189B,0.00,0.00,1.95,1.62,AN1,C32D,2.95,0.00,1.95,1.77,AN2,8A94,2.95,5.89,1.95,5.00,AN3,0323,-0.09,6.04,1.95,5.01,POS,1.28,1.01,1.46,60
DIST,4,AN0,189B,0.00,0.00,1.95,1.57,AN1,C32D,2.95,0.00,1.95,1.72,AN2,8A94,2.95,5.89,1.95,4.98,AN3,0323,-0.09,6.04,1.95,5.03,POS,1.27,0.99,1.43,61
DIST,4,AN0,189B,0.00,0.00,1.95,1.60,AN1,C32D,2.95,0.00,1.95,1.70,AN2,8A94,2.95,5.89,1.95,4.96,AN3,0323,-0.09,6.04,1.95,4.98,POS,1.26,0.97,1.46,65
DIST,4,AN0,189B,0.00,0.00,1.95,1.65,AN1,C32D,2.95,0.00,1.95,1.75,AN2,8A94,2.95,5.89,1.95,4.98,AN3,0323,-0.09,6.04,1.95,4.94,POS,1.30,1.01,1.48,77
DIST,4,AN0,189B,0.00,0.00,1.95,1.65,AN1,C32D,2.95,0.00,1.95,1.71,AN2,8A94,2.95,5.89,1.95,4.99,AN3,0323,-0.09,6.04,1.95,4.94,POS,1.33,1.05,1.54,79
DIST,4,AN0,189B,0.00,0.00,1.95,1.64,AN1,C32D,2.95,0.00,1.95,1.74,AN2,8A94,2.95,5.89,1.95,4.98,AN3,0323,-0.09,6.04,1.95,4.96,POS,1.35,1.06,1.54,76
DIST,4,AN0,189B,0.00,0.00,1.95,1.67,AN1,C32D,2.95,0.00,1.95,1.70,AN2,8A94,2.95,5.89,1.95,4.94,AN3,0323,-0.09,6.04,1.95,5.04,POS,1.38,1.06,1.52,74
DIST,4,AN0,189B,0.00,0.00,1.95,1.66,AN1,C32D,2.95,0.00,1.95,1.76,AN2,8A94,2.95,5.89,1.95,4.95,AN3,0323,-0.09,6.04,1.95,5.00,POS,1.39,1.07,1.50,72
DIST,4,AN0,189B,0.00,0.00,1.95,1.67,AN1,C32D,2.95,0.00,1.95,1.74,AN2,8A94,2.95,5.89,1.95,4.94,AN3,0323,-0.09,6.04,1.95,4.99,POS,1.36,1.04,1.45,63
DIST,4,AN0,189B,0.00,0.00,1.95,1.71,AN1,C32D,2.95,0.00,1.95,1.72,AN2,8A94,2.95,5.89,1.95,4.95,AN3,0323,-0.09,6.04,1.95,5.02,POS,1.35,1.02,1.40,61
DIST,4,AN0,189B,0.00,0.00,1.95,1.69,AN1,C32D,2.95,0.00,1.95,1.68,AN2,8A94,2.95,5.89,1.95,4.98,AN3,0323,-0.09,6.04,1.95,4.99,POS,1.38,1.04,1.44,76
DIST,3,AN0,189B,0.00,0.00,1.95,1.68,AN1,C32D,2.95,0.00,1.95,1.74,AN2,8A94,2.95,5.89,1.95,4.95,POS,1.39,1.03,1.40,68
DIST,4,AN0,189B,0.00,0.00,1.95,1.67,AN1,C32D,2.95,0.00,1.95,1.65,AN2,8A94,2.95,5.89,1.95,4.99,AN3,0323,-0.09,6.04,1.95,4.93,POS,1.42,1.05,1.37,69
DIST,4,AN0,189B,0.00,0.00,1.95,1.68,AN1,C32D,2.95,0.00,1.95,1.68,AN2,8A94,2.95,5.89,1.95,5.00,AN3,0323,-0.09,6.04,1.95,5.03,POS,1.43,1.06,1.40,75
DIST,4,AN0,189B,0.00,0.00,1.95,1.64,AN1,C32D,2.95,0.00,1.95,1.70,AN2,8A94,2.95,5.89,1.95,4.96,AN3,0323,-0.09,6.04,1.95,5.03,POS,1.40,1.03,1.38,62
DIST,4,AN0,189B,0.00,0.00,1.95,1.68,AN1,C32D,2.95,0.00,1.95,1.75,AN2,8A94,2.95,5.89,1.95,4.99,AN3,0323,-0.09,6.04,1.95,4.99,POS,1.41,1.05,1.40,74
DIST,4,AN0,189B,0.00,0.00,1.95,1.67,AN1,C32D,2.95,0.00,1.95,1.66,AN2,8A94,2.95,5.89,1.95,5.02,AN3,0323,-0.09,6.04,1.95,5.07,POS,1.37,1.00,1.41,61
DIST,4,AN0,189B,0.00,0.00,1.95,1.74,AN1,C32D,2.95,0.00,1.95,1.72,AN2,8A94,2.95,5.89,1.95,4.97,AN3,0323,-0.09,6.04,1.95,5.01,POS,1.34,0.98,1.40,62
DIST,4,AN0,189B,0.00,0.00,1.95,1.70,AN1,C32D,2.95,0.00,1.95,1.70,AN2,8A94,2.95,5.89,1.95,4.98,AN3,0323,-0.09,6.04,1.95,4.93,POS,1.38,1.03,1.47,80
DIST,4,AN0,189B,0.00,0.00,1.95,1.69,AN1,C32D,2.95,0.00,1.95,1.68,AN2,8A94,2.95,5.89,1.95,4.94,AN3,0323,-0.09,6.04,1.95,4.95,POS,1.40,1.06,1.53,80
DIST,4,AN0,189B,0.00,0.00,1.95,1.68,AN1,C32D,2.95,0.00,1.95,1.66,AN2,8A94,2.95,5.89,1.95,4.94,AN3,0323,-0.09,6.04,1.95,4.96,POS,1.36,1.01,1.46,57
DIST,4,AN0,189B,0.00,0.00,1.95,1.75,AN1,C32D,2.95,0.00,1.95,1.73,AN2,8A94,2.95,5.89,1.95,4.92,AN3,0323,-0.09,6.04,1.95,4.94,POS,1.39,1.05,1.47,77
DIST,4,AN0,189B,0.00,0.00,1.95,1.74,AN1,C32D,2.95,0.00,1.95,1.71,AN2,8A94,2.95,5.89,1.95,4.92,AN3,0323,-0.09,6.04,1.95,4.90,POS,1.42,1.09,1.52,81
DIST,4,AN0,189B,0.00,0.00,1.95,1.79,AN1,C32D,2.95,0.00,1.95,1.74,AN2,8A94,2.95,5.89,1.95,4.86,AN3,0323,-0.09,6.04,1.95,4.91,POS,1.44,1.12,1.51,78
DIST,4,AN0,189B,0.00,0.00,1.95,1.80,AN1,C32D,2.95,0.00,1.95,1.72,AN2,8A94,2.95,5.89,1.95,4.81,AN3,0323,-0.09,6.04,1.95,4.93,POS,1.46,1.14,1.50,76
DIST,4,AN0,189B,0.00,0.00,1.95,1.82,AN1,C32D,2.95,0.00,1.95,1.70,AN2,8A94,2.95,5.89,1.95,4.82,AN3,0323,-0.09,6.04,1.95,4.94,POS,1.45,1.12,1.44,68
DIST,4,AN0,189B,0.00,0.00,1.95,1.85,AN1,C32D,2.95,0.00,1.95,1.60,AN2,8A94,2.95,5.89,1.95,4.83,AN3,0323,-0.09,6.04,1.95,4.99,POS,1.45,1.09,1.43,70
DIST,4,AN0,189B,0.00,0.00,1.95,1.88,AN1,C32D,2.95,0.00,1.95,1.54,AN2,8A94,2.95,5.89,1.95,4.81,AN3,0323,-0.09,6.04,1.95,5.05,POS,1.48,1.09,1.51,75
DIST,4,AN0,C32D,2.95,0.00,1.95,1.43,AN1,189B,0.00,0.00,1.95,1.94,AN2,8A94,2.95,5.89,1.95,4.87,AN3,0323,-0.09,6.04,1.95,5.14,POS,1.52,1.05,1.45,61
DIST,4,AN0,C32D,2.95,0.00,1.95,1.31,AN1,189B,0.00,0.00,1.95,2.05,AN2,8A94,2.95,5.89,1.95,4.91,AN3,0323,-0.09,6.04,1.95,5.15,POS,1.63,1.06,1.51,64
DIST,4,AN0,C32D,2.95,0.00,1.95,1.26,AN1,189B,0.00,0.00,1.95,2.09,AN2,8A94,2.95,5.89,1.95,4.85,AN3,0323,-0.09,6.04,1.95,5.27,POS,1.71,1.04,1.53,58
DIST,4,AN0,C32D,2.95,0.00,1.95,1.23,AN1,189B,0.00,0.00,1.95,2.20,AN2,8A94,2.95,5.89,1.95,4.86,AN3,0323,-0.09,6.04,1.95,5.25,POS,1.75,1.00,1.48,54
DIST,4,AN0,C32D,2.95,0.00,1.95,1.21,AN1,189B,0.00,0.00,1.95,2.38,AN2,8A94,2.95,5.89,1.95,4.81,AN3,0323,-0.09,6.04,1.95,5.23,POS,1.88,1.04,1.50,72
DIST,4,AN0,C32D,2.95,0.00,1.95,1.20,AN1,189B,0.00,0.00,1.95,2.49,AN2,8A94,2.95,5.89,1.95,4.77,AN3,0323,-0.09,6.04,1.95,5.26,POS,2.00,1.08,1.49,74
DIST,4,AN0,C32D,2.95,0.00,1.95,1.10,AN1,189B,0.00,0.00,1.95,2.50,AN2,8A94,2.95,5.89,1.95,4.77,AN3,0323,-0.09,6.04,1.95,5.29,POS,2.10,1.10,1.55,83
DIST,4,AN0,C32D,2.95,0.00,1.95,1.05,AN1,189B,0.00,0.00,1.95,2.63,AN2,8A94,2.95,5.89,1.95,4.79,AN3,0323,-0.09,6.04,1.95,5.34,POS,2.22,1.12,1.61,83
DIST,4,AN0,C32D,2.95,0.00,1.95,0.93,AN1,189B,0.00,0.00,1.95,2.70,AN2,8A94,2.95,5.89,1.95,4.80,AN3,0323,-0.09,6.04,1.95,5.43,POS,2.35,1.11,1.56,80
DIST,4,AN0,C32D,2.95,0.00,1.95,0.93,AN1,189B,0.00,0.00,1.95,2.83,AN2,8A94,2.95,5.89,1.95,4.75,AN3,0323,-0.09,6.04,1.95,5.62,POS,2.45,1.08,1.53,78
DIST,4,AN0,C32D,2.95,0.00,1.95,0.89,AN1,189B,0.00,0.00,1.95,2.94,AN2,8A94,2.95,5.89,1.95,4.78,AN3,0323,-0.09,6.04,1.95,5.55,POS,2.59,1.08,1.52,72
DIST,4,AN0,C32D,2.95,0.00,1.95,0.94,AN1,189B,0.00,0.00,1.95,2.94,AN2,8A94,2.95,5.89,1.95,4.77,AN3,0323,-0.09,6.04,1.95,5.65,POS,2.63,1.05,1.48,76
DIST,4,AN0,C32D,2.95,0.00,1.95,0.89,AN1,189B,0.00,0.00,1.95,3.06,AN2,8A94,2.95,5.89,1.95,4.81,AN3,0323,-0.09,6.04,1.95,5.63,POS,2.76,1.06,1.49,64
DIST,4,AN0,C32D,2.95,0.00,1.95,0.93,AN1,189B,0.00,0.00,1.95,3.03,AN2,8A94,2.95,5.89,1.95,4.75,AN3,0323,-0.09,6.04,1.95,5.70,POS,2.80,1.04,1.46,70
DIST,4,AN0,C32D,2.95,0.00,1.95,0.92,AN1,189B,0.00,0.00,1.95,3.09,AN2,8A94,2.95,5.89,1.95,4.82,AN3,0323,-0.09,6.04,1.95,5.66,POS,2.90,1.05,1.46,60
DIST,4,AN0,C32D,2.95,0.00,1.95,0.95,AN1,189B,0.00,0.00,1.95,3.07,AN2,8A94,2.95,5.89,1.95,4.81,AN3,0323,-0.09,6.04,1.95,5.65,POS,2.94,1.07,1.52,75
DIST,4,AN0,C32D,2.95,0.00,1.95,0.94,AN1,189B,0.00,0.00,1.95,3.06,AN2,8A94,2.95,5.89,1.95,4.76,AN3,0323,-0.09,6.04,1.95,5.64,POS,2.96,1.08,1.59,79
DIST,4,AN0,C32D,2.95,0.00,1.95,0.92,AN1,8A94,2.95,5.89,1.95,4.77,AN2,189B,0.00,0.00,1.95,3.01,AN3,0323,-0.09,6.04,1.95,5.70,POS,2.93,1.05,1.53,73
DIST,4,AN0,C32D,2.95,0.00,1.95,0.94,AN1,189B,0.00,0.00,1.95,3.09,AN2,8A94,2.95,5.89,1.95,4.76,AN3,0323,-0.09,6.04,1.95,5.67,POS,2.96,1.06,1.59,77
DIST,4,AN0,C32D,2.95,0.00,1.95,0.90,AN1,8A94,2.95,5.89,1.95,4.83,AN2,189B,0.00,0.00,1.95,3.06,AN3,0323,-0.09,6.04,1.95,5.72,POS,2.98,1.06,1.61,75
DIST,4,AN0,C32D,2.95,0.00,1.95,0.89,AN1,8A94,2.95,5.89,1.95,4.85,AN2,189B,0.00,0.00,1.95,3.05,AN3,0323,-0.09,6.04,1.95,5.62,POS,3.02,1.07,1.59,65
DIST,4,AN0,C32D,2.95,0.00,1.95,0.90,AN1,8A94,2.95,5.89,1.95,4.80,AN2,189B,0.00,0.00,1.95,3.07,AN3,0323,-0.09,6.04,1.95,5.63,POS,3.05,1.08,1.57,63
DIST,4,AN0,C32D,2.95,0.00,1.95,0.89,AN1,8A94,2.95,5.89,1.95,4.84,AN2,189B,0.00,0.00,1.95,3.04,AN3,0323,-0.09,6.04,1.95,5.71,POS,3.05,1.07,1.60,77
DIST,4,AN0,C32D,2.95,0.00,1.95,0.90,AN1,8A94,2.95,5.89,1.95,4.82,AN2,189B,0.00,0.00,1.95,3.05,AN3,0323,-0.09,6.04,1.95,5.66,POS,3.05,1.08,1.67,78
DIST,4,AN0,C32D,2.95,0.00,1.95,0.83,AN1,8A94,2.95,5.89,1.95,4.87,AN2,189B,0.00,0.00,1.95,3.05,AN3,0323,-0.09,6.04,1.95,5.72,POS,3.08,1.06,1.62,60
DIST,4,AN0,C32D,2.95,0.00,1.95,0.89,AN1,8A94,2.95,5.89,1.95,4.91,AN2,189B,0.00,0.00,1.95,3.11,AN3,0323,-0.09,6.04,1.95,5.81,POS,3.08,1.04,1.59,66
DIST,4,AN0,C32D,2.95,0.00,1.95,0.81,AN1,8A94,2.95,5.89,1.95,4.91,AN2,189B,0.00,0.00,1.95,3.19,AN3,0323,-0.09,6.04,1.95,5.77,POS,3.14,1.03,1.63,60
DIST,4,AN0,C32D,2.95,0.00,1.95,0.89,AN1,8A94,2.95,5.89,1.95,4.88,AN2,189B,0.00,0.00,1.95,3.11,AN3,0323,-0.09,6.04,1.95,5.77,POS,3.13,1.03,1.63,70
DIST,4,AN0,C32D,2.95,0.00,1.95,0.88,AN1,8A94,2.95,5.89,1.95,4.97,AN2,189B,0.00,0.00,1.95,3.06,AN3,0323,-0.09,6.04,1.95,5.83,POS,3.11,1.01,1.58,65
DIST,4,AN0,C32D,2.95,0.00,1.95,0.79,AN1,8A94,2.95,5.89,1.95,4.93,AN2,189B,0.00,0.00,1.95,3.10,AN3,0323,-0.09,6.04,1.95,5.87,POS,3.12,0.99,1.59,65
DIST,4,AN0,C32D,2.95,0.00,1.95,0.87,AN1,8A94,2.95,5.89,1.95,4.94,AN2,189B,0.00,0.00,1.95,3.14,AN3,0323,-0.09,6.04,1.95,5.94,POS,3.10,0.97,1.61,73
DIST,4,AN0,C32D,2.95,0.00,1.95,0.91,AN1,8A94,2.95,5.89,1.95,4.95,AN2,189B,0.00,0.00,1.95,3.15,AN3,0323,-0.09,6.04,1.95,5.94,POS,3.08,0.94,1.57,65
DIST,4,AN0,C32D,2.95,0.00,1.95,0.85,AN1,8A94,2.95,5.89,1.95,4.97,AN2,189B,0.00,0.00,1.95,3.09,AN3,0323,-0.09,6.04,1.95,5.88,POS,3.08,0.93,1.54,62
DIST,4,AN0,C32D,2.95,0.00,1.95,0.85,AN1,8A94,2.95,5.89,1.95,4.98,AN2,189B,0.00,0.00,1.95,3.09,AN3,0323,-0.09,6.04,1.95,5.91,POS,3.07,0.93,1.59,76
DIST,4,AN0,C32D,2.95,0.00,1.95,0.90,AN1,8A94,2.95,5.89,1.95,5.03,AN2,189B,0.00,0.00,1.95,3.04,AN3,0323,-0.09,6.04,1.95,5.87,POS,3.04,0.93,1.59,78
DIST,4,AN0,C32D,2.95,0.00,1.95,0.85,AN1,8A94,2.95,5.89,1.95,5.01,AN2,189B,0.00,0.00,1.95,2.98,AN3,0323,-0.09,6.04,1.95,5.83,POS,3.01,0.93,1.64,85
DIST,4,AN0,C32D,2.95,0.00,1.95,0.90,AN1,8A94,2.95,5.89,1.95,4.96,AN2,189B,0.00,0.00,1.95,3.03,AN3,0323,-0.09,6.04,1.95,5.88,POS,2.99,0.91,1.59,71
DIST,4,AN0,C32D,2.95,0.00,1.95,0.93,AN1,8A94,2.95,5.89,1.95,4.97,AN2,189B,0.00,0.00,1.95,3.01,AN3,0323,-0.09,6.04,1.95,5.88,POS,2.96,0.90,1.54,70
DIST,4,AN0,C32D,2.95,0.00,1.95,0.96,AN1,8A94,2.95,5.89,1.95,4.96,AN2,189B,0.00,0.00,1.95,3.00,AN3,0323,-0.09,6.04,1.95,5.78,POS,2.95,0.92,1.56,81
DIST,4,AN0,C32D,2.95,0.00,1.95,0.96,AN1,189B,0.00,0.00,1.95,2.96,AN2,8A94,2.95,5.89,1.95,4.84,AN3,0323,-0.09,6.04,1.95,5.75,POS,2.92,0.94,1.56,81
DIST,4,AN0,C32D,2.95,0.00,1.95,1.08,AN1,189B,0.00,0.00,1.95,2.99,AN2,8A94,2.95,5.89,1.95,4.73,AN3,0323,-0.09,6.04,1.95,5.75,POS,2.92,0.97,1.54,76
DIST,4,AN0,C32D,2.95,0.00,1.95,1.16,AN1,189B,0.00,0.00,1.95,3.08,AN2,8A94,2.95,5.89,1.95,4.72,AN3,0323,-0.09,6.04,1.95,5.61,POS,2.92,1.03,1.55,80
DIST,4,AN0,C32D,2.95,0.00,1.95,1.23,AN1,189B,0.00,0.00,1.95,3.04,AN2,8A94,2.95,5.89,1.95,4.63,AN3,0323,-0.09,6.04,1.95,5.56,POS,2.90,1.07,1.51,77
DIST,4,AN0,C32D,2.95,0.00,1.95,1.30,AN1,189B,0.00,0.00,1.95,3.04,AN2,8A94,2.95,5.89,1.95,4.64,AN3,0323,-0.09,6.04,1.95,5.42,POS,2.87,1.14,1.54,83
DIST,4,AN0,C32D,2.95,0.00,1.95,1.34,AN1,189B,0.00,0.00,1.95,3.13,AN2,8A94,2.95,5.89,1.95,4.49,AN3,0323,-0.09,6.04,1.95,5.33,POS,2.88,1.22,1.51,75
DIST,4,AN0,C32D,2.95,0.00,1.95,1.47,AN1,189B,0.00,0.00,1.95,3.26,AN2,8A94,2.95,5.89,1.95,4.35,AN3,0323,-0.09,6.04,1.95,5.33,POS,2.90,1.30,1.57,80
DIST,4,AN0,C32D,2.95,0.00,1.95,1.57,AN1,189B,0.00,0.00,1.95,3.31,AN2,8A94,2.95,5.89,1.95,4.21,AN3,0323,-0.09,6.04,1.95,5.24,POS,2.90,1.38,1.55,78
DIST,4,AN0,C32D,2.95,0.00,1.95,1.68,AN1,189B,0.00,0.00,1.95,3.41,AN2,8A94,2.95,5.89,1.95,4.14,AN3,0323,-0.09,6.04,1.95,5.14,POS,2.94,1.48,1.51,69
DIST,4,AN0,C32D,2.95,0.00,1.95,1.84,AN1,189B,0.00,0.00,1.95,3.41,AN2,8A94,2.95,5.89,1.95,4.14,AN3,0323,-0.09,6.04,1.95,5.14,POS,2.91,1.55,1.50,80
DIST,4,AN0,C32D,2.95,0.00,1.95,1.86,AN1,189B,0.00,0.00,1.95,3.52,AN2,8A94,2.95,5.89,1.95,3.97,AN3,0323,-0.09,6.04,1.95,5.11,POS,2.93,1.63,1.46,70
DIST,4,AN0,C32D,2.95,0.00,1.95,1.97,AN1,189B,0.00,0.00,1.95,3.57,AN2,8A94,2.95,5.89,1.95,3.92,AN3,0323,-0.09,6.04,1.95,5.06,POS,2.95,1.71,1.40,67
DIST,4,AN0,C32D,2.95,0.00,1.95,2.07,AN1,8A94,2.95,5.89,1.95,3.79,AN2,189B,0.00,0.00,1.95,3.53,AN3,0323,-0.09,6.04,1.95,4.86,POS,2.93,1.80,1.37,74
DIST,4,AN0,C32D,2.95,0.00,1.95,2.15,AN1,189B,0.00,0.00,1.95,4.04,AN2,8A94,2.95,5.89,1.95,3.66,AN3,0323,-0.09,6.04,1.95,4.81,POS,2.92,1.89,1.37,74
DIST,4,AN0,C32D,2.95,0.00,1.95,2.30,AN1,189B,0.00,0.00,1.95,4.00,AN2,8A94,2.95,5.89,1.95,3.51,AN3,0323,-0.09,6.04,1.95,4.71,POS,3.05,2.05,1.43,73
DIST,4,AN0,C32D,2.95,0.00,1.95,2.35,AN1,8A94,2.95,5.89,1.95,3.50,AN2,189B,0.00,0.00,1.95,3.98,AN3,0323,-0.09,6.04,1.95,4.67,POS,3.14,2.17,1.42,73
DIST,4,AN0,C32D,2.95,0.00,1.95,2.40,AN1,8A94,2.95,5.89,1.95,3.43,AN2,189B,0.00,0.00,1.95,3.84,AN3,0323,-0.09,6.04,1.95,4.63,POS,3.07,2.23,1.39,72
DIST,4,AN0,C32D,2.95,0.00,1.95,2.42,AN1,8A94,2.95,5.89,1.95,3.40,AN2,189B,0.00,0.00,1.95,3.96,AN3,0323,-0.09,6.04,1.95,4.57,POS,3.12,2.33,1.35,72
DIST,4,AN0,C32D,2.95,0.00,1.95,2.43,AN1,8A94,2.95,5.89,1.95,3.38,AN2,189B,0.00,0.00,1.95,4.08,AN3,0323,-0.09,6.04,1.95,4.66,POS,3.21,2.40,1.36,74
DIST,4,AN0,C32D,2.95,0.00,1.95,2.44,AN1,8A94,2.95,5.89,1.95,3.42,AN2,189B,0.00,0.00,1.95,4.08,AN3,0323,-0.09,6.04,1.95,4.60,POS,3.27,2.47,1.41,74
DIST,4,AN0,C32D,2.95,0.00,1.95,2.40,AN1,8A94,2.95,5.89,1.95,3.42,AN2,189B,0.00,0.00,1.95,4.08,AN3,0323,-0.09,6.04,1.95,4.76,POS,3.33,2.49,1.37,75
DIST,4,AN0,C32D,2.95,0.00,1.95,2.39,AN1,8A94,2.95,5.89,1.95,3.48,AN2,189B,0.00,0.00,1.95,3.99,AN3,0323,-0.09,6.04,1.95,4.71,POS,3.32,2.50,1.41,71
DIST,4,AN0,C32D,2.95,0.00,1.95,2.40,AN1,8A94,2.95,5.89,1.95,3.46,AN2,189B,0.00,0.00,1.95,3.96,AN3,0323,-0.09,6.04,1.95,4.72,POS,3.30,2.50,1.38,70
DIST,4,AN0,C32D,2.95,0.00,1.95,2.37,AN1,8A94,2.95,5.89,1.95,3.46,AN2,189B,0.00,0.00,1.95,3.92,AN3,0323,-0.09,6.04,1.95,4.66,POS,3.28,2.50,1.43,70
DIST,4,AN0,C32D,2.95,0.00,1.95,2.34,AN1,8A94,2.95,5.89,1.95,3.47,AN2,189B,0.00,0.00,1.95,3.97,AN3,0323,-0.09,6.04,1.95,4.64,POS,3.31,2.52,1.43,73
DIST,4,AN0,C32D,2.95,0.00,1.95,2.34,AN1,8A94,2.95,5.89,1.95,3.43,AN2,189B,0.00,0.00,1.95,3.93,AN3,0323,-0.09,6.04,1.95,4.69,POS,3.29,2.51,1.48,70
DIST,4,AN0,C32D,2.95,0.00,1.95,2.36,AN1,8A94,2.95,5.89,1.95,3.45,AN2,189B,0.00,0.00,1.95,3.96,AN3,0323,-0.09,6.04,1.95,4.66,POS,3.31,2.52,1.42,72
DIST,4,AN0,C32D,2.95,0.00,1.95,2.37,AN1,8A94,2.95,5.89,1.95,3.42,AN2,189B,0.00,0.00,1.95,4.02,AN3,0323,-0.09,6.04,1.95,4.60,POS,3.34,2.54,1.52,74
DIST,4,AN0,C32D,2.95,0.00,1.95,2.39,AN1,8A94,2.95,5.89,1.95,3.35,AN2,189B,0.00,0.00,1.95,4.02,AN3,0323,-0.09,6.04,1.95,4.67,POS,3.36,2.55,1.47,73
DIST,4,AN0,C32D,2.95,0.00,1.95,2.42,AN1,8A94,2.95,5.89,1.95,3.40,AN2,189B,0.00,0.00,1.95,4.05,AN3,0323,-0.09,6.04,1.95,4.62,POS,3.38,2.57,1.47,74
DIST,4,AN0,C32D,2.95,0.00,1.95,2.37,AN1,8A94,2.95,5.89,1.95,3.46,AN2,189B,0.00,0.00,1.95,4.17,AN3,0323,-0.09,6.04,1.95,4.64,POS,3.48,2.60,1.46,79
DIST,4,AN0,C32D,2.95,0.00,1.95,2.40,AN1,8A94,2.95,5.89,1.95,3.37,AN2,189B,0.00,0.00,1.95,4.11,AN3,0323,-0.09,6.04,1.95,4.65,POS,3.51,2.61,1.43,77
DIST,4,AN0,C32D,2.95,0.00,1.95,2.40,AN1,8A94,2.95,5.89,1.95,3.39,AN2,189B,0.00,0.00,1.95,4.22,AN3,0323,-0.09,6.04,1.95,4.60,POS,3.35,2.57,1.42,74
DIST,4,AN0,C32D,2.95,0.00,1.95,2.47,AN1,8A94,2.95,5.89,1.95,3.35,AN2,189B,0.00,0.00,1.95,4.13,AN3,0323,-0.09,6.04,1.95,4.64,POS,3.38,2.60,1.43,75
DIST,4,AN0,C32D,2.95,0.00,1.95,2.51,AN1,8A94,2.95,5.89,1.95,3.33,AN2,189B,0.00,0.00,1.95,4.18,AN3,0323,-0.09,6.04,1.95,4.60,POS,3.42,2.63,1.54,76
DIST,4,AN0,C32D,2.95,0.00,1.95,2.52,AN1,8A94,2.95,5.89,1.95,3.38,AN2,189B,0.00,0.00,1.95,4.03,AN3,0323,-0.09,6.04,1.95,4.52,POS,3.40,2.65,1.47,73
DIST,4,AN0,C32D,2.95,0.00,1.95,2.56,AN1,8A94,2.95,5.89,1.95,3.22,AN2,189B,0.00,0.00,1.95,3.99,AN3,0323,-0.09,6.04,1.95,4.43,POS,3.34,2.67,1.54,71
DIST,4,AN0,C32D,2.95,0.00,1.95,2.67,AN1,8A94,2.95,5.89,1.95,3.17,AN2,189B,0.00,0.00,1.95,4.08,AN3,0323,-0.09,6.04,1.95,4.32,POS,3.31,2.73,1.49,74
DIST,4,AN0,C32D,2.95,0.00,1.95,2.77,AN1,8A94,2.95,5.89,1.95,3.07,AN2,189B,0.00,0.00,1.95,4.16,AN3,0323,-0.09,6.04,1.95,4.27,POS,3.30,2.80,1.46,75
DIST,4,AN0,C32D,2.95,0.00,1.95,2.92,AN1,8A94,2.95,5.89,1.95,2.95,AN2,189B,0.00,0.00,1.95,4.21,AN3,0323,-0.09,6.04,1.95,4.26,POS,3.25,2.85,1.39,73
DIST,4,AN0,C32D,2.95,0.00,1.95,3.06,AN1,8A94,2.95,5.89,1.95,2.84,AN2,189B,0.00,0.00,1.95,4.35,AN3,0323,-0.09,6.04,1.95,4.15,POS,3.23,2.94,1.41,71
DIST,4,AN0,C32D,2.95,0.00,1.95,3.10,AN1,8A94,2.95,5.89,1.95,2.71,AN2,189B,0.00,0.00,1.95,4.46,AN3,0323,-0.09,6.04,1.95,4.09,POS,3.26,3.05,1.45,73
DIST,4,AN0,8A94,2.95,5.89,1.95,2.59,AN1,C32D,2.95,0.00,1.95,3.26,AN2,189B,0.00,0.00,1.95,4.46,AN3,0323,-0.09,6.04,1.95,3.95,POS,3.14,3.11,1.40,72
DIST,4,AN0,8A94,2.95,5.89,1.95,2.43,AN1,C32D,2.95,0.00,1.95,3.35,AN2,0323,-0.09,6.04,1.95,3.91,AN3,189B,0.00,0.00,1.95,4.43,POS,3.09,3.19,1.44,74
DIST,4,AN0,8A94,2.95,5.89,1.95,2.32,AN1,C32D,2.95,0.00,1.95,3.49,AN2,0323,-0.09,6.04,1.95,3.76,AN3,189B,0.00,0.00,1.95,4.56,POS,3.07,3.30,1.44,70
DIST,4,AN0,8A94,2.95,5.89,1.95,2.21,AN1,C32D,2.95,0.00,1.95,3.60,AN2,0323,-0.09,6.04,1.95,3.63,AN3,189B,0.00,0.00,1.95,4.64,POS,2.98,3.39,1.43,76
DIST,4,AN0,8A94,2.95,5.89,1.95,2.12,AN1,C32D,2.95,0.00,1.95,3.72,AN2,0323,-0.09,6.04,1.95,3.55,AN3,189B,0.00,0.00,1.95,4.62,POS,2.91,3.48,1.42,77
DIST,4,AN0,8A94,2.95,5.89,1.95,2.04,AN1,C32D,2.95,0.00,1.95,3.81,AN2,0323,-0.09,6.04,1.95,3.56,AN3,189B,0.00,0.00,1.95,4.76,POS,2.89,3.58,1.39,75
DIST,4,AN0,8A94,2.95,5.89,1.95,1.95,AN1,C32D,2.95,0.00,1.95,3.85,AN2,0323,-0.09,6.04,1.95,3.49,AN3,189B,0.00,0.00,1.95,4.90,POS,2.85,3.66,1.40,78
DIST,4,AN0,8A94,2.95,5.89,1.95,1.92,AN1,C32D,2.95,0.00,1.95,3.88,AN2,0323,-0.09,6.04,1.95,3.55,AN3,189B,0.00,0.00,1.95,4.85,POS,2.86,3.73,1.41,76
DIST,4,AN0,8A94,2.95,5.89,1.95,1.80,AN1,C32D,2.95,0.00,1.95,3.95,AN2,0323,-0.09,6.04,1.95,3.56,AN3,189B,0.00,0.00,1.95,5.05,POS,2.87,3.81,1.44,78
DIST,4,AN0,8A94,2.95,5.89,1.95,1.76,AN1,0323,-0.09,6.04,1.95,3.62,AN2,C32D,2.95,0.00,1.95,4.01,AN3,189B,0.00,0.00,1.95,5.11,POS,2.92,3.88,1.46,72
DIST,4,AN0,8A94,2.95,5.89,1.95,1.82,AN1,0323,-0.09,6.04,1.95,3.59,AN2,C32D,2.95,0.00,1.95,4.00,AN3,189B,0.00,0.00,1.95,5.17,POS,3.05,3.99,1.41,69
DIST,4,AN0,8A94,2.95,5.89,1.95,1.78,AN1,C32D,2.95,0.00,1.95,3.94,AN2,0323,-0.09,6.04,1.95,3.59,AN3,189B,0.00,0.00,1.95,5.11,POS,3.14,4.06,1.37,68
DIST,4,AN0,8A94,2.95,5.89,1.95,1.81,AN1,C32D,2.95,0.00,1.95,3.98,AN2,0323,-0.09,6.04,1.95,3.56,AN3,189B,0.00,0.00,1.95,5.05,POS,3.08,4.05,1.39,76
DIST,4,AN0,8A94,2.95,5.89,1.95,1.84,AN1,C32D,2.95,0.00,1.95,4.01,AN2,0323,-0.09,6.04,1.95,3.56,AN3,189B,0.00,0.00,1.95,5.00,POS,3.06,4.05,1.37,70
DIST,4,AN0,8A94,2.95,5.89,1.95,1.77,AN1,C32D,2.95,0.00,1.95,4.00,AN2,0323,-0.09,6.04,1.95,3.54,AN3,189B,0.00,0.00,1.95,5.13,POS,3.14,4.12,1.34,67
DIST,4,AN0,8A94,2.95,5.89,1.95,1.78,AN1,C32D,2.95,0.00,1.95,4.06,AN2,0323,-0.09,6.04,1.95,3.53,AN3,189B,0.00,0.00,1.95,5.11,POS,3.08,4.12,1.34,74
DIST,4,AN0,8A94,2.95,5.89,1.95,1.70,AN1,C32D,2.95,0.00,1.95,4.13,AN2,0323,-0.09,6.04,1.95,3.46,AN3,189B,0.00,0.00,1.95,4.95,POS,3.02,4.13,1.35,78
DIST,4,AN0,8A94,2.95,5.89,1.95,1.68,AN1,C32D,2.95,0.00,1.95,4.12,AN2,0323,-0.09,6.04,1.95,3.34,AN3,189B,0.00,0.00,1.95,4.98,POS,2.96,4.15,1.38,81
DIST,4,AN0,8A94,2.95,5.89,1.95,1.65,AN1,C32D,2.95,0.00,1.95,4.09,AN2,0323,-0.09,6.04,1.95,3.33,AN3,189B,0.00,0.00,1.95,4.91,POS,2.91,4.15,1.44,80
DIST,4,AN0,8A94,2.95,5.89,1.95,1.67,AN1,0323,-0.09,6.04,1.95,3.34,AN2,C32D,2.95,0.00,1.95,4.08,AN3,189B,0.00,0.00,1.95,4.97,POS,2.89,4.16,1.48,81
DIST,4,AN0,8A94,2.95,5.89,1.95,1.70,AN1,0323,-0.09,6.04,1.95,3.36,AN2,C32D,2.95,0.00,1.95,4.03,AN3,189B,0.00,0.00,1.95,4.97,POS,2.86,4.15,1.54,80
DIST,4,AN0,8A94,2.95,5.89,1.95,1.76,AN1,0323,-0.09,6.04,1.95,3.40,AN2,C32D,2.95,0.00,1.95,4.00,AN3,189B,0.00,0.00,1.95,4.96,POS,2.84,4.13,1.55,80
DIST,4,AN0,8A94,2.95,5.89,1.95,1.83,AN1,0323,-0.09,6.04,1.95,3.41,AN2,C32D,2.95,0.00,1.95,3.92,AN3,189B,0.00,0.00,1.95,4.86,POS,2.82,4.10,1.56,79
DIST,4,AN0,8A94,2.95,5.89,1.95,1.82,AN1,0323,-0.09,6.04,1.95,3.46,AN2,C32D,2.95,0.00,1.95,3.95,AN3,189B,0.00,0.00,1.95,4.77,POS,2.80,4.08,1.56,79
DIST,4,AN0,8A94,2.95,5.89,1.95,1.84,AN1,0323,-0.09,6.04,1.95,3.45,AN2,C32D,2.95,0.00,1.95,3.86,AN3,189B,0.00,0.00,1.95,4.87,POS,2.80,4.05,1.65,79
DIST,4,AN0,8A94,2.95,5.89,1.95,1.86,AN1,0323,-0.09,6.04,1.95,3.47,AN2,C32D,2.95,0.00,1.95,3.88,AN3,189B,0.00,0.00,1.95,4.85,POS,2.84,4.05,1.64,77
DIST,4,AN0,8A94,2.95,5.89,1.95,1.84,AN1,0323,-0.09,6.04,1.95,3.42,AN2,C32D,2.95,0.00,1.95,3.90,AN3,189B,0.00,0.00,1.95,4.83,POS,2.83,4.03,1.64,79
DIST,4,AN0,8A94,2.95,5.89,1.95,1.85,AN1,0323,-0.09,6.04,1.95,3.36,AN2,C32D,2.95,0.00,1.95,3.94,AN3,189B,0.00,0.00,1.95,4.92,POS,2.79,4.03,1.61,79
DIST,4,AN0,8A94,2.95,5.89,1.95,1.82,AN1,0323,-0.09,6.04,1.95,3.34,AN2,C32D,2.95,0.00,1.95,3.89,AN3,189B,0.00,0.00,1.95,4.84,POS,2.77,4.03,1.51,77
DIST,4,AN0,8A94,2.95,5.89,1.95,1.85,AN1,0323,-0.09,6.04,1.95,3.29,AN2,C32D,2.95,0.00,1.95,3.93,AN3,189B,0.00,0.00,1.95,4.73,POS,2.74,4.02,1.54,79
DIST,4,AN0,8A94,2.95,5.89,1.95,1.87,AN1,0323,-0.09,6.04,1.95,3.34,AN2,C32D,2.95,0.00,1.95,3.88,AN3,189B,0.00,0.00,1.95,4.76,POS,2.75,4.03,1.54,80
DIST,4,AN0,8A94,2.95,5.89,1.95,1.89,AN1,0323,-0.09,6.04,1.95,3.31,AN2,C32D,2.95,0.00,1.95,3.85,AN3,189B,0.00,0.00,1.95,4.65,POS,2.73,4.02,1.48,79
DIST,4,AN0,8A94,2.95,5.89,1.95,1.90,AN1,0323,-0.09,6.04,1.95,3.21,AN2,C32D,2.95,0.00,1.95,3.90,AN3,189B,0.00,0.00,1.95,4.67,POS,2.70,4.03,1.48,79
DIST,4,AN0,8A94,2.95,5.89,1.95,1.90,AN1,0323,-0.09,6.04,1.95,3.02,AN2,C32D,2.95,0.00,1.95,4.01,AN3,189B,0.00,0.00,1.95,4.53,POS,2.60,4.03,1.52,77
DIST,4,AN0,8A94,2.95,5.89,1.95,1.85,AN1,0323,-0.09,6.04,1.95,2.97,AN2,C32D,2.95,0.00,1.95,4.01,AN3,189B,0.00,0.00,1.95,4.65,POS,2.56,4.07,1.56,79
DIST,4,AN0,8A94,2.95,5.89,1.95,1.87,AN1,0323,-0.09,6.04,1.95,2.85,AN2,C32D,2.95,0.00,1.95,3.88,AN3,189B,0.00,0.00,1.95,4.56,POS,2.46,4.05,1.60,79
DIST,4,AN0,8A94,2.95,5.89,1.95,1.93,AN1,0323,-0.09,6.04,1.95,2.79,AN2,C32D,2.95,0.00,1.95,4.01,AN3,189B,0.00,0.00,1.95,4.42,POS,2.37,4.06,1.54,76
DIST,4,AN0,8A94,2.95,5.89,1.95,1.99,AN1,0323,-0.09,6.04,1.95,2.85,AN2,C32D,2.95,0.00,1.95,4.00,AN3,189B,0.00,0.00,1.95,4.40,POS,2.29,4.04,1.63,83
DIST,4,AN0,8A94,2.95,5.89,1.95,2.03,AN1,0323,-0.09,6.04,1.95,2.75,AN2,C32D,2.95,0.00,1.95,3.94,AN3,189B,0.00,0.00,1.95,4.31,POS,2.21,4.03,1.57,80
DIST,4,AN0,8A94,2.95,5.89,1.95,2.07,AN1,0323,-0.09,6.04,1.95,2.67,AN2,C32D,2.95,0.00,1.95,3.96,AN3,189B,0.00,0.00,1.95,4.22,POS,2.12,4.02,1.55,84
DIST,4,AN0,8A94,2.95,5.89,1.95,2.14,AN1,0323,-0.09,6.04,1.95,2.58,AN2,C32D,2.95,0.00,1.95,4.09,AN3,189B,0.00,0.00,1.95,4.21,POS,2.01,4.02,1.50,85
DIST,4,AN0,8A94,2.95,5.89,1.95,2.13,AN1,0323,-0.09,6.04,1.95,2.46,AN2,C32D,2.95,0.00,1.95,4.07,AN3,189B,0.00,0.00,1.95,4.22,POS,1.93,4.04,1.57,89
DIST,3,AN0,8A94,2.95,5.89,1.95,2.15,AN1,0323,-0.09,6.04,1.95,2.35,AN2,C32D,2.95,0.00,1.95,4.17,POS,1.82,4.05,1.55,89
DIST,4,AN0,8A94,2.95,5.89,1.95,2.15,AN1,0323,-0.09,6.04,1.95,2.35,AN2,C32D,2.95,0.00,1.95,4.22,AN3,189B,0.00,0.00,1.95,4.18,POS,1.72,4.07,1.57,90
DIST,4,AN0,8A94,2.95,5.89,1.95,2.22,AN1,0323,-0.09,6.04,1.95,2.31,AN2,C32D,2.95,0.00,1.95,4.21,AN3,189B,0.00,0.00,1.95,4.21,POS,1.65,4.09,1.55,88
DIST,4,AN0,8A94,2.95,5.89,1.95,2.25,AN1,0323,-0.09,6.04,1.95,2.29,AN2,C32D,2.95,0.00,1.95,4.16,AN3,189B,0.00,0.00,1.95,4.14,POS,1.59,4.09,1.52,88
DIST,4,AN0,8A94,2.95,5.89,1.95,2.27,AN1,0323,-0.09,6.04,1.95,2.35,AN2,C32D,2.95,0.00,1.95,4.18,AN3,189B,0.00,0.00,1.95,4.15,POS,1.55,4.08,1.49,86
DIST,4,AN0,8A94,2.95,5.89,1.95,2.24,AN1,0323,-0.09,6.04,1.95,2.23,AN2,C32D,2.95,0.00,1.95,4.20,AN3,189B,0.00,0.00,1.95,4.07,POS,1.49,4.08,1.54,89
DIST,4,AN0,8A94,2.95,5.89,1.95,2.23,AN1,0323,-0.09,6.04,1.95,2.36,AN2,C32D,2.95,0.00,1.95,4.17,AN3,189B,0.00,0.00,1.95,4.10,POS,1.46,4.08,1.50,87
DIST,4,AN0,8A94,2.95,5.89,1.95,2.26,AN1,0323,-0.09,6.04,1.95,2.33,AN2,189B,0.00,0.00,1.95,4.20,AN3,C32D,2.95,0.00,1.95,4.17,POS,1.48,4.09,1.53,91
DIST,4,AN0,8A94,2.95,5.89,1.95,2.24,AN1,0323,-0.09,6.04,1.95,2.32,AN2,C32D,2.95,0.00,1.95,4.20,AN3,189B,0.00,0.00,1.95,4.17,POS,1.46,4.09,1.51,88
DIST,4,AN0,8A94,2.95,5.89,1.95,2.24,AN1,0323,-0.09,6.04,1.95,2.31,AN2,189B,0.00,0.00,1.95,4.11,AN3,C32D,2.95,0.00,1.95,4.14,POS,1.45,4.08,1.56,92
DIST,4,AN0,8A94,2.95,5.89,1.95,2.27,AN1,0323,-0.09,6.04,1.95,2.34,AN2,189B,0.00,0.00,1.95,4.13,AN3,C32D,2.95,0.00,1.95,4.21,POS,1.43,4.08,1.52,87
DIST,4,AN0,8A94,2.95,5.89,1.95,2.25,AN1,0323,-0.09,6.04,1.95,2.35,AN2,189B,0.00,0.00,1.95,4.20,AN3,C32D,2.95,0.00,1.95,4.14,POS,1.46,4.09,1.57,91
DIST,4,AN0,8A94,2.95,5.89,1.95,2.24,AN1,0323,-0.09,6.04,1.95,2.36,AN2,189B,0.00,0.00,1.95,4.19,AN3,C32D,2.95,0.00,1.95,4.12,POS,1.45,4.07,1.56,90
DIST,4,AN0,8A94,2.95,5.89,1.95,2.25,AN1,0323,-0.09,6.04,1.95,2.29,AN2,189B,0.00,0.00,1.95,4.16,AN3,C32D,2.95,0.00,1.95,4.22,POS,1.44,4.08,1.54,87
DIST,4,AN0,8A94,2.95,5.89,1.95,2.22,AN1,0323,-0.09,6.04,1.95,2.28,AN2,189B,0.00,0.00,1.95,4.22,AN3,C32D,2.95,0.00,1.95,4.19,POS,1.46,4.11,1.45,81
DIST,4,AN0,8A94,2.95,5.89,1.95,2.24,AN1,0323,-0.09,6.04,1.95,2.25,AN2,189B,0.00,0.00,1.95,4.18,AN3,C32D,2.95,0.00,1.95,4.13,POS,1.48,4.12,1.43,86
DIST,4,AN0,8A94,2.95,5.89,1.95,2.24,AN1,0323,-0.09,6.04,1.95,2.24,AN2,C32D,2.95,0.00,1.95,4.24,AN3,189B,0.00,0.00,1.95,4.10,POS,1.44,4.12,1.45,86
DIST,4,AN0,8A94,2.95,5.89,1.95,2.34,AN1,0323,-0.09,6.04,1.95,2.26,AN2,189B,0.00,0.00,1.95,4.20,AN3,C32D,2.95,0.00,1.95,4.21,POS,1.44,4.12,1.51,92
DIST,4,AN0,8A94,2.95,5.89,1.95,2.30,AN1,0323,-0.09,6.04,1.95,2.17,AN2,189B,0.00,0.00,1.95,4.11,AN3,C32D,2.95,0.00,1.95,4.20,POS,1.40,4.13,1.45,80
DIST,4,AN0,8A94,2.95,5.89,1.95,2.37,AN1,0323,-0.09,6.04,1.95,2.28,AN2,189B,0.00,0.00,1.95,4.00,AN3,C32D,2.95,0.00,1.95,4.21,POS,1.35,4.11,1.56,88
DIST,4,AN0,8A94,2.95,5.89,1.95,2.38,AN1,0323,-0.09,6.04,1.95,2.24,AN2,189B,0.00,0.00,1.95,4.01,AN3,C32D,2.95,0.00,1.95,4.11,POS,1.33,4.09,1.49,81
DIST,4,AN0,0323,-0.09,6.04,1.95,2.23,AN1,8A94,2.95,5.89,1.95,2.39,AN2,189B,0.00,0.00,1.95,3.99,AN3,C32D,2.95,0.00,1.95,4.07,POS,1.34,4.08,1.47,87
DIST,4,AN0,0323,-0.09,6.04,1.95,2.17,AN1,8A94,2.95,5.89,1.95,2.52,AN2,189B,0.00,0.00,1.95,3.98,AN3,C32D,2.95,0.00,1.95,4.14,POS,1.31,4.07,1.43,82
DIST,4,AN0,0323,-0.09,6.04,1.95,2.19,AN1,8A94,2.95,5.89,1.95,2.52,AN2,189B,0.00,0.00,1.95,3.93,AN3,C32D,2.95,0.00,1.95,4.19,POS,1.25,4.05,1.50,86
DIST,4,AN0,0323,-0.09,6.04,1.95,2.11,AN1,8A94,2.95,5.89,1.95,2.60,AN2,189B,0.00,0.00,1.95,3.87,AN3,C32D,2.95,0.00,1.95,4.21,POS,1.17,4.03,1.44,75
DIST,4,AN0,0323,-0.09,6.04,1.95,2.09,AN1,8A94,2.95,5.89,1.95,2.66,AN2,189B,0.00,0.00,1.95,3.88,AN3,C32D,2.95,0.00,1.95,4.32,POS,1.09,4.02,1.51,79
DIST,4,AN0,0323,-0.09,6.04,1.95,2.08,AN1,8A94,2.95,5.89,1.95,2.74,AN2,189B,0.00,0.00,1.95,3.82,AN3,C32D,2.95,0.00,1.95,4.41,POS,0.97,4.03,1.49,78
DIST,4,AN0,0323,-0.09,6.04,1.95,1.99,AN1,8A94,2.95,5.89,1.95,2.89,AN2,189B,0.00,0.00,1.95,3.82,AN3,C32D,2.95,0.00,1.95,4.36,POS,0.90,4.02,1.42,75
DIST,4,AN0,0323,-0.09,6.04,1.95,2.07,AN1,8A94,2.95,5.89,1.95,2.89,AN2,189B,0.00,0.00,1.95,3.79,AN3,C32D,2.95,0.00,1.95,4.44,POS,0.82,4.00,1.44,77
DIST,4,AN0,0323,-0.09,6.04,1.95,2.03,AN1,8A94,2.95,5.89,1.95,2.97,AN2,189B,0.00,0.00,1.95,3.85,AN3,C32D,2.95,0.00,1.95,4.47,POS,0.74,3.99,1.43,78
DIST,4,AN0,0323,-0.09,6.04,1.95,1.95,AN1,8A94,2.95,5.89,1.95,2.97,AN2,189B,0.00,0.00,1.95,3.91,AN3,C32D,2.95,0.00,1.95,4.58,POS,0.67,4.00,1.42,79
DIST,4,AN0,0323,-0.09,6.04,1.95,1.87,AN1,8A94,2.95,5.89,1.95,3.07,AN2,189B,0.00,0.00,1.95,3.94,AN3,C32D,2.95,0.00,1.95,4.72,POS,0.57,4.03,1.41,80
DIST,4,AN0,0323,-0.09,6.04,1.95,1.81,AN1,8A94,2.95,5.89,1.95,3.14,AN2,189B,0.00,0.00,1.95,3.93,AN3,C32D,2.95,0.00,1.95,4.69,POS,0.51,4.04,1.46,79
DIST,4,AN0,0323,-0.09,6.04,1.95,1.85,AN1,8A94,2.95,5.89,1.95,3.19,AN2,189B,0.00,0.00,1.95,3.93,AN3,C32D,2.95,0.00,1.95,4.71,POS,0.46,4.06,1.45,79
DIST,4,AN0,0323,-0.09,6.04,1.95,1.88,AN1,8A94,2.95,5.89,1.95,3.28,AN2,189B,0.00,0.00,1.95,3.82,AN3,C32D,2.95,0.00,1.95,4.79,POS,0.35,4.04,1.48,80
DIST,4,AN0,0323,-0.09,6.04,1.95,1.91,AN1,8A94,2.95,5.89,1.95,3.35,AN2,189B,0.00,0.00,1.95,3.85,AN3,C32D,2.95,0.00,1.95,4.80,POS,0.26,4.03,1.46,76
DIST,4,AN0,0323,-0.09,6.04,1.95,1.88,AN1,8A94,2.95,5.89,1.95,3.37,AN2,189B,0.00,0.00,1.95,3.84,AN3,C32D,2.95,0.00,1.95,4.82,POS,0.19,4.03,1.47,77
DIST,4,AN0,0323,-0.09,6.04,1.95,1.85,AN1,8A94,2.95,5.89,1.95,3.29,AN2,189B,0.00,0.00,1.95,3.83,AN3,C32D,2.95,0.00,1.95,4.87,POS,0.11,4.05,1.51,76
DIST,4,AN0,0323,-0.09,6.04,1.95,1.82,AN1,8A94,2.95,5.89,1.95,3.28,AN2,189B,0.00,0.00,1.95,3.90,AN3,C32D,2.95,0.00,1.95,4.84,POS,0.08,4.06,1.52,80
DIST,4,AN0,0323,-0.09,6.04,1.95,1.81,AN1,8A94,2.95,5.89,1.95,3.28,AN2,189B,0.00,0.00,1.95,3.88,AN3,C32D,2.95,0.00,1.95,4.97,POS,0.07,4.06,1.54,80
DIST,4,AN0,0323,-0.09,6.04,1.95,1.78,AN1,8A94,2.95,5.89,1.95,3.25,AN2,189B,0.00,0.00,1.95,3.99,AN3,C32D,2.95,0.00,1.95,4.99,POS,0.02,4.11,1.52,73
DIST,4,AN0,0323,-0.09,6.04,1.95,1.79,AN1,8A94,2.95,5.89,1.95,3.36,AN2,189B,0.00,0.00,1.95,3.95,AN3,C32D,2.95,0.00,1.95,4.96,POS,-0.01,4.11,1.52,75
DIST,4,AN0,0323,-0.09,6.04,1.95,1.78,AN1,8A94,2.95,5.89,1.95,3.35,AN2,189B,0.00,0.00,1.95,3.96,AN3,C32D,2.95,0.00,1.95,5.03,POS,-0.07,4.14,1.51,69
DIST,4,AN0,0323,-0.09,6.04,1.95,1.78,AN1,8A94,2.95,5.89,1.95,3.35,AN2,189B,0.00,0.00,1.95,3.94,AN3,C32D,2.95,0.00,1.95,4.83,POS,-0.03,4.14,1.51,81
DIST,4,AN0,0323,-0.09,6.04,1.95,1.80,AN1,8A94,2.95,5.89,1.95,3.33,AN2,189B,0.00,0.00,1.95,3.96,AN3,C32D,2.95,0.00,1.95,4.79,POS,-0.04,4.11,1.47,73
DIST,4,AN0,0323,-0.09,6.04,1.95,1.77,AN1,8A94,2.95,5.89,1.95,3.35,AN2,189B,0.00,0.00,1.95,3.90,AN3,C32D,2.95,0.00,1.95,4.69,POS,0.03,4.11,1.41,80
DIST,4,AN0,0323,-0.09,6.04,1.95,1.85,AN1,8A94,2.95,5.89,1.95,3.36,AN2,189B,0.00,0.00,1.95,3.93,AN3,C32D,2.95,0.00,1.95,4.81,POS,0.05,4.11,1.40,80
DIST,4,AN0,0323,-0.09,6.04,1.95,1.90,AN1,8A94,2.95,5.89,1.95,3.33,AN2,189B,0.00,0.00,1.95,3.86,AN3,C32D,2.95,0.00,1.95,4.86,POS,0.04,4.09,1.39,75
DIST,4,AN0,0323,-0.09,6.04,1.95,1.88,AN1,8A94,2.95,5.89,1.95,3.33,AN2,189B,0.00,0.00,1.95,3.87,AN3,C32D,2.95,0.00,1.95,4.97,POS,0.03,4.07,1.39,77
DIST,4,AN0,0323,-0.09,6.04,1.95,1.88,AN1,8A94,2.95,5.89,1.95,3.37,AN2,189B,0.00,0.00,1.95,3.92,AN3,C32D,2.95,0.00,1.95,4.97,POS,-0.02,4.10,1.37,67
DIST,4,AN0,0323,-0.09,6.04,1.95,1.91,AN1,8A94,2.95,5.89,1.95,3.39,AN2,189B,0.00,0.00,1.95,3.92,AN3,C32D,2.95,0.00,1.95,5.01,POS,-0.02,4.08,1.34,72
DIST,4,AN0,0323,-0.09,6.04,1.95,1.91,AN1,8A94,2.95,5.89,1.95,3.35,AN2,189B,0.00,0.00,1.95,3.95,AN3,C32D,2.95,0.00,1.95,4.98,POS,-0.01,4.07,1.45,80
DIST,4,AN0,0323,-0.09,6.04,1.95,1.91,AN1,8A94,2.95,5.89,1.95,3.35,AN2,189B,0.00,0.00,1.95,3.90,AN3,C32D,2.95,0.00,1.95,4.97,POS,-0.06,4.10,1.45,69
DIST,4,AN0,0323,-0.09,6.04,1.95,1.92,AN1,8A94,2.95,5.89,1.95,3.43,AN2,189B,0.00,0.00,1.95,3.95,AN3,C32D,2.95,0.00,1.95,4.95,POS,-0.06,4.08,1.50,79
DIST,4,AN0,0323,-0.09,6.04,1.95,1.84,AN1,8A94,2.95,5.89,1.95,3.36,AN2,189B,0.00,0.00,1.95,3.93,AN3,C32D,2.95,0.00,1.95,4.95,POS,-0.07,4.09,1.47,73
DIST,4,AN0,0323,-0.09,6.04,1.95,1.86,AN1,8A94,2.95,5.89,1.95,3.38,AN2,189B,0.00,0.00,1.95,3.90,AN3,C32D,2.95,0.00,1.95,4.94,POS,-0.08,4.08,1.44,72
DIST,4,AN0,0323,-0.09,6.04,1.95,1.88,AN1,8A94,2.95,5.89,1.95,3.38,AN2,189B,0.00,0.00,1.95,3.88,AN3,C32D,2.95,0.00,1.95,4.97,POS,-0.12,4.10,1.47,69
DIST,4,AN0,0323,-0.09,6.04,1.95,1.95,AN1,189B,0.00,0.00,1.95,3.90,AN2,8A94,2.95,5.89,1.95,3.38,AN3,C32D,2.95,0.00,1.95,4.91,POS,-0.10,4.07,1.57,80
DIST,4,AN0,0323,-0.09,6.04,1.95,1.90,AN1,189B,0.00,0.00,1.95,3.86,AN2,8A94,2.95,5.89,1.95,3.33,AN3,C32D,2.95,0.00,1.95,4.94,POS,-0.06,4.06,1.52,77
DIST,4,AN0,0323,-0.09,6.04,1.95,1.93,AN1,8A94,2.95,5.89,1.95,3.39,AN2,189B,0.00,0.00,1.95,3.88,AN3,C32D,2.95,0.00,1.95,4.89,POS,-0.06,4.05,1.46,71
DIST,4,AN0,0323,-0.09,6.04,1.95,1.98,AN1,8A94,2.95,5.89,1.95,3.39,AN2,189B,0.00,0.00,1.95,3.84,AN3,C32D,2.95,0.00,1.95,4.83,POS,-0.05,4.03,1.41,72
DIST,4,AN0,0323,-0.09,6.04,1.95,1.99,AN1,8A94,2.95,5.89,1.95,3.39,AN2,189B,0.00,0.00,1.95,3.79,AN3,C32D,2.95,0.00,1.95,4.79,POS,-0.04,4.01,1.39,74
DIST,4,AN0,0323,-0.09,6.04,1.95,2.06,AN1,8A94,2.95,5.89,1.95,3.47,AN2,189B,0.00,0.00,1.95,3.72,AN3,C32D,2.95,0.00,1.95,4.78,POS,-0.05,3.98,1.37,72
DIST,4,AN0,0323,-0.09,6.04,1.95,2.10,AN1,8A94,2.95,5.89,1.95,3.50,AN2,189B,0.00,0.00,1.95,3.68,AN3,C32D,2.95,0.00,1.95,4.70,POS,-0.05,3.94,1.36,72
DIST,4,AN0,0323,-0.09,6.04,1.95,2.17,AN1,8A94,2.95,5.89,1.95,3.64,AN2,189B,0.00,0.00,1.95,3.53,AN3,C32D,2.95,0.00,1.95,4.77,POS,-0.14,3.90,1.48,65
DIST,4,AN0,0323,-0.09,6.04,1.95,2.32,AN1,189B,0.00,0.00,1.95,3.50,AN2,8A94,2.95,5.89,1.95,3.69,AN3,C32D,2.95,0.00,1.95,4.67,POS,-0.14,3.85,1.49,71
DIST,4,AN0,0323,-0.09,6.04,1.95,2.42,AN1,189B,0.00,0.00,1.95,3.37,AN2,8A94,2.95,5.89,1.95,3.74,AN3,C32D,2.95,0.00,1.95,4.56,POS,-0.14,3.77,1.52,72
DIST,4,AN0,0323,-0.09,6.04,1.95,2.52,AN1,189B,0.00,0.00,1.95,3.33,AN2,8A94,2.95,5.89,1.95,3.81,AN3,C32D,2.95,0.00,1.95,4.55,POS,-0.13,3.69,1.62,74
DIST,4,AN0,0323,-0.09,6.04,1.95,2.56,AN1,189B,0.00,0.00,1.95,3.19,AN2,8A94,2.95,5.89,1.95,3.87,AN3,C32D,2.95,0.00,1.95,4.52,POS,-0.19,3.62,1.58,68
DIST,4,AN0,0323,-0.09,6.04,1.95,2.60,AN1,189B,0.00,0.00,1.95,3.12,AN2,8A94,2.95,5.89,1.95,3.86,AN3,C32D,2.95,0.00,1.95,4.49,POS,-0.17,3.54,1.55,68
DIST,4,AN0,0323,-0.09,6.04,1.95,2.74,AN1,189B,0.00,0.00,1.95,3.05,AN2,8A94,2.95,5.89,1.95,3.85,AN3,C32D,2.95,0.00,1.95,4.26,POS,-0.14,3.45,1.48,67
DIST,4,AN0,0323,-0.09,6.04,1.95,2.80,AN1,189B,0.00,0.00,1.95,2.96,AN2,8A94,2.95,5.89,1.95,3.97,AN3,C32D,2.95,0.00,1.95,4.24,POS,-0.14,3.36,1.45,68
DIST,4,AN0,0323,-0.09,6.04,1.95,2.97,AN1,189B,0.00,0.00,1.95,2.87,AN2,8A94,2.95,5.89,1.95,4.05,AN3,C32D,2.95,0.00,1.95,4.13,POS,-0.13,3.27,1.41,69
DIST,4,AN0,0323,-0.09,6.04,1.95,3.05,AN1,189B,0.00,0.00,1.95,2.74,AN2,8A94,2.95,5.89,1.95,4.14,AN3,C32D,2.95,0.00,1.95,4.05,POS,-0.12,3.17,1.40,71
DIST,4,AN0,0323,-0.09,6.04,1.95,3.12,AN1,189B,0.00,0.00,1.95,2.73,AN2,8A94,2.95,5.89,1.95,4.20,AN3,C32D,2.95,0.00,1.95,4.10,POS,-0.12,3.08,1.51,70
DIST,4,AN0,0323,-0.09,6.04,1.95,3.22,AN1,189B,0.00,0.00,1.95,2.60,AN2,8A94,2.95,5.89,1.95,4.22,AN3,C32D,2.95,0.00,1.95,4.15,POS,-0.22,3.04,1.46,75
DIST,4,AN0,0323,-0.09,6.04,1.95,3.22,AN1,189B,0.00,0.00,1.95,2.59,AN2,8A94,2.95,5.89,1.95,4.22,AN3,C32D,2.95,0.00,1.95,4.03,POS,-0.16,2.95,1.41,68
DIST,4,AN0,189B,0.00,0.00,1.95,2.52,AN1,0323,-0.09,6.04,1.95,3.27,AN2,8A94,2.95,5.89,1.95,4.32,AN3,C32D,2.95,0.00,1.95,3.97,POS,-0.16,2.87,1.37,70
DIST,4,AN0,189B,0.00,0.00,1.95,2.47,AN1,0323,-0.09,6.04,1.95,3.31,AN2,C32D,2.95,0.00,1.95,3.93,AN3,8A94,2.95,5.89,1.95,4.31,POS,-0.16,2.80,1.36,69
DIST,4,AN0,189B,0.00,0.00,1.95,2.46,AN1,0323,-0.09,6.04,1.95,3.33,AN2,C32D,2.95,0.00,1.95,3.88,AN3,8A94,2.95,5.89,1.95,4.43,POS,-0.16,2.75,1.34,69
DIST,4,AN0,189B,0.00,0.00,1.95,2.46,AN1,0323,-0.09,6.04,1.95,3.33,AN2,C32D,2.95,0.00,1.95,3.92,AN3,8A94,2.95,5.89,1.95,4.40,POS,-0.17,2.71,1.34,69
DIST,4,AN0,189B,0.00,0.00,1.95,2.46,AN1,0323,-0.09,6.04,1.95,3.33,AN2,C32D,2.95,0.00,1.95,3.89,AN3,8A94,2.95,5.89,1.95,4.29,POS,-0.12,2.67,1.33,68
DIST,4,AN0,189B,0.00,0.00,1.95,2.55,AN1,0323,-0.09,6.04,1.95,3.33,AN2,C32D,2.95,0.00,1.95,3.94,AN3,8A94,2.95,5.89,1.95,4.35,POS,-0.11,2.66,1.40,69
DIST,4,AN0,189B,0.00,0.00,1.95,2.49,AN1,0323,-0.09,6.04,1.95,3.33,AN2,C32D,2.95,0.00,1.95,3.86,AN3,8A94,2.95,5.89,1.95,4.34,POS,-0.11,2.65,1.36,68
DIST,4,AN0,189B,0.00,0.00,1.95,2.46,AN1,0323,-0.09,6.04,1.95,3.35,AN2,C32D,2.95,0.00,1.95,3.86,AN3,8A94,2.95,5.89,1.95,4.35,POS,-0.10,2.63,1.35,68
DIST,4,AN0,189B,0.00,0.00,1.95,2.49,AN1,0323,-0.09,6.04,1.95,3.33,AN2,C32D,2.95,0.00,1.95,3.86,AN3,8A94,2.95,5.89,1.95,4.29,POS,-0.09,2.62,1.32,68
DIST,4,AN0,189B,0.00,0.00,1.95,2.51,AN1,0323,-0.09,6.04,1.95,3.36,AN2,C32D,2.95,0.00,1.95,3.88,AN3,8A94,2.95,5.89,1.95,4.23,POS,-0.09,2.64,1.40,69
DIST,4,AN0,189B,0.00,0.00,1.95,2.46,AN1,0323,-0.09,6.04,1.95,3.32,AN2,8A94,2.95,5.89,1.95,4.32,AN3,C32D,2.95,0.00,1.95,3.91,POS,-0.10,2.62,1.38,68
DIST,4,AN0,189B,0.00,0.00,1.95,2.52,AN1,0323,-0.09,6.04,1.95,3.33,AN2,C32D,2.95,0.00,1.95,3.87,AN3,8A94,2.95,5.89,1.95,4.31,POS,-0.08,2.62,1.47,72
DIST,4,AN0,189B,0.00,0.00,1.95,2.49,AN1,0323,-0.09,6.04,1.95,3.31,AN2,8A94,2.95,5.89,1.95,4.42,AN3,C32D,2.95,0.00,1.95,3.90,POS,-0.10,2.61,1.48,68
DIST,4,AN0,189B,0.00,0.00,1.95,2.49,AN1,0323,-0.09,6.04,1.95,3.32,AN2,C32D,2.95,0.00,1.95,3.86,AN3,8A94,2.95,5.89,1.95,4.44,POS,-0.14,2.58,1.41,70
DIST,4,AN0,189B,0.00,0.00,1.95,2.47,AN1,0323,-0.09,6.04,1.95,3.32,AN2,C32D,2.95,0.00,1.95,3.90,AN3,8A94,2.95,5.89,1.95,4.44,POS,-0.15,2.58,1.38,70
DIST,4,AN0,189B,0.00,0.00,1.95,2.51,AN1,0323,-0.09,6.04,1.95,3.32,AN2,C32D,2.95,0.00,1.95,3.92,AN3,8A94,2.95,5.89,1.95,4.43,POS,-0.16,2.59,1.34,70
DIST,4,AN0,189B,0.00,0.00,1.95,2.47,AN1,0323,-0.09,6.04,1.95,3.30,AN2,C32D,2.95,0.00,1.95,3.85,AN3,8A94,2.95,5.89,1.95,4.45,POS,-0.14,2.59,1.33,68
DIST,4,AN0,189B,0.00,0.00,1.95,2.40,AN1,0323,-0.09,6.04,1.95,3.36,AN2,C32D,2.95,0.00,1.95,3.86,AN3,8A94,2.95,5.89,1.95,4.38,POS,-0.14,2.57,1.34,68
DIST,4,AN0,189B,0.00,0.00,1.95,2.37,AN1,0323,-0.09,6.04,1.95,3.41,AN2,C32D,2.95,0.00,1.95,3.79,AN3,8A94,2.95,5.89,1.95,4.42,POS,-0.13,2.55,1.34,67
DIST,4,AN0,189B,0.00,0.00,1.95,2.35,AN1,0323,-0.09,6.04,1.95,3.43,AN2,C32D,2.95,0.00,1.95,3.73,AN3,8A94,2.95,5.89,1.95,4.53,POS,-0.11,2.53,1.34,68
DIST,4,AN0,189B,0.00,0.00,1.95,2.26,AN1,0323,-0.09,6.04,1.95,3.48,AN2,C32D,2.95,0.00,1.95,3.74,AN3,8A94,2.95,5.89,1.95,4.74,POS,-0.11,2.50,1.36,66
DIST,4,AN0,189B,0.00,0.00,1.95,2.17,AN1,0323,-0.09,6.04,1.95,3.63,AN2,C32D,2.95,0.00,1.95,3.75,AN3,8A94,2.95,5.89,1.95,4.74,POS,-0.18,2.42,1.34,69
DIST,4,AN0,189B,0.00,0.00,1.95,2.08,AN1,0323,-0.09,6.04,1.95,3.61,AN2,C32D,2.95,0.00,1.95,3.70,AN3,8A94,2.95,5.89,1.95,4.79,POS,-0.19,2.38,1.41,67
DIST,4,AN0,189B,0.00,0.00,1.95,1.99,AN1,0323,-0.09,6.04,1.95,3.77,AN2,C32D,2.95,0.00,1.95,3.58,AN3,8A94,2.95,5.89,1.95,4.78,POS,-0.19,2.31,1.40,64
DIST,4,AN0,189B,0.00,0.00,1.95,1.94,AN1,0323,-0.09,6.04,1.95,3.85,AN2,C32D,2.95,0.00,1.95,3.61,AN3,8A94,2.95,5.89,1.95,4.95,POS,-0.19,2.24,1.39,64
DIST,4,AN0,189B,0.00,0.00,1.95,1.84,AN1,0323,-0.09,6.04,1.95,3.93,AN2,C32D,2.95,0.00,1.95,3.57,AN3,8A94,2.95,5.89,1.95,4.96,POS,-0.21,2.17,1.39,64
DIST,4,AN0,189B,0.00,0.00,1.95,1.84,AN1,0323,-0.09,6.04,1.95,3.96,AN2,C32D,2.95,0.00,1.95,3.46,AN3,8A94,2.95,5.89,1.95,5.04,POS,-0.18,2.11,1.37,67
DIST,4,AN0,189B,0.00,0.00,1.95,1.72,AN1,0323,-0.09,6.04,1.95,4.08,AN2,C32D,2.95,0.00,1.95,3.38,AN3,8A94,2.95,5.89,1.95,5.00,POS,-0.17,2.04,1.35,65
DIST,4,AN0,189B,0.00,0.00,1.95,1.61,AN1,0323,-0.09,6.04,1.95,4.13,AN2,C32D,2.95,0.00,1.95,3.33,AN3,8A94,2.95,5.89,1.95,5.24,POS,-0.15,1.96,1.38,71
DIST,4,AN0,189B,0.00,0.00,1.95,1.56,AN1,0323,-0.09,6.04,1.95,4.26,AN2,C32D,2.95,0.00,1.95,3.42,AN3,8A94,2.95,5.89,1.95,5.38,POS,-0.17,1.88,1.36,61
DIST,4,AN0,189B,0.00,0.00,1.95,1.41,AN1,0323,-0.09,6.04,1.95,4.41,AN2,C32D,2.95,0.00,1.95,3.23,AN3,8A94,2.95,5.89,1.95,5.52,POS,-0.14,1.78,1.35,67
DIST,4,AN0,189B,0.00,0.00,1.95,1.30,AN1,0323,-0.09,6.04,1.95,4.55,AN2,C32D,2.95,0.00,1.95,3.26,AN3,8A94,2.95,5.89,1.95,5.28,POS,-0.12,1.68,1.45,80
DIST,4,AN0,189B,0.00,0.00,1.95,1.24,AN1,0323,-0.09,6.04,1.95,4.60,AN2,C32D,2.95,0.00,1.95,3.33,AN3,8A94,2.95,5.89,1.95,5.29,POS,-0.08,1.58,1.42,70
DIST,4,AN0,189B,0.00,0.00,1.95,1.23,AN1,0323,-0.09,6.04,1.95,4.67,AN2,8A94,2.95,5.89,1.95,5.66,AN3,C32D,2.95,0.00,1.95,3.22,POS,-0.09,1.51,1.47,75
DIST,4,AN0,189B,0.00,0.00,1.95,1.18,AN1,0323,-0.09,6.04,1.95,4.68,AN2,8A94,2.95,5.89,1.95,5.42,AN3,C32D,2.95,0.00,1.95,3.11,POS,-0.07,1.45,1.54,81
DIST,4,AN0,189B,0.00,0.00,1.95,1.15,AN1,0323,-0.09,6.04,1.95,4.69,AN2,8A94,2.95,5.89,1.95,5.41,AN3,C32D,2.95,0.00,1.95,3.11,POS,-0.06,1.40,1.63,83
DIST,4,AN0,189B,0.00,0.00,1.95,1.09,AN1,0323,-0.09,6.04,1.95,4.75,AN2,8A94,2.95,5.89,1.95,5.40,AN3,C32D,2.95,0.00,1.95,3.09,POS,-0.03,1.33,1.56,72
DIST,4,AN0,189B,0.00,0.00,1.95,1.07,AN1,0323,-0.09,6.04,1.95,4.70,AN2,8A94,2.95,5.89,1.95,5.51,AN3,C32D,2.95,0.00,1.95,3.02,POS,-0.01,1.29,1.53,75
DIST,4,AN0,189B,0.00,0.00,1.95,0.99,AN1,0323,-0.09,6.04,1.95,4.83,AN2,8A94,2.95,5.89,1.95,5.52,AN3,C32D,2.95,0.00,1.95,3.15,POS,-0.02,1.23,1.49,67
DIST,4,AN0,189B,0.00,0.00,1.95,0.96,AN1,0323,-0.09,6.04,1.95,4.78,AN2,8A94,2.95,5.89,1.95,5.55,AN3,C32D,2.95,0.00,1.95,3.12,POS,-0.05,1.19,1.51,67
DIST,4,AN0,189B,0.00,0.00,1.95,0.92,AN1,0323,-0.09,6.04,1.95,4.83,AN2,8A94,2.95,5.89,1.95,5.62,AN3,C32D,2.95,0.00,1.95,3.12,POS,-0.09,1.15,1.52,64
DIST,4,AN0,189B,0.00,0.00,1.95,0.87,AN1,0323,-0.09,6.04,1.95,4.83,AN2,C32D,2.95,0.00,1.95,3.13,AN3,8A94,2.95,5.89,1.95,5.53,POS,-0.08,1.12,1.55,76
DIST,4,AN0,189B,0.00,0.00,1.95,0.91,AN1,0323,-0.09,6.04,1.95,4.94,AN2,8A94,2.95,5.89,1.95,5.57,AN3,C32D,2.95,0.00,1.95,3.17,POS,-0.12,1.11,1.63,69
DIST,4,AN0,189B,0.00,0.00,1.95,0.95,AN1,0323,-0.09,6.04,1.95,4.76,AN2,C32D,2.95,0.00,1.95,3.13,AN3,8A94,2.95,5.89,1.95,5.51,POS,-0.13,1.11,1.63,70
DIST,4,AN0,189B,0.00,0.00,1.95,1.01,AN1,0323,-0.09,6.04,1.95,4.81,AN2,C32D,2.95,0.00,1.95,3.10,AN3,8A94,2.95,5.89,1.95,5.45,POS,-0.08,1.10,1.57,73
DIST,4,AN0,189B,0.00,0.00,1.95,0.95,AN1,0323,-0.09,6.04,1.95,4.79,AN2,8A94,2.95,5.89,1.95,5.49,AN3,C32D,2.95,0.00,1.95,3.02,POS,-0.07,1.09,1.56,73
DIST,4,AN0,189B,0.00,0.00,1.95,1.05,AN1,0323,-0.09,6.04,1.95,4.76,AN2,8A94,2.95,5.89,1.95,5.47,AN3,C32D,2.95,0.00,1.95,3.11,POS,-0.08,1.10,1.52,66
DIST,4,AN0,189B,0.00,0.00,1.95,0.95,AN1,0323,-0.09,6.04,1.95,4.76,AN2,8A94,2.95,5.89,1.95,5.43,AN3,C32D,2.95,0.00,1.95,3.05,POS,-0.06,1.09,1.54,78
DIST,4,AN0,189B,0.00,0.00,1.95,1.04,AN1,0323,-0.09,6.04,1.95,4.77,AN2,8A94,2.95,5.89,1.95,5.48,AN3,C32D,2.95,0.00,1.95,3.04,POS,-0.06,1.10,1.50,68
DIST,4,AN0,189B,0.00,0.00,1.95,1.05,AN1,0323,-0.09,6.04,1.95,4.71,AN2,8A94,2.95,5.89,1.95,5.42,AN3,C32D,2.95,0.00,1.95,3.05,POS,-0.05,1.11,1.49,72
DIST,4,AN0,189B,0.00,0.00,1.95,1.09,AN1,0323,-0.09,6.04,1.95,4.68,AN2,8A94,2.95,5.89,1.95,5.37,AN3,C32D,2.95,0.00,1.95,3.09,POS,-0.05,1.13,1.48,72
DIST,4,AN0,189B,0.00,0.00,1.95,1.08,AN1,0323,-0.09,6.04,1.95,4.68,AN2,8A94,2.95,5.89,1.95,5.38,AN3,C32D,2.95,0.00,1.95,3.08,POS,-0.05,1.14,1.47,71
DIST,4,AN0,189B,0.00,0.00,1.95,1.10,AN1,0323,-0.09,6.04,1.95,4.64,AN2,8A94,2.95,5.89,1.95,5.38,AN3,C32D,2.95,0.00,1.95,3.08,POS,-0.06,1.16,1.51,75
DIST,4,AN0,189B,0.00,0.00,1.95,1.05,AN1,0323,-0.09,6.04,1.95,4.68,AN2,8A94,2.95,5.89,1.95,5.45,AN3,C32D,2.95,0.00,1.95,3.06,POS,-0.06,1.16,1.51,72
DIST,4,AN0,189B,0.00,0.00,1.95,1.03,AN1,0323,-0.09,6.04,1.95,4.76,AN2,8A94,2.95,5.89,1.95,5.45,AN3,C32D,2.95,0.00,1.95,3.07,POS,-0.06,1.15,1.49,69
DIST,4,AN0,189B,0.00,0.00,1.95,1.02,AN1,0323,-0.09,6.04,1.95,4.77,AN2,8A94,2.95,5.89,1.95,5.48,AN3,C32D,2.95,0.00,1.95,3.05,POS,-0.06,1.14,1.48,69
DIST,4,AN0,189B,0.00,0.00,1.95,1.02,AN1,0323,-0.09,6.04,1.95,4.71,AN2,8A94,2.95,5.89,1.95,5.46,AN3,C32D,2.95,0.00,1.95,3.08,POS,-0.07,1.14,1.50,72
DIST,4,AN0,189B,0.00,0.00,1.95,1.04,AN1,0323,-0.09,6.04,1.95,4.77,AN2,8A94,2.95,5.89,1.95,5.47,AN3,C32D,2.95,0.00,1.95,3.02,POS,-0.06,1.13,1.49,72
DIST,4,AN0,189B,0.00,0.00,1.95,1.03,AN1,0323,-0.09,6.04,1.95,4.72,AN2,8A94,2.95,5.89,1.95,5.50,AN3,C32D,2.95,0.00,1.95,3.07,POS,-0.07,1.13,1.49,69
DIST,4,AN0,189B,0.00,0.00,1.95,1.00,AN1,0323,-0.09,6.04,1.95,4.71,AN2,8A94,2.95,5.89,1.95,5.47,AN3,C32D,2.95,0.00,1.95,3.03,POS,-0.07,1.13,1.51,74
DIST,4,AN0,189B,0.00,0.00,1.95,1.03,AN1,0323,-0.09,6.04,1.95,4.76,AN2,8A94,2.95,5.89,1.95,5.46,AN3,C32D,2.95,0.00,1.95,3.09,POS,-0.07,1.13,1.49,68
DIST,4,AN0,189B,0.00,0.00,1.95,0.99,AN1,0323,-0.09,6.04,1.95,4.80,AN2,8A94,2.95,5.89,1.95,5.44,AN3,C32D,2.95,0.00,1.95,3.06,POS,-0.04,1.11,1.47,75
DIST,4,AN0,189B,0.00,0.00,1.95,1.04,AN1,0323,-0.09,6.04,1.95,4.71,AN2,8A94,2.95,5.89,1.95,5.47,AN3,C32D,2.95,0.00,1.95,3.14,POS,-0.07,1.12,1.48,68
DIST,4,AN0,189B,0.00,0.00,1.95,1.03,AN1,0323,-0.09,6.04,1.95,4.72,AN2,8A94,2.95,5.89,1.95,5.51,AN3,C32D,2.95,0.00,1.95,3.10,POS,-0.08,1.13,1.49,68
DIST,4,AN0,189B,0.00,0.00,1.95,1.04,AN1,0323,-0.09,6.04,1.95,4.74,AN2,8A94,2.95,5.89,1.95,5.51,AN3,C32D,2.95,0.00,1.95,3.02,POS,-0.09,1.13,1.48,68
DIST,4,AN0,189B,0.00,0.00,1.95,1.02,AN1,0323,-0.09,6.04,1.95,4.72,AN2,8A94,2.95,5.89,1.95,5.49,AN3,C32D,2.95,0.00,1.95,3.08,POS,-0.09,1.13,1.49,70
DIST,4,AN0,189B,0.00,0.00,1.95,1.04,AN1,0323,-0.09,6.04,1.95,4.74,AN2,C32D,2.95,0.00,1.95,3.10,AN3,8A94,2.95,5.89,1.95,5.51,POS,-0.10,1.13,1.48,67
DIST,4,AN0,189B,0.00,0.00,1.95,1.05,AN1,0323,-0.09,6.04,1.95,4.78,AN2,C32D,2.95,0.00,1.95,3.11,AN3,8A94,2.95,5.89,1.95,5.45,POS,-0.08,1.12,1.45,68
DIST,4,AN0,189B,0.00,0.00,1.95,1.05,AN1,0323,-0.09,6.04,1.95,4.78,AN2,8A94,2.95,5.89,1.95,5.45,AN3,C32D,2.95,0.00,1.95,3.06,POS,-0.07,1.12,1.43,67
DIST,4,AN0,189B,0.00,0.00,1.95,1.05,AN1,0323,-0.09,6.04,1.95,4.73,AN2,8A94,2.95,5.89,1.95,5.49,AN3,C32D,2.95,0.00,1.95,3.11,POS,-0.08,1.12,1.43,67
DIST,4,AN0,189B,0.00,0.00,1.95,0.97,AN1,0323,-0.09,6.04,1.95,4.77,AN2,8A94,2.95,5.89,1.95,5.48,AN3,C32D,2.95,0.00,1.95,3.11,POS,-0.08,1.11,1.45,71
DIST,4,AN0,189B,0.00,0.00,1.95,0.99,AN1,0323,-0.09,6.04,1.95,4.73,AN2,8A94,2.95,5.89,1.95,5.48,AN3,C32D,2.95,0.00,1.95,3.05,POS,-0.08,1.11,1.48,73
DIST,4,AN0,189B,0.00,0.00,1.95,1.02,AN1,0323,-0.09,6.04,1.95,4.75,AN2,8A94,2.95,5.89,1.95,5.45,AN3,C32D,2.95,0.00,1.95,3.11,POS,-0.08,1.11,1.48,71
DIST,4,AN0,189B,0.00,0.00,1.95,1.01,AN1,0323,-0.09,6.04,1.95,4.74,AN2,8A94,2.95,5.89,1.95,5.52,AN3,C32D,2.95,0.00,1.95,3.10,POS,-0.09,1.12,1.49,68
DIST,3,AN0,189B,0.00,0.00,1.95,1.03,AN1,C32D,2.95,0.00,1.95,3.15,AN2,8A94,2.95,5.89,1.95,5.45,POS,-0.11,1.14,1.54,71
DIST,4,AN0,189B,0.00,0.00,1.95,1.06,AN1,0323,-0.09,6.04,1.95,4.74,AN2,C32D,2.95,0.00,1.95,3.12,AN3,8A94,2.95,5.89,1.95,5.52,POS,-0.11,1.13,1.59,76
DIST,4,AN0,189B,0.00,0.00,1.95,1.01,AN1,0323,-0.09,6.04,1.95,4.72,AN2,C32D,2.95,0.00,1.95,3.09,AN3,8A94,2.95,5.89,1.95,5.46,POS,-0.11,1.13,1.57,71
DIST,4,AN0,189B,0.00,0.00,1.95,0.98,AN1,0323,-0.09,6.04,1.95,4.72,AN2,C32D,2.95,0.00,1.95,3.11,AN3,8A94,2.95,5.89,1.95,5.45,POS,-0.11,1.13,1.58,73
DIST,4,AN0,189B,0.00,0.00,1.95,1.03,AN1,0323,-0.09,6.04,1.95,4.72,AN2,C32D,2.95,0.00,1.95,3.14,AN3,8A94,2.95,5.89,1.95,5.47,POS,-0.12,1.13,1.56,68
DIST,4,AN0,189B,0.00,0.00,1.95,1.04,AN1,0323,-0.09,6.04,1.95,4.73,AN2,C32D,2.95,0.00,1.95,3.10,AN3,8A94,2.95,5.89,1.95,5.49,POS,-0.12,1.13,1.57,71
DIST,4,AN0,189B,0.00,0.00,1.95,1.06,AN1,0323,-0.09,6.04,1.95,4.73,AN2,C32D,2.95,0.00,1.95,3.12,AN3,8A94,2.95,5.89,1.95,5.44,POS,-0.11,1.13,1.53,67
DIST,4,AN0,189B,0.00,0.00,1.95,1.00,AN1,0323,-0.09,6.04,1.95,4.72,AN2,C32D,2.95,0.00,1.95,3.11,AN3,8A94,2.95,5.89,1.95,5.48,POS,-0.12,1.13,1.54,71
DIST,4,AN0,189B,0.00,0.00,1.95,0.99,AN1,0323,-0.09,6.04,1.95,4.73,AN2,C32D,2.95,0.00,1.95,3.11,AN3,8A94,2.95,5.89,1.95,5.45,POS,-0.11,1.13,1.54,72
DIST,4,AN0,189B,0.00,0.00,1.95,1.06,AN1,0323,-0.09,6.04,1.95,4.74,AN2,C32D,2.95,0.00,1.95,3.08,AN3,8A94,2.95,5.89,1.95,5.38,POS,-0.06,1.13,1.51,75
DIST,4,AN0,189B,0.00,0.00,1.95,1.01,AN1,0323,-0.09,6.04,1.95,4.70,AN2,8A94,2.95,5.89,1.95,5.46,AN3,C32D,2.95,0.00,1.95,3.13,POS,-0.09,1.14,1.53,70
DIST,4,AN0,189B,0.00,0.00,1.95,1.04,AN1,0323,-0.09,6.04,1.95,4.68,AN2,8A94,2.95,5.89,1.95,5.48,AN3,C32D,2.95,0.00,1.95,3.12,POS,-0.10,1.15,1.54,69
DIST,4,AN0,189B,0.00,0.00,1.95,1.05,AN1,0323,-0.09,6.04,1.95,4.70,AN2,C32D,2.95,0.00,1.95,3.10,AN3,8A94,2.95,5.89,1.95,5.52,POS,-0.12,1.15,1.53,66
DIST,4,AN0,189B,0.00,0.00,1.95,1.03,AN1,0323,-0.09,6.04,1.95,4.71,AN2,C32D,2.95,0.00,1.95,3.10,AN3,8A94,2.95,5.89,1.95,5.49,POS,-0.12,1.15,1.53,69
DIST,4,AN0,189B,0.00,0.00,1.95,1.06,AN1,0323,-0.09,6.04,1.95,4.79,AN2,C32D,2.95,0.00,1.95,3.11,AN3,8A94,2.95,5.89,1.95,5.41,POS,-0.12,1.16,1.54,73
DIST,4,AN0,189B,0.00,0.00,1.95,1.09,AN1,0323,-0.09,6.04,1.95,4.65,AN2,C32D,2.95,0.00,1.95,3.12,AN3,8A94,2.95,5.89,1.95,5.42,POS,-0.12,1.18,1.54,70
DIST,4,AN0,189B,0.00,0.00,1.95,1.04,AN1,0323,-0.09,6.04,1.95,4.72,AN2,C32D,2.95,0.00,1.95,3.10,AN3,8A94,2.95,5.89,1.95,5.41,POS,-0.10,1.17,1.53,73
DIST,4,AN0,189B,0.00,0.00,1.95,1.05,AN1,0323,-0.09,6.04,1.95,4.78,AN2,C32D,2.95,0.00,1.95,3.03,AN3,8A94,2.95,5.89,1.95,5.38,POS,-0.04,1.15,1.49,76
DIST,4,AN0,189B,0.00,0.00,1.95,1.08,AN1,0323,-0.09,6.04,1.95,4.74,AN2,8A94,2.95,5.89,1.95,5.39,AN3,C32D,2.95,0.00,1.95,3.01,POS,-0.02,1.15,1.46,71
DIST,4,AN0,189B,0.00,0.00,1.95,1.04,AN1,0323,-0.09,6.04,1.95,4.78,AN2,8A94,2.95,5.89,1.95,5.43,AN3,C32D,2.95,0.00,1.95,2.99,POS,-0.01,1.13,1.43,70
DIST,4,AN0,189B,0.00,0.00,1.95,0.98,AN1,0323,-0.09,6.04,1.95,4.78,AN2,8A94,2.95,5.89,1.95,5.42,AN3,C32D,2.95,0.00,1.95,3.06,POS,0.01,1.12,1.45,77
DIST,4,AN0,189B,0.00,0.00,1.95,1.03,AN1,C32D,2.95,0.00,1.95,2.93,AN2,0323,-0.09,6.04,1.95,4.71,AN3,8A94,2.95,5.89,1.95,5.40,POS,0.02,1.13,1.47,79
DIST,4,AN0,189B,0.00,0.00,1.95,1.05,AN1,C32D,2.95,0.00,1.95,3.01,AN2,0323,-0.09,6.04,1.95,4.72,AN3,8A94,2.95,5.89,1.95,5.40,POS,0.01,1.13,1.46,74
DIST,4,AN0,189B,0.00,0.00,1.95,0.98,AN1,C32D,2.95,0.00,1.95,2.95,AN2,0323,-0.09,6.04,1.95,4.74,AN3,8A94,2.95,5.89,1.95,5.39,POS,0.02,1.13,1.49,80
DIST,4,AN0,189B,0.00,0.00,1.95,0.96,AN1,C32D,2.95,0.00,1.95,2.96,AN2,0323,-0.09,6.04,1.95,4.75,AN3,8A94,2.95,5.89,1.95,5.43,POS,0.02,1.12,1.55,82
DIST,4,AN0,189B,0.00,0.00,1.95,1.04,AN1,C32D,2.95,0.00,1.95,2.93,AN2,0323,-0.09,6.04,1.95,4.68,AN3,8A94,2.95,5.89,1.95,5.44,POS,0.03,1.13,1.55,81
DIST,4,AN0,189B,0.00,0.00,1.95,1.01,AN1,C32D,2.95,0.00,1.95,2.91,AN2,0323,-0.09,6.04,1.95,4.82,AN3,8A94,2.95,5.89,1.95,5.41,POS,0.05,1.12,1.51,74
DIST,4,AN0,189B,0.00,0.00,1.95,1.01,AN1,C32D,2.95,0.00,1.95,2.94,AN2,0323,-0.09,6.04,1.95,4.78,AN3,8A94,2.95,5.89,1.95,5.39,POS,0.06,1.11,1.49,76
DIST,4,AN0,189B,0.00,0.00,1.95,0.99,AN1,C32D,2.95,0.00,1.95,2.96,AN2,0323,-0.09,6.04,1.95,4.78,AN3,8A94,2.95,5.89,1.95,5.44,POS,0.05,1.10,1.49,75
