DIST,4,AN0,189B,0.00,0.00,1.95,0.95,AN1,0323,-0.09,6.04,1.95,4.83,AN2,8A94,2.95,5.89,1.95,5.45,AN3,C32D,2.95,0.00,1.95,3.11,POS,-0.06,1.09,1.46,63
DIST,4,AN0,189B,0.00,0.00,1.95,0.97,AN1,0323,-0.09,6.04,1.95,4.81,AN2,8A94,2.95,5.89,1.95,5.53,AN3,C32D,2.95,0.00,1.95,3.07,POS,-0.07,1.08,1.46,67
DIST,4,AN0,189B,0.00,0.00,1.95,0.98,AN1,0323,-0.09,6.04,1.95,4.80,AN2,8A94,2.95,5.89,1.95,5.50,AN3,C32D,2.95,0.00,1.95,3.04,POS,-0.07,1.08,1.46,70
DIST,4,AN0,189B,0.00,0.00,1.95,1.05,AN1,0323,-0.09,6.04,1.95,4.85,AN2,8A94,2.95,5.89,1.95,5.50,AN3,C32D,2.95,0.00,1.95,3.11,POS,-0.05,1.08,1.50,80
DIST,4,AN0,189B,0.00,0.00,1.95,1.02,AN1,0323,-0.09,6.04,1.95,4.80,AN2,8A94,2.95,5.89,1.95,5.49,AN3,C32D,2.95,0.00,1.95,3.10,POS,-0.06,1.08,1.47,65
DIST,4,AN0,189B,0.00,0.00,1.95,1.01,AN1,0323,-0.09,6.04,1.95,4.81,AN2,8A94,2.95,5.89,1.95,5.50,AN3,C32D,2.95,0.00,1.95,3.00,POS,-0.05,1.07,1.48,73
DIST,4,AN0,189B,0.00,0.00,1.95,0.97,AN1,0323,-0.09,6.04,1.95,4.82,AN2,8A94,2.95,5.89,1.95,5.53,AN3,C32D,2.95,0.00,1.95,3.11,POS,-0.07,1.07,1.47,65
DIST,4,AN0,189B,0.00,0.00,1.95,0.96,AN1,0323,-0.09,6.04,1.95,4.81,AN2,8A94,2.95,5.89,1.95,5.51,AN3,C32D,2.95,0.00,1.95,3.17,POS,-0.07,1.06,1.47,70
DIST,4,AN0,189B,0.00,0.00,1.95,0.97,AN1,0323,-0.09,6.04,1.95,4.83,AN2,8A94,2.95,5.89,1.95,5.51,AN3,C32D,2.95,0.00,1.95,3.12,POS,-0.06,1.06,1.46,68
DIST,4,AN0,189B,0.00,0.00,1.95,0.97,AN1,0323,-0.09,6.04,1.95,4.83,AN2,8A94,2.95,5.89,1.95,5.49,AN3,C32D,2.95,0.00,1.95,3.16,POS,-0.05,1.06,1.45,71
DIST,4,AN0,189B,0.00,0.00,1.95,0.96,AN1,0323,-0.09,6.04,1.95,4.75,AN2,8A94,2.95,5.89,1.95,5.50,AN3,C32D,2.95,0.00,1.95,3.14,POS,-0.07,1.07,1.49,70
DIST,4,AN0,189B,0.00,0.00,1.95,0.98,AN1,0323,-0.09,6.04,1.95,4.78,AN2,8A94,2.95,5.89,1.95,5.51,AN3,C32D,2.95,0.00,1.95,3.11,POS,-0.09,1.07,1.49,67
DIST,4,AN0,189B,0.00,0.00,1.95,0.97,AN1,0323,-0.09,6.04,1.95,4.77,AN2,8A94,2.95,5.89,1.95,5.54,AN3,C32D,2.95,0.00,1.95,3.18,POS,-0.12,1.08,1.50,64
DIST,4,AN0,189B,0.00,0.00,1.95,0.99,AN1,0323,-0.09,6.04,1.95,4.78,AN2,C32D,2.95,0.00,1.95,3.17,AN3,8A94,2.95,5.89,1.95,5.43,POS,-0.15,1.10,1.50,62
DIST,4,AN0,189B,0.00,0.00,1.95,0.91,AN1,0323,-0.09,6.04,1.95,4.76,AN2,C32D,2.95,0.00,1.95,3.11,AN3,8A94,2.95,5.89,1.95,5.47,POS,-0.14,1.10,1.55,75
DIST,4,AN0,189B,0.00,0.00,1.95,0.98,AN1,0323,-0.09,6.04,1.95,4.78,AN2,C32D,2.95,0.00,1.95,3.08,AN3,8A94,2.95,5.89,1.95,5.45,POS,-0.11,1.09,1.53,73
DIST,4,AN0,189B,0.00,0.00,1.95,1.00,AN1,0323,-0.09,6.04,1.95,4.77,AN2,C32D,2.95,0.00,1.95,3.07,AN3,8A94,2.95,5.89,1.95,5.44,POS,-0.08,1.09,1.51,73
DIST,4,AN0,189B,0.00,0.00,1.95,1.01,AN1,0323,-0.09,6.04,1.95,4.76,AN2,8A94,2.95,5.89,1.95,5.48,AN3,C32D,2.95,0.00,1.95,3.04,POS,-0.08,1.09,1.53,75
DIST,4,AN0,189B,0.00,0.00,1.95,0.96,AN1,0323,-0.09,6.04,1.95,4.80,AN2,8A94,2.95,5.89,1.95,5.47,AN3,C32D,2.95,0.00,1.95,3.08,POS,-0.07,1.09,1.52,73
DIST,4,AN0,189B,0.00,0.00,1.95,0.96,AN1,0323,-0.09,6.04,1.95,4.80,AN2,8A94,2.95,5.89,1.95,5.47,AN3,C32D,2.95,0.00,1.95,3.10,POS,-0.04,1.08,1.51,75
DIST,4,AN0,189B,0.00,0.00,1.95,0.94,AN1,0323,-0.09,6.04,1.95,4.81,AN2,8A94,2.95,5.89,1.95,5.51,AN3,C32D,2.95,0.00,1.95,3.18,POS,-0.10,1.09,1.50,58
DIST,4,AN0,189B,0.00,0.00,1.95,0.96,AN1,0323,-0.09,6.04,1.95,4.82,AN2,C32D,2.95,0.00,1.95,3.15,AN3,8A94,2.95,5.89,1.95,5.50,POS,-0.08,1.08,1.49,72
DIST,4,AN0,189B,0.00,0.00,1.95,0.99,AN1,0323,-0.09,6.04,1.95,4.77,AN2,8A94,2.95,5.89,1.95,5.54,AN3,C32D,2.95,0.00,1.95,3.19,POS,-0.11,1.08,1.49,63
DIST,4,AN0,189B,0.00,0.00,1.95,0.95,AN1,0323,-0.09,6.04,1.95,4.82,AN2,C32D,2.95,0.00,1.95,3.12,AN3,8A94,2.95,5.89,1.95,5.51,POS,-0.10,1.07,1.49,69
DIST,4,AN0,189B,0.00,0.00,1.95,0.92,AN1,0323,-0.09,6.04,1.95,4.85,AN2,C32D,2.95,0.00,1.95,3.16,AN3,8A94,2.95,5.89,1.95,5.47,POS,-0.15,1.09,1.52,61
DIST,4,AN0,189B,0.00,0.00,1.95,0.94,AN1,0323,-0.09,6.04,1.95,4.81,AN2,C32D,2.95,0.00,1.95,3.16,AN3,8A94,2.95,5.89,1.95,5.49,POS,-0.18,1.09,1.52,60
DIST,4,AN0,189B,0.00,0.00,1.95,0.94,AN1,0323,-0.09,6.04,1.95,4.75,AN2,C32D,2.95,0.00,1.95,3.13,AN3,8A94,2.95,5.89,1.95,5.45,POS,-0.14,1.10,1.56,78
DIST,4,AN0,189B,0.00,0.00,1.95,1.00,AN1,0323,-0.09,6.04,1.95,4.81,AN2,C32D,2.95,0.00,1.95,3.10,AN3,8A94,2.95,5.89,1.95,5.42,POS,-0.15,1.11,1.51,63
DIST,4,AN0,189B,0.00,0.00,1.95,1.01,AN1,0323,-0.09,6.04,1.95,4.79,AN2,C32D,2.95,0.00,1.95,3.09,AN3,8A94,2.95,5.89,1.95,5.50,POS,-0.14,1.10,1.49,66
DIST,4,AN0,189B,0.00,0.00,1.95,1.01,AN1,0323,-0.09,6.04,1.95,4.74,AN2,C32D,2.95,0.00,1.95,3.06,AN3,8A94,2.95,5.89,1.95,5.45,POS,-0.12,1.11,1.49,71
DIST,4,AN0,189B,0.00,0.00,1.95,1.01,AN1,0323,-0.09,6.04,1.95,4.78,AN2,C32D,2.95,0.00,1.95,3.09,AN3,8A94,2.95,5.89,1.95,5.40,POS,-0.06,1.10,1.47,78
DIST,4,AN0,189B,0.00,0.00,1.95,1.03,AN1,0323,-0.09,6.04,1.95,4.76,AN2,8A94,2.95,5.89,1.95,5.49,AN3,C32D,2.95,0.00,1.95,3.04,POS,-0.06,1.10,1.46,69
DIST,4,AN0,189B,0.00,0.00,1.95,1.05,AN1,0323,-0.09,6.04,1.95,4.74,AN2,8A94,2.95,5.89,1.95,5.44,AN3,C32D,2.95,0.00,1.95,2.98,POS,-0.05,1.11,1.46,72
DIST,4,AN0,189B,0.00,0.00,1.95,1.08,AN1,0323,-0.09,6.04,1.95,4.75,AN2,8A94,2.95,5.89,1.95,5.40,AN3,C32D,2.95,0.00,1.95,2.98,POS,-0.02,1.12,1.43,72
DIST,4,AN0,189B,0.00,0.00,1.95,1.09,AN1,0323,-0.09,6.04,1.95,4.77,AN2,8A94,2.95,5.89,1.95,5.45,AN3,C32D,2.95,0.00,1.95,2.95,POS,-0.01,1.11,1.51,83
DIST,4,AN0,189B,0.00,0.00,1.95,1.08,AN1,0323,-0.09,6.04,1.95,4.77,AN2,8A94,2.95,5.89,1.95,5.44,AN3,C32D,2.95,0.00,1.95,3.02,POS,0.00,1.12,1.60,83
DIST,4,AN0,189B,0.00,0.00,1.95,1.05,AN1,C32D,2.95,0.00,1.95,2.93,AN2,0323,-0.09,6.04,1.95,4.73,AN3,8A94,2.95,5.89,1.95,5.34,POS,0.02,1.13,1.57,78
DIST,4,AN0,189B,0.00,0.00,1.95,1.01,AN1,C32D,2.95,0.00,1.95,2.92,AN2,0323,-0.09,6.04,1.95,4.76,AN3,8A94,2.95,5.89,1.95,5.37,POS,0.04,1.12,1.54,78
DIST,4,AN0,189B,0.00,0.00,1.95,1.04,AN1,C32D,2.95,0.00,1.95,2.96,AN2,0323,-0.09,6.04,1.95,4.72,AN3,8A94,2.95,5.89,1.95,5.34,POS,0.05,1.13,1.53,80
DIST,4,AN0,189B,0.00,0.00,1.95,1.05,AN1,C32D,2.95,0.00,1.95,2.96,AN2,0323,-0.09,6.04,1.95,4.68,AN3,8A94,2.95,5.89,1.95,5.29,POS,0.06,1.14,1.55,83
DIST,4,AN0,189B,0.00,0.00,1.95,1.10,AN1,C32D,2.95,0.00,1.95,2.94,AN2,0323,-0.09,6.04,1.95,4.73,AN3,8A94,2.95,5.89,1.95,5.28,POS,0.11,1.14,1.51,81
DIST,4,AN0,189B,0.00,0.00,1.95,1.15,AN1,C32D,2.95,0.00,1.95,2.85,AN2,0323,-0.09,6.04,1.95,4.66,AN3,8A94,2.95,5.89,1.95,5.22,POS,0.14,1.16,1.49,82
DIST,4,AN0,189B,0.00,0.00,1.95,1.12,AN1,C32D,2.95,0.00,1.95,2.70,AN2,0323,-0.09,6.04,1.95,4.76,AN3,8A94,2.95,5.89,1.95,5.26,POS,0.19,1.15,1.46,77
DIST,4,AN0,189B,0.00,0.00,1.95,1.08,AN1,C32D,2.95,0.00,1.95,2.61,AN2,0323,-0.09,6.04,1.95,4.78,AN3,8A94,2.95,5.89,1.95,5.20,POS,0.25,1.14,1.47,80
DIST,4,AN0,189B,0.00,0.00,1.95,1.13,AN1,C32D,2.95,0.00,1.95,2.51,AN2,0323,-0.09,6.04,1.95,4.81,AN3,8A94,2.95,5.89,1.95,5.19,POS,0.32,1.13,1.46,71
DIST,4,AN0,189B,0.00,0.00,1.95,1.20,AN1,C32D,2.95,0.00,1.95,2.43,AN2,0323,-0.09,6.04,1.95,4.79,AN3,8A94,2.95,5.89,1.95,5.03,POS,0.44,1.13,1.52,68
DIST,4,AN0,189B,0.00,0.00,1.95,1.26,AN1,C32D,2.95,0.00,1.95,2.30,AN2,0323,-0.09,6.04,1.95,4.76,AN3,8A94,2.95,5.89,1.95,5.02,POS,0.52,1.14,1.55,69
DIST,4,AN0,189B,0.00,0.00,1.95,1.37,AN1,C32D,2.95,0.00,1.95,2.30,AN2,0323,-0.09,6.04,1.95,4.67,AN3,8A94,2.95,5.89,1.95,5.01,POS,0.55,1.14,1.58,76
DIST,4,AN0,189B,0.00,0.00,1.95,1.48,AN1,C32D,2.95,0.00,1.95,2.14,AN2,0323,-0.09,6.04,1.95,4.71,AN3,8A94,2.95,5.89,1.95,4.92,POS,0.62,1.14,1.56,62
DIST,4,AN0,189B,0.00,0.00,1.95,1.49,AN1,C32D,2.95,0.00,1.95,2.10,AN2,0323,-0.09,6.04,1.95,4.77,AN3,8A94,2.95,5.89,1.95,4.93,POS,0.69,1.13,1.50,58
DIST,4,AN0,189B,0.00,0.00,1.95,1.49,AN1,C32D,2.95,0.00,1.95,1.99,AN2,0323,-0.09,6.04,1.95,4.78,AN3,8A94,2.95,5.89,1.95,4.92,POS,0.76,1.12,1.55,63
DIST,4,AN0,189B,0.00,0.00,1.95,1.50,AN1,C32D,2.95,0.00,1.95,1.87,AN2,0323,-0.09,6.04,1.95,4.88,AN3,8A94,2.95,5.89,1.95,4.95,POS,0.83,1.09,1.55,63
DIST,4,AN0,189B,0.00,0.00,1.95,1.61,AN1,C32D,2.95,0.00,1.95,1.78,AN2,0323,-0.09,6.04,1.95,4.95,AN3,8A94,2.95,5.89,1.95,4.96,POS,0.92,1.06,1.53,63
DIST,4,AN0,189B,0.00,0.00,1.95,1.65,AN1,C32D,2.95,0.00,1.95,1.83,AN2,0323,-0.09,6.04,1.95,4.88,AN3,8A94,2.95,5.89,1.95,4.92,POS,1.03,1.09,1.53,76
DIST,4,AN0,189B,0.00,0.00,1.95,1.64,AN1,C32D,2.95,0.00,1.95,1.78,AN2,0323,-0.09,6.04,1.95,4.93,AN3,8A94,2.95,5.89,1.95,4.83,POS,1.12,1.10,1.55,76
DIST,4,AN0,189B,0.00,0.00,1.95,1.74,AN1,C32D,2.95,0.00,1.95,1.77,AN2,0323,-0.09,6.04,1.95,4.91,AN3,8A94,2.95,5.89,1.95,4.85,POS,1.16,1.09,1.49,66
DIST,4,AN0,189B,0.00,0.00,1.95,1.70,AN1,C32D,2.95,0.00,1.95,1.72,AN2,0323,-0.09,6.04,1.95,4.87,AN3,8A94,2.95,5.89,1.95,4.80,POS,1.20,1.09,1.49,71
DIST,4,AN0,189B,0.00,0.00,1.95,1.70,AN1,C32D,2.95,0.00,1.95,1.72,AN2,8A94,2.95,5.89,1.95,4.86,AN3,0323,-0.09,6.04,1.95,4.88,POS,1.26,1.12,1.57,83
DIST,4,AN0,189B,0.00,0.00,1.95,1.70,AN1,C32D,2.95,0.00,1.95,1.74,AN2,8A94,2.95,5.89,1.95,4.80,AN3,0323,-0.09,6.04,1.95,4.88,POS,1.28,1.11,1.52,69
DIST,4,AN0,189B,0.00,0.00,1.95,1.74,AN1,C32D,2.95,0.00,1.95,1.69,AN2,8A94,2.95,5.89,1.95,4.89,AN3,0323,-0.09,6.04,1.95,4.85,POS,1.34,1.13,1.45,71
DIST,4,AN0,189B,0.00,0.00,1.95,1.71,AN1,C32D,2.95,0.00,1.95,1.71,AN2,8A94,2.95,5.89,1.95,4.88,AN3,0323,-0.09,6.04,1.95,4.95,POS,1.33,1.10,1.44,66
DIST,4,AN0,189B,0.00,0.00,1.95,1.71,AN1,C32D,2.95,0.00,1.95,1.74,AN2,8A94,2.95,5.89,1.95,4.86,AN3,0323,-0.09,6.04,1.95,4.92,POS,1.32,1.08,1.42,67
DIST,4,AN0,189B,0.00,0.00,1.95,1.74,AN1,C32D,2.95,0.00,1.95,1.71,AN2,8A94,2.95,5.89,1.95,4.89,AN3,0323,-0.09,6.04,1.95,4.94,POS,1.36,1.11,1.45,78
DIST,4,AN0,189B,0.00,0.00,1.95,1.77,AN1,C32D,2.95,0.00,1.95,1.70,AN2,8A94,2.95,5.89,1.95,4.85,AN3,0323,-0.09,6.04,1.95,4.98,POS,1.38,1.10,1.52,77
DIST,4,AN0,189B,0.00,0.00,1.95,1.73,AN1,C32D,2.95,0.00,1.95,1.70,AN2,8A94,2.95,5.89,1.95,4.84,AN3,0323,-0.09,6.04,1.95,4.96,POS,1.38,1.08,1.46,67
DIST,4,AN0,189B,0.00,0.00,1.95,1.76,AN1,C32D,2.95,0.00,1.95,1.68,AN2,8A94,2.95,5.89,1.95,4.86,AN3,0323,-0.09,6.04,1.95,4.86,POS,1.41,1.11,1.41,71
DIST,4,AN0,189B,0.00,0.00,1.95,1.76,AN1,C32D,2.95,0.00,1.95,1.72,AN2,8A94,2.95,5.89,1.95,4.87,AN3,0323,-0.09,6.04,1.95,4.92,POS,1.38,1.09,1.42,67
DIST,4,AN0,189B,0.00,0.00,1.95,1.73,AN1,C32D,2.95,0.00,1.95,1.71,AN2,8A94,2.95,5.89,1.95,4.89,AN3,0323,-0.09,6.04,1.95,4.93,POS,1.35,1.07,1.44,67
DIST,4,AN0,189B,0.00,0.00,1.95,1.72,AN1,C32D,2.95,0.00,1.95,1.76,AN2,8A94,2.95,5.89,1.95,4.85,AN3,0323,-0.09,6.04,1.95,4.88,POS,1.32,1.06,1.46,68
DIST,4,AN0,189B,0.00,0.00,1.95,1.73,AN1,C32D,2.95,0.00,1.95,1.75,AN2,8A94,2.95,5.89,1.95,4.86,AN3,0323,-0.09,6.04,1.95,4.86,POS,1.36,1.10,1.51,82
DIST,3,AN0,189B,0.00,0.00,1.95,1.77,AN1,C32D,2.95,0.00,1.95,1.76,AN2,8A94,2.95,5.89,1.95,4.80,POS,1.39,1.12,1.47,73
DIST,4,AN0,189B,0.00,0.00,1.95,1.86,AN1,C32D,2.95,0.00,1.95,1.70,AN2,8A94,2.95,5.89,1.95,4.84,AN3,0323,-0.09,6.04,1.95,4.79,POS,1.44,1.16,1.41,72
DIST,4,AN0,189B,0.00,0.00,1.95,1.84,AN1,C32D,2.95,0.00,1.95,1.70,AN2,8A94,2.95,5.89,1.95,4.80,AN3,0323,-0.09,6.04,1.95,4.89,POS,1.47,1.18,1.46,78
DIST,4,AN0,189B,0.00,0.00,1.95,1.83,AN1,C32D,2.95,0.00,1.95,1.62,AN2,8A94,2.95,5.89,1.95,4.81,AN3,0323,-0.09,6.04,1.95,4.92,POS,1.51,1.19,1.52,78
DIST,4,AN0,C32D,2.95,0.00,1.95,1.57,AN1,189B,0.00,0.00,1.95,1.89,AN2,8A94,2.95,5.89,1.95,4.87,AN3,0323,-0.09,6.04,1.95,5.05,POS,1.51,1.13,1.46,65
DIST,4,AN0,C32D,2.95,0.00,1.95,1.47,AN1,189B,0.00,0.00,1.95,1.81,AN2,8A94,2.95,5.89,1.95,4.91,AN3,0323,-0.09,6.04,1.95,5.06,POS,1.55,1.12,1.55,73
DIST,4,AN0,C32D,2.95,0.00,1.95,1.40,AN1,189B,0.00,0.00,1.95,1.83,AN2,8A94,2.95,5.89,1.95,4.87,AN3,0323,-0.09,6.04,1.95,5.09,POS,1.55,1.07,1.57,69
DIST,4,AN0,C32D,2.95,0.00,1.95,1.46,AN1,189B,0.00,0.00,1.95,1.94,AN2,8A94,2.95,5.89,1.95,4.87,AN3,0323,-0.09,6.04,1.95,5.11,POS,1.56,1.04,1.51,64
DIST,4,AN0,C32D,2.95,0.00,1.95,1.39,AN1,189B,0.00,0.00,1.95,1.99,AN2,8A94,2.95,5.89,1.95,4.84,AN3,0323,-0.09,6.04,1.95,5.07,POS,1.64,1.06,1.59,69
DIST,4,AN0,C32D,2.95,0.00,1.95,1.38,AN1,189B,0.00,0.00,1.95,2.04,AN2,8A94,2.95,5.89,1.95,4.76,AN3,0323,-0.09,6.04,1.95,5.08,POS,1.66,1.05,1.54,64
DIST,4,AN0,C32D,2.95,0.00,1.95,1.36,AN1,189B,0.00,0.00,1.95,2.02,AN2,8A94,2.95,5.89,1.95,4.73,AN3,0323,-0.09,6.04,1.95,5.01,POS,1.66,1.04,1.59,71
DIST,4,AN0,C32D,2.95,0.00,1.95,1.48,AN1,189B,0.00,0.00,1.95,2.10,AN2,8A94,2.95,5.89,1.95,4.66,AN3,0323,-0.09,6.04,1.95,4.95,POS,1.67,1.06,1.55,69
DIST,4,AN0,C32D,2.95,0.00,1.95,1.48,AN1,189B,0.00,0.00,1.95,2.06,AN2,8A94,2.95,5.89,1.95,4.60,AN3,0323,-0.09,6.04,1.95,4.88,POS,1.66,1.09,1.57,75
DIST,4,AN0,C32D,2.95,0.00,1.95,1.45,AN1,189B,0.00,0.00,1.95,2.17,AN2,8A94,2.95,5.89,1.95,4.62,AN3,0323,-0.09,6.04,1.95,5.01,POS,1.71,1.12,1.61,71
DIST,4,AN0,C32D,2.95,0.00,1.95,1.41,AN1,189B,0.00,0.00,1.95,2.23,AN2,8A94,2.95,5.89,1.95,4.67,AN3,0323,-0.09,6.04,1.95,5.05,POS,1.74,1.12,1.53,61
DIST,4,AN0,C32D,2.95,0.00,1.95,1.39,AN1,189B,0.00,0.00,1.95,2.22,AN2,8A94,2.95,5.89,1.95,4.75,AN3,0323,-0.09,6.04,1.95,5.13,POS,1.76,1.11,1.55,66
DIST,4,AN0,C32D,2.95,0.00,1.95,1.28,AN1,189B,0.00,0.00,1.95,2.31,AN2,8A94,2.95,5.89,1.95,4.79,AN3,0323,-0.09,6.04,1.95,5.11,POS,1.87,1.14,1.59,72
DIST,4,AN0,C32D,2.95,0.00,1.95,1.22,AN1,189B,0.00,0.00,1.95,2.32,AN2,8A94,2.95,5.89,1.95,4.74,AN3,0323,-0.09,6.04,1.95,5.21,POS,1.95,1.14,1.59,70
DIST,4,AN0,C32D,2.95,0.00,1.95,1.15,AN1,189B,0.00,0.00,1.95,2.35,AN2,8A94,2.95,5.89,1.95,4.77,AN3,0323,-0.09,6.04,1.95,5.29,POS,1.98,1.11,1.62,61
DIST,4,AN0,C32D,2.95,0.00,1.95,1.11,AN1,189B,0.00,0.00,1.95,2.38,AN2,8A94,2.95,5.89,1.95,4.83,AN3,0323,-0.09,6.04,1.95,5.31,POS,2.07,1.11,1.62,74
DIST,4,AN0,C32D,2.95,0.00,1.95,1.08,AN1,189B,0.00,0.00,1.95,2.40,AN2,8A94,2.95,5.89,1.95,4.82,AN3,0323,-0.09,6.04,1.95,5.32,POS,2.14,1.10,1.63,77
DIST,4,AN0,C32D,2.95,0.00,1.95,1.08,AN1,189B,0.00,0.00,1.95,2.48,AN2,8A94,2.95,5.89,1.95,4.75,AN3,0323,-0.09,6.04,1.95,5.40,POS,2.19,1.08,1.59,68
DIST,4,AN0,C32D,2.95,0.00,1.95,1.06,AN1,189B,0.00,0.00,1.95,2.54,AN2,8A94,2.95,5.89,1.95,4.81,AN3,0323,-0.09,6.04,1.95,5.35,POS,2.26,1.09,1.60,82
DIST,4,AN0,C32D,2.95,0.00,1.95,1.12,AN1,189B,0.00,0.00,1.95,2.60,AN2,8A94,2.95,5.89,1.95,4.71,AN3,0323,-0.09,6.04,1.95,5.29,POS,2.32,1.12,1.61,83
DIST,4,AN0,C32D,2.95,0.00,1.95,1.09,AN1,189B,0.00,0.00,1.95,2.65,AN2,8A94,2.95,5.89,1.95,4.68,AN3,0323,-0.09,6.04,1.95,5.34,POS,2.38,1.14,1.61,83
DIST,4,AN0,C32D,2.95,0.00,1.95,1.14,AN1,189B,0.00,0.00,1.95,2.72,AN2,8A94,2.95,5.89,1.95,4.61,AN3,0323,-0.09,6.04,1.95,5.32,POS,2.38,1.14,1.58,75
DIST,4,AN0,C32D,2.95,0.00,1.95,1.09,AN1,189B,0.00,0.00,1.95,2.74,AN2,8A94,2.95,5.89,1.95,4.70,AN3,0323,-0.09,6.04,1.95,5.39,POS,2.45,1.15,1.58,83
DIST,4,AN0,C32D,2.95,0.00,1.95,1.08,AN1,189B,0.00,0.00,1.95,2.76,AN2,8A94,2.95,5.89,1.95,4.72,AN3,0323,-0.09,6.04,1.95,5.41,POS,2.51,1.16,1.56,84
DIST,4,AN0,C32D,2.95,0.00,1.95,1.03,AN1,189B,0.00,0.00,1.95,2.75,AN2,8A94,2.95,5.89,1.95,4.82,AN3,0323,-0.09,6.04,1.95,5.48,POS,2.55,1.15,1.54,84
DIST,4,AN0,C32D,2.95,0.00,1.95,0.94,AN1,189B,0.00,0.00,1.95,2.76,AN2,8A94,2.95,5.89,1.95,4.83,AN3,0323,-0.09,6.04,1.95,5.50,POS,2.59,1.13,1.59,84
DIST,4,AN0,C32D,2.95,0.00,1.95,0.92,AN1,189B,0.00,0.00,1.95,2.94,AN2,8A94,2.95,5.89,1.95,4.83,AN3,0323,-0.09,6.04,1.95,5.66,POS,2.68,1.11,1.57,77
DIST,4,AN0,C32D,2.95,0.00,1.95,0.88,AN1,189B,0.00,0.00,1.95,2.96,AN2,8A94,2.95,5.89,1.95,4.86,AN3,0323,-0.09,6.04,1.95,5.68,POS,2.74,1.09,1.58,80
DIST,4,AN0,C32D,2.95,0.00,1.95,0.85,AN1,189B,0.00,0.00,1.95,3.02,AN2,8A94,2.95,5.89,1.95,4.85,AN3,0323,-0.09,6.04,1.95,5.66,POS,2.83,1.07,1.55,64
DIST,4,AN0,C32D,2.95,0.00,1.95,0.89,AN1,189B,0.00,0.00,1.95,2.97,AN2,8A94,2.95,5.89,1.95,4.85,AN3,0323,-0.09,6.04,1.95,5.64,POS,2.87,1.07,1.61,82
DIST,4,AN0,C32D,2.95,0.00,1.95,0.90,AN1,189B,0.00,0.00,1.95,2.95,AN2,8A94,2.95,5.89,1.95,4.80,AN3,0323,-0.09,6.04,1.95,5.66,POS,2.83,1.04,1.56,76
DIST,4,AN0,C32D,2.95,0.00,1.95,0.92,AN1,189B,0.00,0.00,1.95,3.01,AN2,8A94,2.95,5.89,1.95,4.75,AN3,0323,-0.09,6.04,1.95,5.56,POS,2.89,1.06,1.55,69
DIST,4,AN0,C32D,2.95,0.00,1.95,0.90,AN1,189B,0.00,0.00,1.95,3.08,AN2,8A94,2.95,5.89,1.95,4.77,AN3,0323,-0.09,6.04,1.95,5.64,POS,2.96,1.07,1.53,62
DIST,4,AN0,C32D,2.95,0.00,1.95,0.91,AN1,8A94,2.95,5.89,1.95,4.77,AN2,189B,0.00,0.00,1.95,3.02,AN3,0323,-0.09,6.04,1.95,5.65,POS,2.98,1.07,1.59,79
DIST,4,AN0,C32D,2.95,0.00,1.95,0.96,AN1,8A94,2.95,5.89,1.95,4.74,AN2,189B,0.00,0.00,1.95,3.06,AN3,0323,-0.09,6.04,1.95,5.70,POS,2.96,1.07,1.65,85
DIST,4,AN0,C32D,2.95,0.00,1.95,1.01,AN1,8A94,2.95,5.89,1.95,4.78,AN2,189B,0.00,0.00,1.95,3.07,AN3,0323,-0.09,6.04,1.95,5.64,POS,2.97,1.08,1.62,73
DIST,4,AN0,C32D,2.95,0.00,1.95,1.03,AN1,8A94,2.95,5.89,1.95,4.82,AN2,189B,0.00,0.00,1.95,3.16,AN3,0323,-0.09,6.04,1.95,5.73,POS,3.00,1.08,1.57,63
DIST,4,AN0,C32D,2.95,0.00,1.95,0.99,AN1,8A94,2.95,5.89,1.95,4.84,AN2,189B,0.00,0.00,1.95,3.07,AN3,0323,-0.09,6.04,1.95,5.79,POS,2.97,1.06,1.54,75
DIST,4,AN0,C32D,2.95,0.00,1.95,1.01,AN1,8A94,2.95,5.89,1.95,4.92,AN2,189B,0.00,0.00,1.95,3.05,AN3,0323,-0.09,6.04,1.95,5.84,POS,2.94,1.04,1.58,85
DIST,4,AN0,C32D,2.95,0.00,1.95,1.00,AN1,189B,0.00,0.00,1.95,3.14,AN2,8A94,2.95,5.89,1.95,4.89,AN3,0323,-0.09,6.04,1.95,5.79,POS,2.97,1.04,1.61,75
DIST,4,AN0,C32D,2.95,0.00,1.95,0.97,AN1,8A94,2.95,5.89,1.95,4.94,AN2,189B,0.00,0.00,1.95,3.12,AN3,0323,-0.09,6.04,1.95,5.76,POS,3.01,1.04,1.57,63
DIST,4,AN0,C32D,2.95,0.00,1.95,0.96,AN1,8A94,2.95,5.89,1.95,4.93,AN2,189B,0.00,0.00,1.95,3.05,AN3,0323,-0.09,6.04,1.95,5.72,POS,3.01,1.04,1.54,68
DIST,4,AN0,C32D,2.95,0.00,1.95,1.03,AN1,8A94,2.95,5.89,1.95,4.97,AN2,189B,0.00,0.00,1.95,2.90,AN3,0323,-0.09,6.04,1.95,5.72,POS,2.96,1.03,1.52,81
DIST,4,AN0,C32D,2.95,0.00,1.95,0.99,AN1,8A94,2.95,5.89,1.95,4.97,AN2,189B,0.00,0.00,1.95,3.02,AN3,0323,-0.09,6.04,1.95,5.70,POS,2.95,1.05,1.61,85
DIST,4,AN0,C32D,2.95,0.00,1.95,1.00,AN1,189B,0.00,0.00,1.95,2.96,AN2,8A94,2.95,5.89,1.95,4.99,AN3,0323,-0.09,6.04,1.95,5.80,POS,2.93,1.03,1.56,75
DIST,4,AN0,C32D,2.95,0.00,1.95,1.08,AN1,189B,0.00,0.00,1.95,2.97,AN2,8A94,2.95,5.89,1.95,4.93,AN3,0323,-0.09,6.04,1.95,5.74,POS,2.89,1.01,1.56,84
DIST,4,AN0,C32D,2.95,0.00,1.95,1.02,AN1,189B,0.00,0.00,1.95,3.03,AN2,8A94,2.95,5.89,1.95,4.93,AN3,0323,-0.09,6.04,1.95,5.74,POS,2.89,1.02,1.56,80
DIST,4,AN0,C32D,2.95,0.00,1.95,1.02,AN1,189B,0.00,0.00,1.95,3.02,AN2,8A94,2.95,5.89,1.95,4.88,AN3,0323,-0.09,6.04,1.95,5.78,POS,2.86,1.00,1.51,75
DIST,4,AN0,C32D,2.95,0.00,1.95,1.02,AN1,189B,0.00,0.00,1.95,2.98,AN2,8A94,2.95,5.89,1.95,4.88,AN3,0323,-0.09,6.04,1.95,5.77,POS,2.85,0.99,1.48,74
DIST,4,AN0,C32D,2.95,0.00,1.95,1.03,AN1,189B,0.00,0.00,1.95,3.02,AN2,8A94,2.95,5.89,1.95,4.86,AN3,0323,-0.09,6.04,1.95,5.85,POS,2.86,0.98,1.51,81
DIST,4,AN0,C32D,2.95,0.00,1.95,1.03,AN1,189B,0.00,0.00,1.95,3.06,AN2,8A94,2.95,5.89,1.95,4.90,AN3,0323,-0.09,6.04,1.95,5.76,POS,2.88,1.00,1.51,75
DIST,4,AN0,C32D,2.95,0.00,1.95,0.98,AN1,189B,0.00,0.00,1.95,3.04,AN2,8A94,2.95,5.89,1.95,4.93,AN3,0323,-0.09,6.04,1.95,5.87,POS,2.88,0.99,1.58,85
DIST,4,AN0,C32D,2.95,0.00,1.95,1.03,AN1,189B,0.00,0.00,1.95,3.12,AN2,8A94,2.95,5.89,1.95,4.87,AN3,0323,-0.09,6.04,1.95,5.78,POS,2.91,1.01,1.58,74
DIST,4,AN0,C32D,2.95,0.00,1.95,1.00,AN1,189B,0.00,0.00,1.95,3.11,AN2,8A94,2.95,5.89,1.95,4.84,AN3,0323,-0.09,6.04,1.95,5.81,POS,2.92,1.00,1.54,71
DIST,4,AN0,C32D,2.95,0.00,1.95,1.01,AN1,189B,0.00,0.00,1.95,3.11,AN2,8A94,2.95,5.89,1.95,4.91,AN3,0323,-0.09,6.04,1.95,5.82,POS,2.95,1.00,1.53,71
DIST,4,AN0,C32D,2.95,0.00,1.95,1.01,AN1,189B,0.00,0.00,1.95,3.07,AN2,8A94,2.95,5.89,1.95,4.89,AN3,0323,-0.09,6.04,1.95,5.82,POS,2.93,1.00,1.61,85
DIST,4,AN0,C32D,2.95,0.00,1.95,0.99,AN1,189B,0.00,0.00,1.95,3.11,AN2,8A94,2.95,5.89,1.95,4.94,AN3,0323,-0.09,6.04,1.95,5.83,POS,2.95,1.00,1.59,72
DIST,4,AN0,C32D,2.95,0.00,1.95,1.00,AN1,8A94,2.95,5.89,1.95,4.85,AN2,189B,0.00,0.00,1.95,3.10,AN3,0323,-0.09,6.04,1.95,5.86,POS,2.96,0.99,1.55,68
DIST,4,AN0,C32D,2.95,0.00,1.95,1.00,AN1,8A94,2.95,5.89,1.95,4.94,AN2,189B,0.00,0.00,1.95,3.10,AN3,0323,-0.09,6.04,1.95,5.93,POS,2.96,0.98,1.58,81
DIST,4,AN0,C32D,2.95,0.00,1.95,1.07,AN1,8A94,2.95,5.89,1.95,4.90,AN2,189B,0.00,0.00,1.95,3.16,AN3,0323,-0.09,6.04,1.95,5.87,POS,2.95,0.99,1.58,78
DIST,4,AN0,C32D,2.95,0.00,1.95,1.08,AN1,8A94,2.95,5.89,1.95,4.90,AN2,189B,0.00,0.00,1.95,3.16,AN3,0323,-0.09,6.04,1.95,5.86,POS,2.95,0.99,1.58,77
DIST,4,AN0,C32D,2.95,0.00,1.95,1.08,AN1,8A94,2.95,5.89,1.95,4.93,AN2,189B,0.00,0.00,1.95,3.17,AN3,0323,-0.09,6.04,1.95,5.90,POS,2.95,0.99,1.56,74
DIST,4,AN0,C32D,2.95,0.00,1.95,1.10,AN1,8A94,2.95,5.89,1.95,4.93,AN2,189B,0.00,0.00,1.95,3.16,AN3,0323,-0.09,6.04,1.95,5.87,POS,2.94,0.99,1.53,74
DIST,4,AN0,C32D,2.95,0.00,1.95,1.11,AN1,189B,0.00,0.00,1.95,3.16,AN2,8A94,2.95,5.89,1.95,4.93,AN3,0323,-0.09,6.04,1.95,5.88,POS,2.94,0.99,1.51,72
DIST,4,AN0,C32D,2.95,0.00,1.95,1.10,AN1,189B,0.00,0.00,1.95,3.17,AN2,8A94,2.95,5.89,1.95,4.87,AN3,0323,-0.09,6.04,1.95,5.93,POS,2.95,1.00,1.53,75
DIST,4,AN0,C32D,2.95,0.00,1.95,1.08,AN1,8A94,2.95,5.89,1.95,4.93,AN2,189B,0.00,0.00,1.95,3.21,AN3,0323,-0.09,6.04,1.95,5.90,POS,2.96,0.99,1.52,74
DIST,4,AN0,C32D,2.95,0.00,1.95,1.04,AN1,8A94,2.95,5.89,1.95,4.92,AN2,189B,0.00,0.00,1.95,3.21,AN3,0323,-0.09,6.04,1.95,5.95,POS,2.98,0.99,1.55,75
DIST,4,AN0,C32D,2.95,0.00,1.95,1.08,AN1,8A94,2.95,5.89,1.95,4.96,AN2,189B,0.00,0.00,1.95,3.20,AN3,0323,-0.09,6.04,1.95,5.97,POS,2.98,0.98,1.53,68
DIST,4,AN0,C32D,2.95,0.00,1.95,1.04,AN1,8A94,2.95,5.89,1.95,4.97,AN2,189B,0.00,0.00,1.95,3.22,AN3,0323,-0.09,6.04,1.95,6.00,POS,3.00,0.97,1.52,69
DIST,4,AN0,C32D,2.95,0.00,1.95,1.06,AN1,8A94,2.95,5.89,1.95,4.96,AN2,189B,0.00,0.00,1.95,3.20,AN3,0323,-0.09,6.04,1.95,5.95,POS,3.00,0.97,1.51,71
DIST,4,AN0,C32D,2.95,0.00,1.95,1.08,AN1,8A94,2.95,5.89,1.95,4.97,AN2,189B,0.00,0.00,1.95,3.15,AN3,0323,-0.09,6.04,1.95,5.87,POS,2.99,0.96,1.49,70
DIST,4,AN0,C32D,2.95,0.00,1.95,1.10,AN1,8A94,2.95,5.89,1.95,4.92,AN2,189B,0.00,0.00,1.95,3.16,AN3,0323,-0.09,6.04,1.95,5.88,POS,2.97,0.97,1.49,74
DIST,4,AN0,C32D,2.95,0.00,1.95,1.11,AN1,8A94,2.95,5.89,1.95,4.88,AN2,189B,0.00,0.00,1.95,3.17,AN3,0323,-0.09,6.04,1.95,5.86,POS,2.97,0.98,1.50,75
DIST,4,AN0,C32D,2.95,0.00,1.95,1.13,AN1,8A94,2.95,5.89,1.95,4.90,AN2,189B,0.00,0.00,1.95,3.11,AN3,0323,-0.09,6.04,1.95,5.84,POS,2.95,0.99,1.49,76
DIST,4,AN0,C32D,2.95,0.00,1.95,1.09,AN1,189B,0.00,0.00,1.95,3.13,AN2,8A94,2.95,5.89,1.95,4.85,AN3,0323,-0.09,6.04,1.95,5.74,POS,2.96,1.02,1.50,73
DIST,4,AN0,C32D,2.95,0.00,1.95,1.08,AN1,8A94,2.95,5.89,1.95,4.81,AN2,189B,0.00,0.00,1.95,3.07,AN3,0323,-0.09,6.04,1.95,5.76,POS,2.95,1.02,1.46,70
DIST,4,AN0,C32D,2.95,0.00,1.95,1.09,AN1,189B,0.00,0.00,1.95,3.13,AN2,8A94,2.95,5.89,1.95,4.68,AN3,0323,-0.09,6.04,1.95,5.69,POS,2.96,1.04,1.48,76
DIST,4,AN0,C32D,2.95,0.00,1.95,1.21,AN1,8A94,2.95,5.89,1.95,4.62,AN2,189B,0.00,0.00,1.95,3.17,AN3,0323,-0.09,6.04,1.95,5.50,POS,2.98,1.11,1.48,71
DIST,4,AN0,C32D,2.95,0.00,1.95,1.33,AN1,8A94,2.95,5.89,1.95,4.59,AN2,189B,0.00,0.00,1.95,3.18,AN3,0323,-0.09,6.04,1.95,5.45,POS,2.96,1.18,1.52,82
DIST,4,AN0,C32D,2.95,0.00,1.95,1.44,AN1,8A94,2.95,5.89,1.95,4.46,AN2,189B,0.00,0.00,1.95,3.29,AN3,0323,-0.09,6.04,1.95,5.42,POS,2.98,1.26,1.54,75
DIST,4,AN0,C32D,2.95,0.00,1.95,1.56,AN1,8A94,2.95,5.89,1.95,4.30,AN2,189B,0.00,0.00,1.95,3.27,AN3,0323,-0.09,6.04,1.95,5.33,POS,2.96,1.33,1.48,73
DIST,4,AN0,C32D,2.95,0.00,1.95,1.65,AN1,8A94,2.95,5.89,1.95,4.22,AN2,189B,0.00,0.00,1.95,3.27,AN3,0323,-0.09,6.04,1.95,5.21,POS,2.93,1.40,1.44,76
DIST,4,AN0,C32D,2.95,0.00,1.95,1.75,AN1,189B,0.00,0.00,1.95,3.49,AN2,8A94,2.95,5.89,1.95,4.03,AN3,0323,-0.09,6.04,1.95,5.19,POS,2.96,1.50,1.45,71
DIST,4,AN0,C32D,2.95,0.00,1.95,1.87,AN1,8A94,2.95,5.89,1.95,3.90,AN2,189B,0.00,0.00,1.95,3.51,AN3,0323,-0.09,6.04,1.95,5.05,POS,2.97,1.60,1.46,74
DIST,4,AN0,C32D,2.95,0.00,1.95,2.04,AN1,8A94,2.95,5.89,1.95,3.76,AN2,189B,0.00,0.00,1.95,3.64,AN3,0323,-0.09,6.04,1.95,4.91,POS,2.95,1.72,1.45,75
DIST,4,AN0,C32D,2.95,0.00,1.95,2.22,AN1,8A94,2.95,5.89,1.95,3.69,AN2,189B,0.00,0.00,1.95,4.01,AN3,0323,-0.09,6.04,1.95,4.75,POS,3.12,1.91,1.47,76
DIST,4,AN0,C32D,2.95,0.00,1.95,2.33,AN1,8A94,2.95,5.89,1.95,3.53,AN2,189B,0.00,0.00,1.95,4.06,AN3,0323,-0.09,6.04,1.95,4.65,POS,3.23,2.09,1.47,76
DIST,4,AN0,C32D,2.95,0.00,1.95,2.37,AN1,8A94,2.95,5.89,1.95,3.43,AN2,189B,0.00,0.00,1.95,4.02,AN3,0323,-0.09,6.04,1.95,4.62,POS,3.28,2.22,1.52,74
DIST,4,AN0,C32D,2.95,0.00,1.95,2.39,AN1,8A94,2.95,5.89,1.95,3.38,AN2,189B,0.00,0.00,1.95,4.14,AN3,0323,-0.09,6.04,1.95,4.69,POS,3.37,2.32,1.48,77
DIST,4,AN0,C32D,2.95,0.00,1.95,2.40,AN1,8A94,2.95,5.89,1.95,3.38,AN2,189B,0.00,0.00,1.95,4.16,AN3,0323,-0.09,6.04,1.95,4.64,POS,3.45,2.41,1.52,77
DIST,4,AN0,C32D,2.95,0.00,1.95,2.43,AN1,8A94,2.95,5.89,1.95,3.30,AN2,189B,0.00,0.00,1.95,4.02,AN3,0323,-0.09,6.04,1.95,4.58,POS,3.43,2.47,1.50,73
DIST,4,AN0,C32D,2.95,0.00,1.95,2.42,AN1,8A94,2.95,5.89,1.95,3.33,AN2,189B,0.00,0.00,1.95,4.24,AN3,0323,-0.09,6.04,1.95,4.60,POS,3.31,2.48,1.51,72
DIST,4,AN0,C32D,2.95,0.00,1.95,2.43,AN1,8A94,2.95,5.89,1.95,3.34,AN2,189B,0.00,0.00,1.95,4.19,AN3,0323,-0.09,6.04,1.95,4.67,POS,3.41,2.53,1.51,78
DIST,4,AN0,C32D,2.95,0.00,1.95,2.44,AN1,8A94,2.95,5.89,1.95,3.33,AN2,189B,0.00,0.00,1.95,4.21,AN3,0323,-0.09,6.04,1.95,4.65,POS,3.48,2.58,1.54,78
DIST,4,AN0,C32D,2.95,0.00,1.95,2.40,AN1,8A94,2.95,5.89,1.95,3.36,AN2,189B,0.00,0.00,1.95,4.13,AN3,0323,-0.09,6.04,1.95,4.56,POS,3.53,2.61,1.47,78
DIST,4,AN0,C32D,2.95,0.00,1.95,2.39,AN1,8A94,2.95,5.89,1.95,3.40,AN2,189B,0.00,0.00,1.95,4.07,AN3,0323,-0.09,6.04,1.95,4.60,POS,3.54,2.62,1.44,76
DIST,4,AN0,C32D,2.95,0.00,1.95,2.40,AN1,8A94,2.95,5.89,1.95,3.42,AN2,189B,0.00,0.00,1.95,4.09,AN3,0323,-0.09,6.04,1.95,4.66,POS,3.53,2.63,1.52,75
DIST,4,AN0,C32D,2.95,0.00,1.95,2.40,AN1,8A94,2.95,5.89,1.95,3.41,AN2,189B,0.00,0.00,1.95,4.07,AN3,0323,-0.09,6.04,1.95,4.60,POS,3.53,2.63,1.46,76
DIST,4,AN0,C32D,2.95,0.00,1.95,2.38,AN1,8A94,2.95,5.89,1.95,3.35,AN2,189B,0.00,0.00,1.95,4.18,AN3,0323,-0.09,6.04,1.95,4.63,POS,3.59,2.65,1.45,79
DIST,4,AN0,C32D,2.95,0.00,1.95,2.41,AN1,8A94,2.95,5.89,1.95,3.34,AN2,189B,0.00,0.00,1.95,3.92,AN3,0323,-0.09,6.04,1.95,4.63,POS,3.44,2.61,1.48,71
DIST,4,AN0,C32D,2.95,0.00,1.95,2.50,AN1,8A94,2.95,5.89,1.95,3.32,AN2,189B,0.00,0.00,1.95,3.87,AN3,0323,-0.09,6.04,1.95,4.60,POS,3.33,2.59,1.46,69
DIST,4,AN0,C32D,2.95,0.00,1.95,2.52,AN1,8A94,2.95,5.89,1.95,3.34,AN2,189B,0.00,0.00,1.95,4.10,AN3,0323,-0.09,6.04,1.95,4.53,POS,3.35,2.63,1.48,75
DIST,4,AN0,C32D,2.95,0.00,1.95,2.55,AN1,8A94,2.95,5.89,1.95,3.32,AN2,189B,0.00,0.00,1.95,4.10,AN3,0323,-0.09,6.04,1.95,4.53,POS,3.36,2.66,1.43,74
DIST,4,AN0,C32D,2.95,0.00,1.95,2.61,AN1,8A94,2.95,5.89,1.95,3.23,AN2,189B,0.00,0.00,1.95,4.12,AN3,0323,-0.09,6.04,1.95,4.42,POS,3.36,2.70,1.45,75
DIST,4,AN0,C32D,2.95,0.00,1.95,2.68,AN1,8A94,2.95,5.89,1.95,3.09,AN2,189B,0.00,0.00,1.95,4.16,AN3,0323,-0.09,6.04,1.95,4.42,POS,3.35,2.75,1.40,75
DIST,4,AN0,C32D,2.95,0.00,1.95,2.74,AN1,8A94,2.95,5.89,1.95,3.09,AN2,189B,0.00,0.00,1.95,4.19,AN3,0323,-0.09,6.04,1.95,4.35,POS,3.35,2.80,1.39,75
DIST,4,AN0,C32D,2.95,0.00,1.95,2.82,AN1,8A94,2.95,5.89,1.95,3.03,AN2,189B,0.00,0.00,1.95,4.20,AN3,0323,-0.09,6.04,1.95,4.31,POS,3.31,2.85,1.43,74
DIST,4,AN0,C32D,2.95,0.00,1.95,2.83,AN1,8A94,2.95,5.89,1.95,3.00,AN2,189B,0.00,0.00,1.95,4.16,AN3,0323,-0.09,6.04,1.95,4.29,POS,3.26,2.88,1.42,73
DIST,4,AN0,C32D,2.95,0.00,1.95,2.87,AN1,8A94,2.95,5.89,1.95,2.98,AN2,189B,0.00,0.00,1.95,4.15,AN3,0323,-0.09,6.04,1.95,4.27,POS,3.22,2.90,1.37,73
DIST,4,AN0,C32D,2.95,0.00,1.95,2.91,AN1,8A94,2.95,5.89,1.95,2.95,AN2,189B,0.00,0.00,1.95,4.16,AN3,0323,-0.09,6.04,1.95,4.27,POS,3.15,2.91,1.34,71
DIST,4,AN0,C32D,2.95,0.00,1.95,2.95,AN1,8A94,2.95,5.89,1.95,2.95,AN2,189B,0.00,0.00,1.95,4.21,AN3,0323,-0.09,6.04,1.95,4.14,POS,3.04,2.92,1.31,70
DIST,4,AN0,C32D,2.95,0.00,1.95,2.98,AN1,8A94,2.95,5.89,1.95,2.81,AN2,189B,0.00,0.00,1.95,4.26,AN3,0323,-0.09,6.04,1.95,4.11,POS,3.07,2.98,1.27,72
DIST,4,AN0,8A94,2.95,5.89,1.95,2.78,AN1,C32D,2.95,0.00,1.95,3.10,AN2,189B,0.00,0.00,1.95,4.23,AN3,0323,-0.09,6.04,1.95,4.09,POS,3.02,3.03,1.32,72
DIST,4,AN0,8A94,2.95,5.89,1.95,2.72,AN1,C32D,2.95,0.00,1.95,3.09,AN2,189B,0.00,0.00,1.95,4.28,AN3,0323,-0.09,6.04,1.95,4.01,POS,2.95,3.05,1.34,72
DIST,4,AN0,8A94,2.95,5.89,1.95,2.64,AN1,C32D,2.95,0.00,1.95,3.17,AN2,189B,0.00,0.00,1.95,4.37,AN3,0323,-0.09,6.04,1.95,3.94,POS,2.99,3.14,1.31,70
DIST,4,AN0,8A94,2.95,5.89,1.95,2.53,AN1,C32D,2.95,0.00,1.95,3.23,AN2,0323,-0.09,6.04,1.95,3.97,AN3,189B,0.00,0.00,1.95,4.50,POS,3.06,3.22,1.32,71
DIST,4,AN0,8A94,2.95,5.89,1.95,2.48,AN1,C32D,2.95,0.00,1.95,3.32,AN2,0323,-0.09,6.04,1.95,3.95,AN3,189B,0.00,0.00,1.95,4.50,POS,3.07,3.28,1.33,68
DIST,4,AN0,8A94,2.95,5.89,1.95,2.44,AN1,C32D,2.95,0.00,1.95,3.34,AN2,0323,-0.09,6.04,1.95,3.92,AN3,189B,0.00,0.00,1.95,4.60,POS,3.12,3.35,1.34,70
DIST,4,AN0,8A94,2.95,5.89,1.95,2.39,AN1,C32D,2.95,0.00,1.95,3.47,AN2,0323,-0.09,6.04,1.95,3.85,AN3,189B,0.00,0.00,1.95,4.70,POS,3.17,3.44,1.36,69
DIST,4,AN0,8A94,2.95,5.89,1.95,2.28,AN1,C32D,2.95,0.00,1.95,3.52,AN2,0323,-0.09,6.04,1.95,3.83,AN3,189B,0.00,0.00,1.95,4.79,POS,3.24,3.54,1.32,71
DIST,4,AN0,8A94,2.95,5.89,1.95,2.24,AN1,C32D,2.95,0.00,1.95,3.57,AN2,0323,-0.09,6.04,1.95,3.78,AN3,189B,0.00,0.00,1.95,4.72,POS,3.14,3.56,1.33,74
DIST,4,AN0,8A94,2.95,5.89,1.95,2.12,AN1,C32D,2.95,0.00,1.95,3.66,AN2,0323,-0.09,6.04,1.95,3.67,AN3,189B,0.00,0.00,1.95,4.76,POS,3.06,3.60,1.36,77
DIST,4,AN0,8A94,2.95,5.89,1.95,2.04,AN1,C32D,2.95,0.00,1.95,3.76,AN2,0323,-0.09,6.04,1.95,3.59,AN3,189B,0.00,0.00,1.95,4.78,POS,3.05,3.68,1.38,72
DIST,4,AN0,8A94,2.95,5.89,1.95,1.97,AN1,C32D,2.95,0.00,1.95,3.84,AN2,0323,-0.09,6.04,1.95,3.47,AN3,189B,0.00,0.00,1.95,4.82,POS,2.96,3.74,1.40,78
DIST,4,AN0,8A94,2.95,5.89,1.95,1.88,AN1,C32D,2.95,0.00,1.95,4.01,AN2,0323,-0.09,6.04,1.95,3.46,AN3,189B,0.00,0.00,1.95,4.96,POS,2.91,3.81,1.36,75
DIST,4,AN0,8A94,2.95,5.89,1.95,1.84,AN1,0323,-0.09,6.04,1.95,3.45,AN2,C32D,2.95,0.00,1.95,3.95,AN3,189B,0.00,0.00,1.95,4.94,POS,2.88,3.87,1.39,80
DIST,4,AN0,8A94,2.95,5.89,1.95,1.83,AN1,0323,-0.09,6.04,1.95,3.42,AN2,C32D,2.95,0.00,1.95,4.01,AN3,189B,0.00,0.00,1.95,4.92,POS,2.87,3.92,1.38,77
DIST,4,AN0,8A94,2.95,5.89,1.95,1.80,AN1,0323,-0.09,6.04,1.95,3.35,AN2,C32D,2.95,0.00,1.95,3.98,AN3,189B,0.00,0.00,1.95,4.96,POS,2.82,3.95,1.42,79
DIST,4,AN0,8A94,2.95,5.89,1.95,1.80,AN1,0323,-0.09,6.04,1.95,3.37,AN2,C32D,2.95,0.00,1.95,3.97,AN3,189B,0.00,0.00,1.95,4.89,POS,2.84,4.00,1.46,79
DIST,4,AN0,8A94,2.95,5.89,1.95,1.81,AN1,0323,-0.09,6.04,1.95,3.42,AN2,C32D,2.95,0.00,1.95,3.96,AN3,189B,0.00,0.00,1.95,4.81,POS,2.82,4.01,1.47,79
DIST,4,AN0,8A94,2.95,5.89,1.95,1.89,AN1,0323,-0.09,6.04,1.95,3.39,AN2,C32D,2.95,0.00,1.95,3.89,AN3,189B,0.00,0.00,1.95,4.79,POS,2.83,4.02,1.47,79
DIST,4,AN0,8A94,2.95,5.89,1.95,1.85,AN1,0323,-0.09,6.04,1.95,3.37,AN2,C32D,2.95,0.00,1.95,3.93,AN3,189B,0.00,0.00,1.95,4.86,POS,2.79,4.02,1.49,79
DIST,4,AN0,8A94,2.95,5.89,1.95,1.86,AN1,0323,-0.09,6.04,1.95,3.41,AN2,C32D,2.95,0.00,1.95,3.89,AN3,189B,0.00,0.00,1.95,4.74,POS,2.78,4.00,1.52,79
DIST,4,AN0,8A94,2.95,5.89,1.95,1.88,AN1,0323,-0.09,6.04,1.95,3.37,AN2,C32D,2.95,0.00,1.95,3.84,AN3,189B,0.00,0.00,1.95,4.77,POS,2.82,4.02,1.45,70
DIST,4,AN0,8A94,2.95,5.89,1.95,1.86,AN1,0323,-0.09,6.04,1.95,3.41,AN2,C32D,2.95,0.00,1.95,3.90,AN3,189B,0.00,0.00,1.95,4.72,POS,2.79,4.01,1.49,79
DIST,3,AN0,0323,-0.09,6.04,1.95,3.38,AN1,C32D,2.95,0.00,1.95,3.85,AN2,189B,0.00,0.00,1.95,4.79,POS,2.83,4.03,1.43,81
DIST,4,AN0,8A94,2.95,5.89,1.95,1.82,AN1,0323,-0.09,6.04,1.95,3.36,AN2,C32D,2.95,0.00,1.95,3.89,AN3,189B,0.00,0.00,1.95,4.83,POS,2.86,4.06,1.39,69
DIST,4,AN0,8A94,2.95,5.89,1.95,1.79,AN1,0323,-0.09,6.04,1.95,3.34,AN2,C32D,2.95,0.00,1.95,3.93,AN3,189B,0.00,0.00,1.95,4.83,POS,2.86,4.07,1.45,80
DIST,4,AN0,8A94,2.95,5.89,1.95,1.82,AN1,0323,-0.09,6.04,1.95,3.33,AN2,C32D,2.95,0.00,1.95,3.91,AN3,189B,0.00,0.00,1.95,4.83,POS,2.81,4.05,1.54,79
DIST,4,AN0,8A94,2.95,5.89,1.95,1.82,AN1,0323,-0.09,6.04,1.95,3.34,AN2,C32D,2.95,0.00,1.95,3.97,AN3,189B,0.00,0.00,1.95,4.77,POS,2.78,4.05,1.56,79
DIST,4,AN0,8A94,2.95,5.89,1.95,1.78,AN1,0323,-0.09,6.04,1.95,3.37,AN2,C32D,2.95,0.00,1.95,4.02,AN3,189B,0.00,0.00,1.95,4.88,POS,2.77,4.06,1.54,80
DIST,4,AN0,8A94,2.95,5.89,1.95,1.74,AN1,0323,-0.09,6.04,1.95,3.28,AN2,C32D,2.95,0.00,1.95,3.99,AN3,189B,0.00,0.00,1.95,4.88,POS,2.75,4.06,1.61,79
DIST,4,AN0,8A94,2.95,5.89,1.95,1.75,AN1,0323,-0.09,6.04,1.95,3.28,AN2,C32D,2.95,0.00,1.95,4.08,AN3,189B,0.00,0.00,1.95,4.89,POS,2.73,4.08,1.57,80
DIST,4,AN0,8A94,2.95,5.89,1.95,1.71,AN1,0323,-0.09,6.04,1.95,3.22,AN2,C32D,2.95,0.00,1.95,4.06,AN3,189B,0.00,0.00,1.95,4.85,POS,2.71,4.09,1.59,80
DIST,4,AN0,8A94,2.95,5.89,1.95,1.73,AN1,0323,-0.09,6.04,1.95,3.11,AN2,C32D,2.95,0.00,1.95,4.05,AN3,189B,0.00,0.00,1.95,4.81,POS,2.70,4.13,1.64,80
DIST,4,AN0,8A94,2.95,5.89,1.95,1.78,AN1,0323,-0.09,6.04,1.95,3.05,AN2,C32D,2.95,0.00,1.95,4.09,AN3,189B,0.00,0.00,1.95,4.70,POS,2.63,4.13,1.63,79
DIST,4,AN0,8A94,2.95,5.89,1.95,1.84,AN1,0323,-0.09,6.04,1.95,3.02,AN2,C32D,2.95,0.00,1.95,3.98,AN3,189B,0.00,0.00,1.95,4.64,POS,2.59,4.13,1.63,79
DIST,4,AN0,8A94,2.95,5.89,1.95,1.88,AN1,0323,-0.09,6.04,1.95,2.94,AN2,C32D,2.95,0.00,1.95,4.04,AN3,189B,0.00,0.00,1.95,4.58,POS,2.50,4.13,1.60,78
DIST,4,AN0,8A94,2.95,5.89,1.95,1.95,AN1,0323,-0.09,6.04,1.95,2.87,AN2,C32D,2.95,0.00,1.95,3.96,AN3,189B,0.00,0.00,1.95,4.53,POS,2.47,4.13,1.51,76
DIST,4,AN0,8A94,2.95,5.89,1.95,1.96,AN1,0323,-0.09,6.04,1.95,2.85,AN2,C32D,2.95,0.00,1.95,4.00,AN3,189B,0.00,0.00,1.95,4.42,POS,2.38,4.11,1.44,73
DIST,4,AN0,8A94,2.95,5.89,1.95,1.92,AN1,0323,-0.09,6.04,1.95,2.69,AN2,C32D,2.95,0.00,1.95,4.03,AN3,189B,0.00,0.00,1.95,4.44,POS,2.30,4.12,1.54,79
DIST,4,AN0,8A94,2.95,5.89,1.95,1.94,AN1,0323,-0.09,6.04,1.95,2.65,AN2,C32D,2.95,0.00,1.95,4.11,AN3,189B,0.00,0.00,1.95,4.39,POS,2.21,4.12,1.49,78
DIST,4,AN0,8A94,2.95,5.89,1.95,2.02,AN1,0323,-0.09,6.04,1.95,2.61,AN2,C32D,2.95,0.00,1.95,4.08,AN3,189B,0.00,0.00,1.95,4.39,POS,2.14,4.13,1.52,81
DIST,4,AN0,8A94,2.95,5.89,1.95,2.07,AN1,0323,-0.09,6.04,1.95,2.51,AN2,C32D,2.95,0.00,1.95,4.10,AN3,189B,0.00,0.00,1.95,4.29,POS,2.04,4.12,1.52,86
DIST,4,AN0,8A94,2.95,5.89,1.95,2.18,AN1,0323,-0.09,6.04,1.95,2.39,AN2,C32D,2.95,0.00,1.95,4.17,AN3,189B,0.00,0.00,1.95,4.21,POS,1.91,4.12,1.49,87
DIST,4,AN0,8A94,2.95,5.89,1.95,2.21,AN1,0323,-0.09,6.04,1.95,2.36,AN2,C32D,2.95,0.00,1.95,4.17,AN3,189B,0.00,0.00,1.95,4.17,POS,1.80,4.11,1.48,89
DIST,4,AN0,8A94,2.95,5.89,1.95,2.27,AN1,0323,-0.09,6.04,1.95,2.37,AN2,C32D,2.95,0.00,1.95,4.15,AN3,189B,0.00,0.00,1.95,4.14,POS,1.71,4.10,1.46,88
DIST,4,AN0,8A94,2.95,5.89,1.95,2.38,AN1,0323,-0.09,6.04,1.95,2.28,AN2,C32D,2.95,0.00,1.95,4.20,AN3,189B,0.00,0.00,1.95,4.09,POS,1.60,4.09,1.46,86
DIST,4,AN0,8A94,2.95,5.89,1.95,2.42,AN1,0323,-0.09,6.04,1.95,2.16,AN2,C32D,2.95,0.00,1.95,4.27,AN3,189B,0.00,0.00,1.95,4.05,POS,1.49,4.08,1.49,84
DIST,4,AN0,8A94,2.95,5.89,1.95,2.45,AN1,0323,-0.09,6.04,1.95,2.14,AN2,C32D,2.95,0.00,1.95,4.24,AN3,189B,0.00,0.00,1.95,4.13,POS,1.39,4.07,1.54,85
DIST,4,AN0,8A94,2.95,5.89,1.95,2.55,AN1,0323,-0.09,6.04,1.95,2.11,AN2,189B,0.00,0.00,1.95,4.06,AN3,C32D,2.95,0.00,1.95,4.31,POS,1.32,4.08,1.55,83
DIST,4,AN0,0323,-0.09,6.04,1.95,2.07,AN1,8A94,2.95,5.89,1.95,2.57,AN2,189B,0.00,0.00,1.95,3.91,AN3,C32D,2.95,0.00,1.95,4.26,POS,1.22,4.07,1.47,73
DIST,4,AN0,0323,-0.09,6.04,1.95,2.13,AN1,8A94,2.95,5.89,1.95,2.68,AN2,189B,0.00,0.00,1.95,3.88,AN3,C32D,2.95,0.00,1.95,4.25,POS,1.14,4.04,1.52,81
DIST,4,AN0,0323,-0.09,6.04,1.95,2.09,AN1,8A94,2.95,5.89,1.95,2.72,AN2,189B,0.00,0.00,1.95,3.79,AN3,C32D,2.95,0.00,1.95,4.26,POS,1.05,4.02,1.44,72
DIST,4,AN0,0323,-0.09,6.04,1.95,2.12,AN1,8A94,2.95,5.89,1.95,2.77,AN2,189B,0.00,0.00,1.95,3.88,AN3,C32D,2.95,0.00,1.95,4.30,POS,0.99,4.00,1.46,77
DIST,4,AN0,0323,-0.09,6.04,1.95,2.06,AN1,8A94,2.95,5.89,1.95,2.87,AN2,189B,0.00,0.00,1.95,3.84,AN3,C32D,2.95,0.00,1.95,4.34,POS,0.93,3.99,1.52,77
DIST,4,AN0,0323,-0.09,6.04,1.95,2.05,AN1,8A94,2.95,5.89,1.95,2.93,AN2,189B,0.00,0.00,1.95,3.86,AN3,C32D,2.95,0.00,1.95,4.42,POS,0.84,3.99,1.50,77
DIST,4,AN0,0323,-0.09,6.04,1.95,1.98,AN1,8A94,2.95,5.89,1.95,2.95,AN2,189B,0.00,0.00,1.95,3.80,AN3,C32D,2.95,0.00,1.95,4.52,POS,0.75,3.98,1.53,78
DIST,4,AN0,0323,-0.09,6.04,1.95,1.98,AN1,8A94,2.95,5.89,1.95,3.02,AN2,189B,0.00,0.00,1.95,3.84,AN3,C32D,2.95,0.00,1.95,4.54,POS,0.66,3.98,1.52,78
DIST,4,AN0,0323,-0.09,6.04,1.95,1.94,AN1,8A94,2.95,5.89,1.95,3.08,AN2,189B,0.00,0.00,1.95,3.85,AN3,C32D,2.95,0.00,1.95,4.56,POS,0.59,3.99,1.52,78
DIST,4,AN0,0323,-0.09,6.04,1.95,1.94,AN1,8A94,2.95,5.89,1.95,3.16,AN2,189B,0.00,0.00,1.95,3.78,AN3,C32D,2.95,0.00,1.95,4.56,POS,0.51,3.98,1.55,78
DIST,4,AN0,0323,-0.09,6.04,1.95,1.91,AN1,8A94,2.95,5.89,1.95,3.19,AN2,189B,0.00,0.00,1.95,3.85,AN3,C32D,2.95,0.00,1.95,4.68,POS,0.43,3.99,1.53,79
DIST,4,AN0,0323,-0.09,6.04,1.95,1.90,AN1,8A94,2.95,5.89,1.95,3.21,AN2,189B,0.00,0.00,1.95,3.80,AN3,C32D,2.95,0.00,1.95,4.78,POS,0.31,4.01,1.56,80
DIST,4,AN0,0323,-0.09,6.04,1.95,1.83,AN1,8A94,2.95,5.89,1.95,3.23,AN2,189B,0.00,0.00,1.95,3.89,AN3,C32D,2.95,0.00,1.95,4.78,POS,0.26,4.03,1.55,80
DIST,4,AN0,0323,-0.09,6.04,1.95,1.80,AN1,8A94,2.95,5.89,1.95,3.22,AN2,189B,0.00,0.00,1.95,3.97,AN3,C32D,2.95,0.00,1.95,4.84,POS,0.21,4.05,1.51,80
DIST,4,AN0,0323,-0.09,6.04,1.95,1.77,AN1,8A94,2.95,5.89,1.95,3.30,AN2,189B,0.00,0.00,1.95,3.93,AN3,C32D,2.95,0.00,1.95,4.88,POS,0.15,4.07,1.53,79
DIST,4,AN0,0323,-0.09,6.04,1.95,1.81,AN1,8A94,2.95,5.89,1.95,3.24,AN2,189B,0.00,0.00,1.95,3.92,AN3,C32D,2.95,0.00,1.95,4.87,POS,0.12,4.07,1.51,79
DIST,4,AN0,0323,-0.09,6.04,1.95,1.75,AN1,8A94,2.95,5.89,1.95,3.26,AN2,189B,0.00,0.00,1.95,3.88,AN3,C32D,2.95,0.00,1.95,4.93,POS,0.04,4.11,1.45,65
DIST,4,AN0,0323,-0.09,6.04,1.95,1.70,AN1,8A94,2.95,5.89,1.95,3.28,AN2,189B,0.00,0.00,1.95,3.97,AN3,C32D,2.95,0.00,1.95,4.91,POS,0.02,4.12,1.52,81
DIST,4,AN0,0323,-0.09,6.04,1.95,1.78,AN1,8A94,2.95,5.89,1.95,3.27,AN2,189B,0.00,0.00,1.95,3.91,AN3,C32D,2.95,0.00,1.95,4.97,POS,0.02,4.12,1.54,80
DIST,4,AN0,0323,-0.09,6.04,1.95,1.70,AN1,8A94,2.95,5.89,1.95,3.34,AN2,189B,0.00,0.00,1.95,3.93,AN3,C32D,2.95,0.00,1.95,4.87,POS,0.01,4.13,1.47,73
DIST,4,AN0,0323,-0.09,6.04,1.95,1.78,AN1,8A94,2.95,5.89,1.95,3.26,AN2,189B,0.00,0.00,1.95,3.97,AN3,C32D,2.95,0.00,1.95,4.78,POS,0.01,4.11,1.43,74
DIST,4,AN0,0323,-0.09,6.04,1.95,1.75,AN1,8A94,2.95,5.89,1.95,3.31,AN2,189B,0.00,0.00,1.95,3.93,AN3,C32D,2.95,0.00,1.95,4.76,POS,-0.02,4.09,1.48,77
DIST,4,AN0,0323,-0.09,6.04,1.95,1.80,AN1,8A94,2.95,5.89,1.95,3.25,AN2,189B,0.00,0.00,1.95,3.91,AN3,C32D,2.95,0.00,1.95,4.85,POS,-0.01,4.09,1.49,80
DIST,4,AN0,0323,-0.09,6.04,1.95,1.88,AN1,8A94,2.95,5.89,1.95,3.32,AN2,189B,0.00,0.00,1.95,3.95,AN3,C32D,2.95,0.00,1.95,4.87,POS,0.00,4.09,1.43,73
DIST,4,AN0,0323,-0.09,6.04,1.95,1.87,AN1,8A94,2.95,5.89,1.95,3.35,AN2,189B,0.00,0.00,1.95,3.91,AN3,C32D,2.95,0.00,1.95,4.96,POS,-0.05,4.11,1.41,68
DIST,4,AN0,0323,-0.09,6.04,1.95,1.94,AN1,8A94,2.95,5.89,1.95,3.38,AN2,189B,0.00,0.00,1.95,3.92,AN3,C32D,2.95,0.00,1.95,4.91,POS,-0.04,4.08,1.49,80
DIST,4,AN0,0323,-0.09,6.04,1.95,1.91,AN1,8A94,2.95,5.89,1.95,3.38,AN2,189B,0.00,0.00,1.95,3.87,AN3,C32D,2.95,0.00,1.95,4.97,POS,-0.10,4.10,1.52,70
DIST,4,AN0,0323,-0.09,6.04,1.95,1.90,AN1,189B,0.00,0.00,1.95,3.92,AN2,8A94,2.95,5.89,1.95,3.35,AN3,C32D,2.95,0.00,1.95,4.95,POS,-0.09,4.09,1.45,70
DIST,4,AN0,0323,-0.09,6.04,1.95,1.86,AN1,189B,0.00,0.00,1.95,3.93,AN2,8A94,2.95,5.89,1.95,3.38,AN3,C32D,2.95,0.00,1.95,4.94,POS,-0.09,4.09,1.42,71
DIST,4,AN0,0323,-0.09,6.04,1.95,1.94,AN1,189B,0.00,0.00,1.95,3.86,AN2,8A94,2.95,5.89,1.95,3.37,AN3,C32D,2.95,0.00,1.95,4.93,POS,-0.12,4.09,1.42,69
DIST,4,AN0,0323,-0.09,6.04,1.95,1.98,AN1,189B,0.00,0.00,1.95,3.85,AN2,8A94,2.95,5.89,1.95,3.39,AN3,C32D,2.95,0.00,1.95,4.87,POS,-0.11,4.07,1.38,70
DIST,4,AN0,0323,-0.09,6.04,1.95,2.01,AN1,189B,0.00,0.00,1.95,3.82,AN2,8A94,2.95,5.89,1.95,3.38,AN3,C32D,2.95,0.00,1.95,4.78,POS,-0.08,4.04,1.35,74
DIST,4,AN0,0323,-0.09,6.04,1.95,2.08,AN1,8A94,2.95,5.89,1.95,3.47,AN2,189B,0.00,0.00,1.95,3.72,AN3,C32D,2.95,0.00,1.95,4.84,POS,-0.06,4.00,1.33,73
DIST,4,AN0,0323,-0.09,6.04,1.95,2.15,AN1,8A94,2.95,5.89,1.95,3.56,AN2,189B,0.00,0.00,1.95,3.58,AN3,C32D,2.95,0.00,1.95,4.79,POS,-0.06,3.93,1.36,73
DIST,4,AN0,0323,-0.09,6.04,1.95,2.34,AN1,8A94,2.95,5.89,1.95,3.70,AN2,189B,0.00,0.00,1.95,3.48,AN3,C32D,2.95,0.00,1.95,4.76,POS,-0.08,3.85,1.33,66
DIST,4,AN0,0323,-0.09,6.04,1.95,2.45,AN1,8A94,2.95,5.89,1.95,3.76,AN2,189B,0.00,0.00,1.95,3.31,AN3,C32D,2.95,0.00,1.95,4.58,POS,-0.14,3.78,1.37,65
DIST,4,AN0,0323,-0.09,6.04,1.95,2.62,AN1,189B,0.00,0.00,1.95,3.23,AN2,8A94,2.95,5.89,1.95,3.88,AN3,C32D,2.95,0.00,1.95,4.47,POS,-0.14,3.67,1.47,71
DIST,4,AN0,0323,-0.09,6.04,1.95,2.70,AN1,189B,0.00,0.00,1.95,3.09,AN2,8A94,2.95,5.89,1.95,3.85,AN3,C32D,2.95,0.00,1.95,4.48,POS,-0.23,3.61,1.49,70
DIST,4,AN0,0323,-0.09,6.04,1.95,2.77,AN1,189B,0.00,0.00,1.95,2.97,AN2,8A94,2.95,5.89,1.95,4.06,AN3,C32D,2.95,0.00,1.95,4.28,POS,-0.23,3.48,1.49,69
DIST,4,AN0,0323,-0.09,6.04,1.95,2.86,AN1,189B,0.00,0.00,1.95,2.88,AN2,8A94,2.95,5.89,1.95,4.05,AN3,C32D,2.95,0.00,1.95,4.72,POS,-0.21,3.37,1.47,69
DIST,4,AN0,0323,-0.09,6.04,1.95,3.01,AN1,189B,0.00,0.00,1.95,2.84,AN2,8A94,2.95,5.89,1.95,4.17,AN3,C32D,2.95,0.00,1.95,4.33,POS,-0.28,3.29,1.47,73
DIST,4,AN0,0323,-0.09,6.04,1.95,3.11,AN1,189B,0.00,0.00,1.95,2.67,AN2,8A94,2.95,5.89,1.95,4.23,AN3,C32D,2.95,0.00,1.95,4.07,POS,-0.25,3.17,1.44,71
DIST,4,AN0,0323,-0.09,6.04,1.95,3.22,AN1,189B,0.00,0.00,1.95,2.60,AN2,8A94,2.95,5.89,1.95,4.29,AN3,C32D,2.95,0.00,1.95,4.06,POS,-0.21,3.05,1.38,70
DIST,4,AN0,0323,-0.09,6.04,1.95,3.30,AN1,189B,0.00,0.00,1.95,2.57,AN2,8A94,2.95,5.89,1.95,4.40,AN3,C32D,2.95,0.00,1.95,4.02,POS,-0.21,2.95,1.46,69
DIST,4,AN0,189B,0.00,0.00,1.95,2.49,AN1,0323,-0.09,6.04,1.95,3.31,AN2,8A94,2.95,5.89,1.95,4.56,AN3,C32D,2.95,0.00,1.95,3.93,POS,-0.20,2.86,1.42,69
DIST,4,AN0,189B,0.00,0.00,1.95,2.52,AN1,0323,-0.09,6.04,1.95,3.28,AN2,C32D,2.95,0.00,1.95,3.95,AN3,8A94,2.95,5.89,1.95,4.53,POS,-0.19,2.80,1.38,70
DIST,4,AN0,189B,0.00,0.00,1.95,2.45,AN1,0323,-0.09,6.04,1.95,3.34,AN2,C32D,2.95,0.00,1.95,3.93,AN3,8A94,2.95,5.89,1.95,4.52,POS,-0.21,2.74,1.36,71
DIST,4,AN0,189B,0.00,0.00,1.95,2.46,AN1,0323,-0.09,6.04,1.95,3.35,AN2,C32D,2.95,0.00,1.95,3.84,AN3,8A94,2.95,5.89,1.95,4.41,POS,-0.19,2.70,1.33,68
DIST,4,AN0,189B,0.00,0.00,1.95,2.52,AN1,0323,-0.09,6.04,1.95,3.31,AN2,C32D,2.95,0.00,1.95,3.86,AN3,8A94,2.95,5.89,1.95,4.47,POS,-0.16,2.68,1.30,68
DIST,4,AN0,189B,0.00,0.00,1.95,2.51,AN1,0323,-0.09,6.04,1.95,3.34,AN2,C32D,2.95,0.00,1.95,3.85,AN3,8A94,2.95,5.89,1.95,4.50,POS,-0.21,2.62,1.32,71
DIST,4,AN0,189B,0.00,0.00,1.95,2.42,AN1,0323,-0.09,6.04,1.95,3.40,AN2,C32D,2.95,0.00,1.95,3.76,AN3,8A94,2.95,5.89,1.95,4.55,POS,-0.16,2.59,1.30,66
DIST,4,AN0,189B,0.00,0.00,1.95,2.41,AN1,0323,-0.09,6.04,1.95,3.46,AN2,C32D,2.95,0.00,1.95,3.74,AN3,8A94,2.95,5.89,1.95,4.60,POS,-0.22,2.52,1.44,69
DIST,4,AN0,189B,0.00,0.00,1.95,2.35,AN1,0323,-0.09,6.04,1.95,3.42,AN2,C32D,2.95,0.00,1.95,3.74,AN3,8A94,2.95,5.89,1.95,4.66,POS,-0.17,2.51,1.41,67
DIST,4,AN0,189B,0.00,0.00,1.95,2.24,AN1,0323,-0.09,6.04,1.95,3.55,AN2,C32D,2.95,0.00,1.95,3.74,AN3,8A94,2.95,5.89,1.95,4.49,POS,-0.15,2.48,1.44,70
DIST,4,AN0,189B,0.00,0.00,1.95,2.19,AN1,0323,-0.09,6.04,1.95,3.57,AN2,C32D,2.95,0.00,1.95,3.67,AN3,8A94,2.95,5.89,1.95,4.92,POS,-0.14,2.44,1.42,67
DIST,4,AN0,189B,0.00,0.00,1.95,2.10,AN1,0323,-0.09,6.04,1.95,3.64,AN2,C32D,2.95,0.00,1.95,3.65,AN3,8A94,2.95,5.89,1.95,4.90,POS,-0.14,2.39,1.42,67
DIST,4,AN0,189B,0.00,0.00,1.95,2.06,AN1,0323,-0.09,6.04,1.95,3.83,AN2,C32D,2.95,0.00,1.95,3.64,AN3,8A94,2.95,5.89,1.95,4.95,POS,-0.24,2.27,1.37,70
DIST,4,AN0,189B,0.00,0.00,1.95,1.94,AN1,0323,-0.09,6.04,1.95,3.87,AN2,C32D,2.95,0.00,1.95,3.53,AN3,8A94,2.95,5.89,1.95,5.06,POS,-0.21,2.21,1.34,65
DIST,4,AN0,189B,0.00,0.00,1.95,1.78,AN1,0323,-0.09,6.04,1.95,3.98,AN2,C32D,2.95,0.00,1.95,3.56,AN3,8A94,2.95,5.89,1.95,5.03,POS,-0.26,2.10,1.39,66
DIST,4,AN0,189B,0.00,0.00,1.95,1.71,AN1,0323,-0.09,6.04,1.95,4.10,AN2,C32D,2.95,0.00,1.95,3.40,AN3,8A94,2.95,5.89,1.95,5.05,POS,-0.21,2.02,1.36,68
DIST,4,AN0,189B,0.00,0.00,1.95,1.63,AN1,0323,-0.09,6.04,1.95,4.16,AN2,C32D,2.95,0.00,1.95,3.30,AN3,8A94,2.95,5.89,1.95,5.18,POS,-0.17,1.95,1.36,70
DIST,4,AN0,189B,0.00,0.00,1.95,1.55,AN1,0323,-0.09,6.04,1.95,4.22,AN2,C32D,2.95,0.00,1.95,3.34,AN3,8A94,2.95,5.89,1.95,5.20,POS,-0.15,1.87,1.37,70
DIST,4,AN0,189B,0.00,0.00,1.95,1.42,AN1,0323,-0.09,6.04,1.95,4.38,AN2,C32D,2.95,0.00,1.95,3.19,AN3,8A94,2.95,5.89,1.95,5.34,POS,-0.12,1.78,1.36,71
DIST,4,AN0,189B,0.00,0.00,1.95,1.33,AN1,0323,-0.09,6.04,1.95,4.51,AN2,C32D,2.95,0.00,1.95,3.20,AN3,8A94,2.95,5.89,1.95,5.28,POS,-0.10,1.69,1.48,81
DIST,4,AN0,189B,0.00,0.00,1.95,1.26,AN1,0323,-0.09,6.04,1.95,4.60,AN2,C32D,2.95,0.00,1.95,3.26,AN3,8A94,2.95,5.89,1.95,5.23,POS,-0.14,1.63,1.46,60
DIST,4,AN0,189B,0.00,0.00,1.95,1.19,AN1,0323,-0.09,6.04,1.95,4.63,AN2,C32D,2.95,0.00,1.95,3.30,AN3,8A94,2.95,5.89,1.95,5.31,POS,-0.19,1.56,1.46,60
DIST,4,AN0,189B,0.00,0.00,1.95,1.11,AN1,0323,-0.09,6.04,1.95,4.66,AN2,C32D,2.95,0.00,1.95,3.13,AN3,8A94,2.95,5.89,1.95,5.43,POS,-0.17,1.47,1.46,68
DIST,4,AN0,189B,0.00,0.00,1.95,1.06,AN1,0323,-0.09,6.04,1.95,4.75,AN2,C32D,2.95,0.00,1.95,3.12,AN3,8A94,2.95,5.89,1.95,5.37,POS,-0.10,1.39,1.44,76
DIST,4,AN0,189B,0.00,0.00,1.95,1.03,AN1,0323,-0.09,6.04,1.95,4.70,AN2,C32D,2.95,0.00,1.95,3.10,AN3,8A94,2.95,5.89,1.95,5.43,POS,-0.10,1.33,1.47,72
DIST,4,AN0,189B,0.00,0.00,1.95,1.01,AN1,0323,-0.09,6.04,1.95,4.68,AN2,C32D,2.95,0.00,1.95,3.11,AN3,8A94,2.95,5.89,1.95,5.36,POS,-0.07,1.29,1.51,82
DIST,3,AN0,0323,-0.09,6.04,1.95,4.70,AN1,8A94,2.95,5.89,1.95,5.35,AN2,C32D,2.95,0.00,1.95,3.13,POS,-0.03,1.29,1.43,83
DIST,4,AN0,189B,0.00,0.00,1.95,1.02,AN1,0323,-0.09,6.04,1.95,4.65,AN2,8A94,2.95,5.89,1.95,5.44,AN3,C32D,2.95,0.00,1.95,3.14,POS,-0.06,1.27,1.52,73
DIST,4,AN0,189B,0.00,0.00,1.95,1.02,AN1,0323,-0.09,6.04,1.95,4.68,AN2,8A94,2.95,5.89,1.95,5.37,AN3,C32D,2.95,0.00,1.95,3.11,POS,-0.05,1.24,1.54,78
DIST,4,AN0,189B,0.00,0.00,1.95,1.03,AN1,0323,-0.09,6.04,1.95,4.73,AN2,8A94,2.95,5.89,1.95,5.42,AN3,C32D,2.95,0.00,1.95,3.06,POS,-0.05,1.22,1.52,72
DIST,4,AN0,189B,0.00,0.00,1.95,1.03,AN1,0323,-0.09,6.04,1.95,4.76,AN2,8A94,2.95,5.89,1.95,5.40,AN3,C32D,2.95,0.00,1.95,3.01,POS,-0.02,1.19,1.50,75
DIST,4,AN0,189B,0.00,0.00,1.95,0.96,AN1,0323,-0.09,6.04,1.95,4.77,AN2,8A94,2.95,5.89,1.95,5.44,AN3,C32D,2.95,0.00,1.95,3.08,POS,-0.03,1.16,1.51,74
DIST,4,AN0,189B,0.00,0.00,1.95,0.98,AN1,0323,-0.09,6.04,1.95,4.78,AN2,8A94,2.95,5.89,1.95,5.40,AN3,C32D,2.95,0.00,1.95,3.03,POS,0.01,1.14,1.51,80
DIST,4,AN0,189B,0.00,0.00,1.95,1.05,AN1,C32D,2.95,0.00,1.95,2.98,AN2,0323,-0.09,6.04,1.95,4.84,AN3,8A94,2.95,5.89,1.95,5.33,POS,0.02,1.16,1.54,83
DIST,4,AN0,189B,0.00,0.00,1.95,1.00,AN1,C32D,2.95,0.00,1.95,2.99,AN2,0323,-0.09,6.04,1.95,4.88,AN3,8A94,2.95,5.89,1.95,5.41,POS,0.01,1.15,1.55,77
DIST,4,AN0,189B,0.00,0.00,1.95,1.05,AN1,C32D,2.95,0.00,1.95,2.97,AN2,0323,-0.09,6.04,1.95,4.85,AN3,8A94,2.95,5.89,1.95,5.48,POS,0.04,1.14,1.57,83
DIST,4,AN0,189B,0.00,0.00,1.95,0.98,AN1,C32D,2.95,0.00,1.95,2.97,AN2,0323,-0.09,6.04,1.95,4.83,AN3,8A94,2.95,5.89,1.95,5.54,POS,0.02,1.12,1.53,68
DIST,4,AN0,189B,0.00,0.00,1.95,0.94,AN1,C32D,2.95,0.00,1.95,3.00,AN2,0323,-0.09,6.04,1.95,4.83,AN3,8A94,2.95,5.89,1.95,5.45,POS,0.02,1.09,1.52,75
DIST,4,AN0,189B,0.00,0.00,1.95,0.98,AN1,C32D,2.95,0.00,1.95,3.03,AN2,0323,-0.09,6.04,1.95,4.84,AN3,8A94,2.95,5.89,1.95,5.55,POS,0.00,1.08,1.49,67
DIST,4,AN0,189B,0.00,0.00,1.95,0.98,AN1,C32D,2.95,0.00,1.95,3.05,AN2,0323,-0.09,6.04,1.95,4.93,AN3,8A94,2.95,5.89,1.95,5.56,POS,0.01,1.06,1.52,81
DIST,4,AN0,189B,0.00,0.00,1.95,0.97,AN1,C32D,2.95,0.00,1.95,3.09,AN2,0323,-0.09,6.04,1.95,4.96,AN3,8A94,2.95,5.89,1.95,5.51,POS,-0.01,1.07,1.53,72
DIST,4,AN0,189B,0.00,0.00,1.95,0.95,AN1,0323,-0.09,6.04,1.95,4.91,AN2,8A94,2.95,5.89,1.95,5.56,AN3,C32D,2.95,0.00,1.95,3.16,POS,-0.06,1.08,1.56,67
DIST,4,AN0,189B,0.00,0.00,1.95,0.97,AN1,0323,-0.09,6.04,1.95,4.90,AN2,8A94,2.95,5.89,1.95,5.52,AN3,C32D,2.95,0.00,1.95,2.98,POS,-0.03,1.07,1.61,84
DIST,4,AN0,189B,0.00,0.00,1.95,0.95,AN1,0323,-0.09,6.04,1.95,4.86,AN2,8A94,2.95,5.89,1.95,5.45,AN3,C32D,2.95,0.00,1.95,3.00,POS,0.01,1.05,1.56,77
DIST,4,AN0,189B,0.00,0.00,1.95,0.97,AN1,C32D,2.95,0.00,1.95,3.03,AN2,0323,-0.09,6.04,1.95,4.87,AN3,8A94,2.95,5.89,1.95,5.50,POS,0.03,1.04,1.51,72
DIST,4,AN0,189B,0.00,0.00,1.95,0.94,AN1,C32D,2.95,0.00,1.95,3.06,AN2,0323,-0.09,6.04,1.95,4.86,AN3,8A94,2.95,5.89,1.95,5.44,POS,-0.01,1.06,1.49,64
DIST,4,AN0,189B,0.00,0.00,1.95,0.97,AN1,0323,-0.09,6.04,1.95,4.87,AN2,8A94,2.95,5.89,1.95,5.55,AN3,C32D,2.95,0.00,1.95,3.08,POS,-0.01,1.06,1.58,83
DIST,4,AN0,189B,0.00,0.00,1.95,0.94,AN1,0323,-0.09,6.04,1.95,4.84,AN2,8A94,2.95,5.89,1.95,5.51,AN3,C32D,2.95,0.00,1.95,3.02,POS,-0.02,1.05,1.54,70
DIST,4,AN0,189B,0.00,0.00,1.95,0.96,AN1,0323,-0.09,6.04,1.95,4.90,AN2,8A94,2.95,5.89,1.95,5.49,AN3,C32D,2.95,0.00,1.95,3.00,POS,0.03,1.05,1.63,84
DIST,4,AN0,189B,0.00,0.00,1.95,0.96,AN1,C32D,2.95,0.00,1.95,3.05,AN2,0323,-0.09,6.04,1.95,4.87,AN3,8A94,2.95,5.89,1.95,5.45,POS,0.06,1.04,1.57,76
DIST,4,AN0,189B,0.00,0.00,1.95,0.96,AN1,C32D,2.95,0.00,1.95,3.10,AN2,0323,-0.09,6.04,1.95,4.87,AN3,8A94,2.95,5.89,1.95,5.56,POS,0.03,1.03,1.52,65
DIST,4,AN0,189B,0.00,0.00,1.95,0.97,AN1,C32D,2.95,0.00,1.95,3.05,AN2,0323,-0.09,6.04,1.95,4.89,AN3,8A94,2.95,5.89,1.95,5.42,POS,0.01,1.06,1.59,81
DIST,4,AN0,189B,0.00,0.00,1.95,0.95,AN1,C32D,2.95,0.00,1.95,3.09,AN2,0323,-0.09,6.04,1.95,4.90,AN3,8A94,2.95,5.89,1.95,5.45,POS,-0.05,1.07,1.56,61
DIST,4,AN0,189B,0.00,0.00,1.95,0.95,AN1,0323,-0.09,6.04,1.95,4.89,AN2,8A94,2.95,5.89,1.95,5.53,AN3,C32D,2.95,0.00,1.95,3.04,POS,-0.03,1.05,1.51,68
DIST,4,AN0,189B,0.00,0.00,1.95,0.93,AN1,0323,-0.09,6.04,1.95,4.86,AN2,8A94,2.95,5.89,1.95,5.49,AN3,C32D,2.95,0.00,1.95,3.02,POS,-0.00,1.04,1.49,75
DIST,4,AN0,189B,0.00,0.00,1.95,0.98,AN1,0323,-0.09,6.04,1.95,4.91,AN2,8A94,2.95,5.89,1.95,5.51,AN3,C32D,2.95,0.00,1.95,2.97,POS,0.02,1.04,1.54,84
DIST,4,AN0,189B,0.00,0.00,1.95,1.09,AN1,C32D,2.95,0.00,1.95,2.89,AN2,0323,-0.09,6.04,1.95,4.98,AN3,8A94,2.95,5.89,1.95,5.41,POS,0.07,1.06,1.56,83
DIST,4,AN0,189B,0.00,0.00,1.95,1.60,AN1,C32D,2.95,0.00,1.95,3.06,AN2,0323,-0.09,6.04,1.95,4.88,AN3,8A94,2.95,5.89,1.95,5.43,POS,0.12,1.11,1.43,65
DIST,4,AN0,189B,0.00,0.00,1.95,1.07,AN1,C32D,2.95,0.00,1.95,2.99,AN2,0323,-0.09,6.04,1.95,4.97,AN3,8A94,2.95,5.89,1.95,5.51,POS,0.11,1.11,1.45,79
DIST,4,AN0,189B,0.00,0.00,1.95,1.07,AN1,C32D,2.95,0.00,1.95,3.05,AN2,0323,-0.09,6.04,1.95,4.97,AN3,8A94,2.95,5.89,1.95,5.50,POS,0.09,1.11,1.49,81
DIST,4,AN0,189B,0.00,0.00,1.95,1.09,AN1,C32D,2.95,0.00,1.95,3.08,AN2,0323,-0.09,6.04,1.95,5.00,AN3,8A94,2.95,5.89,1.95,5.49,POS,0.08,1.12,1.53,82
DIST,4,AN0,189B,0.00,0.00,1.95,1.09,AN1,C32D,2.95,0.00,1.95,3.08,AN2,0323,-0.09,6.04,1.95,5.00,AN3,8A94,2.95,5.89,1.95,5.48,POS,0.07,1.13,1.57,83
DIST,4,AN0,189B,0.00,0.00,1.95,1.13,AN1,C32D,2.95,0.00,1.95,3.04,AN2,0323,-0.09,6.04,1.95,4.97,AN3,8A94,2.95,5.89,1.95,5.52,POS,0.09,1.12,1.60,83
DIST,4,AN0,189B,0.00,0.00,1.95,1.15,AN1,C32D,2.95,0.00,1.95,3.01,AN2,0323,-0.09,6.04,1.95,5.02,AN3,8A94,2.95,5.89,1.95,5.51,POS,0.11,1.10,1.57,82
DIST,4,AN0,189B,0.00,0.00,1.95,1.12,AN1,C32D,2.95,0.00,1.95,2.99,AN2,0323,-0.09,6.04,1.95,5.01,AN3,8A94,2.95,5.89,1.95,5.48,POS,0.11,1.10,1.55,79
DIST,4,AN0,189B,0.00,0.00,1.95,1.10,AN1,C32D,2.95,0.00,1.95,2.99,AN2,0323,-0.09,6.04,1.95,5.01,AN3,8A94,2.95,5.89,1.95,5.52,POS,0.11,1.10,1.52,76
DIST,4,AN0,189B,0.00,0.00,1.95,1.12,AN1,C32D,2.95,0.00,1.95,2.97,AN2,0323,-0.09,6.04,1.95,5.00,AN3,8A94,2.95,5.89,1.95,5.51,POS,0.11,1.09,1.49,76
DIST,4,AN0,189B,0.00,0.00,1.95,1.12,AN1,C32D,2.95,0.00,1.95,2.97,AN2,0323,-0.09,6.04,1.95,4.96,AN3,8A94,2.95,5.89,1.95,5.44,POS,0.12,1.10,1.50,83
DIST,4,AN0,189B,0.00,0.00,1.95,1.12,AN1,C32D,2.95,0.00,1.95,3.01,AN2,0323,-0.09,6.04,1.95,4.98,AN3,8A94,2.95,5.89,1.95,5.43,POS,0.12,1.12,1.52,83
