4,2.95,5.89,1.95,1.78,AN1,C32D,2.95,0.00,1.95,4.88,AN2,0323,-0.09,6.04,1.95,3.96,AN3,189B,0.00,0.00,1.95,5.95,POS,3.39,4.73,0.65,68
DIST,4,AN0,8A94,2.95,5.89,1.95,1.83,AN1,C32D,2.95,0.00,1.95,4.89,AN2,0323,-0.09,6.04,1.95,3.96,AN3,189B,0.00,0.00,1.95,5.96,POS,3.40,4.72,0.65,68
DIST,4,AN0,8A94,2.95,5.89,1.95,1.85,AN1,C32D,2.95,0.00,1.95,4.87,AN2,0323,-0.09,6.04,1.95,3.88,AN3,189B,0.00,0.00,1.95,6.07,POS,3.37,4.71,0.64,64
DIST,4,AN0,8A94,2.95,5.89,1.95,1.80,AN1,C32D,2.95,0.00,1.95,5.78,AN2,0323,-0.09,6.04,1.95,3.91,AN3,189B,0.00,0.00,1.95,6.02,POS,3.37,4.73,0.62,65
DIST,4,AN0,8A94,2.95,5.89,1.95,1.80,AN1,C32D,2.95,0.00,1.95,4.96,AN2,0323,-0.09,6.04,1.95,3.94,AN3,189B,0.00,0.00,1.95,6.11,POS,3.37,4.74,0.62,67
DIST,4,AN0,8A94,2.95,5.89,1.95,1.78,AN1,C32D,2.95,0.00,1.95,4.93,AN2,0323,-0.09,6.04,1.95,3.87,AN3,189B,0.00,0.00,1.95,6.11,POS,3.36,4.74,0.63,64
DIST,4,AN0,8A94,2.95,5.89,1.95,1.84,AN1,C32D,2.95,0.00,1.95,4.91,AN2,0323,-0.09,6.04,1.95,3.96,AN3,189B,0.00,0.00,1.95,6.05,POS,3.37,4.73,0.62,67
DIST,4,AN0,8A94,2.95,5.89,1.95,1.76,AN1,C32D,2.95,0.00,1.95,4.84,AN2,0323,-0.09,6.04,1.95,3.88,AN3,189B,0.00,0.00,1.95,6.04,POS,3.36,4.72,0.65,65
DIST,4,AN0,8A94,2.95,5.89,1.95,1.81,AN1,C32D,2.95,0.00,1.95,4.88,AN2,0323,-0.09,6.04,1.95,3.94,AN3,189B,0.00,0.00,1.95,6.07,POS,3.37,4.71,0.66,66
DIST,4,AN0,8A94,2.95,5.89,1.95,1.80,AN1,C32D,2.95,0.00,1.95,4.82,AN2,0323,-0.09,6.04,1.95,3.95,AN3,189B,0.00,0.00,1.95,6.09,POS,3.37,4.69,0.68,67
DIST,4,AN0,8A94,2.95,5.89,1.95,1.81,AN1,C32D,2.95,0.00,1.95,4.90,AN2,0323,-0.09,6.04,1.95,3.90,AN3,189B,0.00,0.00,1.95,6.02,POS,3.37,4.70,0.67,65
DIST,4,AN0,8A94,2.95,5.89,1.95,1.84,AN1,C32D,2.95,0.00,1.95,4.83,AN2,0323,-0.09,6.04,1.95,3.92,AN3,189B,0.00,0.00,1.95,6.10,POS,3.36,4.68,0.67,65
DIST,4,AN0,8A94,2.95,5.89,1.95,1.80,AN1,C32D,2.95,0.00,1.95,4.91,AN2,0323,-0.09,6.04,1.95,3.91,AN3,189B,0.00,0.00,1.95,6.07,POS,3.35,4.69,0.66,65
DIST,4,AN0,8A94,2.95,5.89,1.95,1.83,AN1,C32D,2.95,0.00,1.95,4.88,AN2,0323,-0.09,6.04,1.95,3.92,AN3,189B,0.00,0.00,1.95,6.07,POS,3.35,4.69,0.66,65
DIST,4,AN0,8A94,2.95,5.89,1.95,1.81,AN1,C32D,2.95,0.00,1.95,4.90,AN2,0323,-0.09,6.04,1.95,3.95,AN3,189B,0.00,0.00,1.95,6.02,POS,3.36,4.69,0.66,67
DIST,4,AN0,8A94,2.95,5.89,1.95,1.83,AN1,C32D,2.95,0.00,1.95,4.85,AN2,0323,-0.09,6.04,1.95,3.91,AN3,189B,0.00,0.00,1.95,6.01,POS,3.36,4.68,0.66,65
DIST,4,AN0,8A94,2.95,5.89,1.95,1.79,AN1,C32D,2.95,0.00,1.95,4.83,AN2,0323,-0.09,6.04,1.95,3.96,AN3,189B,0.00,0.00,1.95,6.00,POS,3.37,4.68,0.68,67
DIST,4,AN0,8A94,2.95,5.89,1.95,1.81,AN1,C32D,2.95,0.00,1.95,4.92,AN2,0323,-0.09,6.04,1.95,3.90,AN3,189B,0.00,0.00,1.95,6.07,POS,3.36,4.69,0.66,65
DIST,4,AN0,8A94,2.95,5.89,1.95,1.80,AN1,C32D,2.95,0.00,1.95,5.42,AN2,0323,-0.09,6.04,1.95,3.91,AN3,189B,0.00,0.00,1.95,6.08,POS,3.36,4.81,0.58,65
DIST,4,AN0,8A94,2.95,5.89,1.95,1.79,AN1,C32D,2.95,0.00,1.95,4.84,AN2,0323,-0.09,6.04,1.95,3.89,AN3,189B,0.00,0.00,1.95,6.05,POS,3.35,4.77,0.61,65
DIST,4,AN0,8A94,2.95,5.89,1.95,1.80,AN1,C32D,2.95,0.00,1.95,4.94,AN2,0323,-0.09,6.04,1.95,3.94,AN3,189B,0.00,0.00,1.95,6.04,POS,3.37,4.76,0.62,68
DIST,4,AN0,8A94,2.95,5.89,1.95,1.81,AN1,C32D,2.95,0.00,1.95,4.91,AN2,0323,-0.09,6.04,1.95,3.93,AN3,189B,0.00,0.00,1.95,5.99,POS,3.38,4.75,0.62,67
DIST,4,AN0,8A94,2.95,5.89,1.95,1.79,AN1,C32D,2.95,0.00,1.95,4.83,AN2,0323,-0.09,6.04,1.95,3.94,AN3,189B,0.00,0.00,1.95,6.08,POS,3.39,4.73,0.65,67
DIST,4,AN0,8A94,2.95,5.89,1.95,1.79,AN1,C32D,2.95,0.00,1.95,4.86,AN2,0323,-0.09,6.04,1.95,3.89,AN3,189B,0.00,0.00,1.95,6.07,POS,3.37,4.72,0.66,65
DIST,4,AN0,8A94,2.95,5.89,1.95,1.82,AN1,C32D,2.95,0.00,1.95,4.90,AN2,0323,-0.09,6.04,1.95,3.94,AN3,189B,0.00,0.00,1.95,6.09,POS,3.37,4.71,0.66,66
DIST,4,AN0,8A94,2.95,5.89,1.95,1.78,AN1,C32D,2.95,0.00,1.95,4.94,AN2,0323,-0.09,6.04,1.95,3.96,AN3,189B,0.00,0.00,1.95,6.09,POS,3.39,4.72,0.66,68
DIST,4,AN0,8A94,2.95,5.89,1.95,1.80,AN1,C32D,2.95,0.00,1.95,4.88,AN2,0323,-0.09,6.04,1.95,3.94,AN3,189B,0.00,0.00,1.95,6.05,POS,3.39,4.71,0.67,67
DIST,4,AN0,8A94,2.95,5.89,1.95,1.84,AN1,C32D,2.95,0.00,1.95,4.89,AN2,0323,-0.09,6.04,1.95,3.90,AN3,189B,0.00,0.00,1.95,6.02,POS,3.37,4.71,0.65,65
DIST,4,AN0,8A94,2.95,5.89,1.95,1.78,AN1,C32D,2.95,0.00,1.95,4.86,AN2,0323,-0.09,6.04,1.95,3.89,AN3,189B,0.00,0.00,1.95,6.09,POS,3.36,4.70,0.66,65
DIST,4,AN0,8A94,2.95,5.89,1.95,1.81,AN1,C32D,2.95,0.00,1.95,4.87,AN2,0323,-0.09,6.04,1.95,3.91,AN3,189B,0.00,0.00,1.95,6.13,POS,3.36,4.69,0.66,65
DIST,4,AN0,8A94,2.95,5.89,1.95,1.80,AN1,C32D,2.95,0.00,1.95,4.91,AN2,0323,-0.09,6.04,1.95,3.92,AN3,189B,0.00,0.00,1.95,6.07,POS,3.36,4.70,0.66,66
DIST,4,AN0,8A94,2.95,5.89,1.95,1.81,AN1,C32D,2.95,0.00,1.95,4.94,AN2,0323,-0.09,6.04,1.95,3.93,AN3,189B,0.00,0.00,1.95,6.04,POS,3.36,4.71,0.65,66
DIST,4,AN0,8A94,2.95,5.89,1.95,1.84,AN1,C32D,2.95,0.00,1.95,4.92,AN2,0323,-0.09,6.04,1.95,3.91,AN3,189B,0.00,0.00,1.95,6.05,POS,3.35,4.71,0.63,65
DIST,4,AN0,8A94,2.95,5.89,1.95,1.79,AN1,C32D,2.95,0.00,1.95,4.87,AN2,0323,-0.09,6.04,1.95,3.87,AN3,189B,0.00,0.00,1.95,6.07,POS,3.34,4.71,0.64,64
DIST,4,AN0,8A94,2.95,5.89,1.95,1.78,AN1,C32D,2.95,0.00,1.95,4.91,AN2,0323,-0.09,6.04,1.95,3.95,AN3,189B,0.00,0.00,1.95,6.09,POS,3.36,4.71,0.65,67
DIST,4,AN0,8A94,2.95,5.89,1.95,1.80,AN1,C32D,2.95,0.00,1.95,5.86,AN2,0323,-0.09,6.04,1.95,3.88,AN3,189B,0.00,0.00,1.95,6.06,POS,3.35,4.75,0.62,64
DIST,4,AN0,8A94,2.95,5.89,1.95,1.81,AN1,C32D,2.95,0.00,1.95,4.97,AN2,0323,-0.09,6.04,1.95,3.93,AN3,189B,0.00,0.00,1.95,6.09,POS,3.36,4.75,0.61,66
DIST,4,AN0,8A94,2.95,5.89,1.95,1.78,AN1,C32D,2.95,0.00,1.95,4.89,AN2,0323,-0.09,6.04,1.95,3.93,AN3,189B,0.00,0.00,1.95,6.05,POS,3.36,4.74,0.63,67
DIST,4,AN0,8A94,2.95,5.89,1.95,1.78,AN1,C32D,2.95,0.00,1.95,4.93,AN2,0323,-0.09,6.04,1.95,3.94,AN3,189B,0.00,0.00,1.95,6.06,POS,3.37,4.74,0.64,67
DIST,4,AN0,8A94,2.95,5.89,1.95,1.81,AN1,C32D,2.95,0.00,1.95,4.95,AN2,0323,-0.09,6.04,1.95,3.94,AN3,189B,0.00,0.00,1.95,6.05,POS,3.38,4.74,0.64,66
DIST,4,AN0,8A94,2.95,5.89,1.95,1.80,AN1,C32D,2.95,0.00,1.95,4.91,AN2,0323,-0.09,6.04,1.95,3.93,AN3,189B,0.00,0.00,1.95,6.05,POS,3.38,4.73,0.64,66
DIST,4,AN0,8A94,2.95,5.89,1.95,1.79,AN1,C32D,2.95,0.00,1.95,4.97,AN2,0323,-0.09,6.04,1.95,3.95,AN3,189B,0.00,0.00,1.95,6.03,POS,3.39,4.74,0.64,68
DIST,4,AN0,8A94,2.95,5.89,1.95,1.78,AN1,C32D,2.95,0.00,1.95,4.86,AN2,0323,-0.09,6.04,1.95,3.91,AN3,189B,0.00,0.00,1.95,6.04,POS,3.38,4.73,0.66,66
DIST,4,AN0,8A94,2.95,5.89,1.95,1.79,AN1,C32D,2.95,0.00,1.95,4.89,AN2,0323,-0.09,6.04,1.95,3.93,AN3,189B,0.00,0.00,1.95,6.08,POS,3.38,4.72,0.66,66
DIST,4,AN0,8A94,2.95,5.89,1.95,1.78,AN1,C32D,2.95,0.00,1.95,4.88,AN2,0323,-0.09,6.04,1.95,3.95,AN3,189B,0.00,0.00,1.95,6.09,POS,3.39,4.72,0.68,67
DIST,4,AN0,8A94,2.95,5.89,1.95,1.82,AN1,C32D,2.95,0.00,1.95,4.91,AN2,0323,-0.09,6.04,1.95,3.92,AN3,189B,0.00,0.00,1.95,6.08,POS,3.38,4.71,0.66,65
DIST,4,AN0,8A94,2.95,5.89,1.95,1.79,AN1,C32D,2.95,0.00,1.95,4.97,AN2,0323,-0.09,6.04,1.95,3.98,AN3,189B,0.00,0.00,1.95,6.09,POS,3.41,4.73,0.66,69
DIST,4,AN0,8A94,2.95,5.89,1.95,1.78,AN1,C32D,2.95,0.00,1.95,4.91,AN2,0323,-0.09,6.04,1.95,3.96,AN3,189B,0.00,0.00,1.95,6.02,POS,3.42,4.72,0.67,69
DIST,4,AN0,8A94,2.95,5.89,1.95,1.80,AN1,C32D,2.95,0.00,1.95,4.96,AN2,0323,-0.09,6.04,1.95,3.89,AN3,189B,0.00,0.00,1.95,6.08,POS,3.40,4.73,0.65,65
DIST,4,AN0,8A94,2.95,5.89,1.95,1.80,AN1,C32D,2.95,0.00,1.95,4.90,AN2,0323,-0.09,6.04,1.95,3.94,AN3,189B,0.00,0.00,1.95,6.06,POS,3.40,4.73,0.66,67
DIST,4,AN0,8A94,2.95,5.89,1.95,1.78,AN1,C32D,2.95,0.00,1.95,5.75,AN2,0323,-0.09,6.04,1.95,3.97,AN3,189B,0.00,0.00,1.95,6.05,POS,3.41,4.74,0.65,68
DIST,4,AN0,8A94,2.95,5.89,1.95,1.80,AN1,C32D,2.95,0.00,1.95,4.95,AN2,0323,-0.09,6.04,1.95,3.95,AN3,189B,0.00,0.00,1.95,6.04,POS,3.42,4.74,0.65,68
DIST,4,AN0,8A94,2.95,5.89,1.95,1.79,AN1,C32D,2.95,0.00,1.95,4.87,AN2,0323,-0.09,6.04,1.95,3.91,AN3,189B,0.00,0.00,1.95,6.05,POS,3.40,4.73,0.66,65
DIST,4,AN0,8A94,2.95,5.89,1.95,1.77,AN1,C32D,2.95,0.00,1.95,4.91,AN2,0323,-0.09,6.04,1.95,3.95,AN3,189B,0.00,0.00,1.95,6.09,POS,3.41,4.73,0.67,67
DIST,4,AN0,8A94,2.95,5.89,1.95,1.74,AN1,C32D,2.95,0.00,1.95,4.89,AN2,0323,-0.09,6.04,1.95,3.95,AN3,189B,0.00,0.00,1.95,5.96,POS,3.42,4.73,0.69,68
DIST,4,AN0,8A94,2.95,5.89,1.95,1.80,AN1,C32D,2.95,0.00,1.95,4.83,AN2,0323,-0.09,6.04,1.95,3.91,AN3,189B,0.00,0.00,1.95,6.00,POS,3.40,4.71,0.70,65
DIST,4,AN0,8A94,2.95,5.89,1.95,1.80,AN1,C32D,2.95,0.00,1.95,4.82,AN2,0323,-0.09,6.04,1.95,3.95,AN3,189B,0.00,0.00,1.95,6.05,POS,3.40,4.69,0.70,67
DIST,4,AN0,8A94,2.95,5.89,1.95,1.78,AN1,C32D,2.95,0.00,1.95,5.35,AN2,0323,-0.09,6.04,1.95,3.85,AN3,189B,0.00,0.00,1.95,5.98,PDIST,4,AN0,189B,0.00,0.00,1.95,1.18,AN1,C32D,2.95,0.00,1.95,3.12,AN2,0323,-0.09,6.04,1.95,4.87,AN3,8A94,2.95,5.89,1.95,5.43,POS,-0.00,1.21,1.61,78
DIST,4,AN0,189B,0.00,0.00,1.95,1.21,AN1,0323,-0.09,6.04,1.95,4.91,AN2,8A94,2.95,5.89,1.95,5.47,AN3,C32D,2.95,0.00,1.95,3.02,POS,0.05,1.19,1.61,83
DIST,4,AN0,189B,0.00,0.00,1.95,1.21,AN1,C32D,2.95,0.00,1.95,3.01,AN2,0323,-0.09,6.04,1.95,4.93,AN3,8A94,2.95,5.89,1.95,5.42,POS,0.07,1.19,1.56,77
DIST,4,AN0,189B,0.00,0.00,1.95,1.23,AN1,C32D,2.95,0.00,1.95,3.08,AN2,0323,-0.09,6.04,1.95,4.86,AN3,8A94,2.95,5.89,1.95,5.40,POS,0.07,1.20,1.54,78
DIST,4,AN0,189B,0.00,0.00,1.95,1.20,AN1,C32D,2.95,0.00,1.95,3.05,AN2,0323,-0.09,6.04,1.95,4.97,AN3,8A94,2.95,5.89,1.95,5.46,POS,0.08,1.19,1.50,75
DIST,4,AN0,189B,0.00,0.00,1.95,1.08,AN1,C32D,2.95,0.00,1.95,3.19,AN2,0323,-0.09,6.04,1.95,5.04,AN3,8A94,2.95,5.89,1.95,5.64,POS,0.03,1.16,1.48,66
DIST,4,AN0,189B,0.00,0.00,1.95,1.04,AN1,C32D,2.95,0.00,1.95,3.02,AN2,0323,-0.09,6.04,1.95,5.06,AN3,8A94,2.95,5.89,1.95,5.53,POS,0.04,1.14,1.51,82
DIST,4,AN0,189B,0.00,0.00,1.95,1.08,AN1,C32D,2.95,0.00,1.95,2.97,AN2,0323,-0.09,6.04,1.95,5.04,AN3,8A94,2.95,5.89,1.95,5.48,POS,0.07,1.13,1.52,83
DIST,4,AN0,189B,0.00,0.00,1.95,1.33,AN1,C32D,2.95,0.00,1.95,3.04,AN2,0323,-0.09,6.04,1.95,4.88,AN3,8A94,2.95,5.89,1.95,5.45,POS,0.10,1.15,1.49,81
DIST,4,AN0,189B,0.00,0.00,1.95,0.99,AN1,C32D,2.95,0.00,1.95,3.10,AN2,0323,-0.09,6.04,1.95,4.92,AN3,8A94,2.95,5.89,1.95,5.49,POS,0.06,1.14,1.51,73
DIST,4,AN0,189B,0.00,0.00,1.95,0.97,AN1,C32D,2.95,0.00,1.95,3.10,AN2,0323,-0.09,6.04,1.95,4.84,AN3,8A94,2.95,5.89,1.95,5.42,POS,-0.01,1.14,1.50,62
DIST,4,AN0,189B,0.00,0.00,1.95,0.96,AN1,0323,-0.09,6.04,1.95,4.81,AN2,8A94,2.95,5.89,1.95,5.52,AN3,C32D,2.95,0.00,1.95,3.23,POS,-0.09,1.14,1.50,57
DIST,4,AN0,189B,0.00,0.00,1.95,0.97,AN1,0323,-0.09,6.04,1.95,4.83,AN2,C32D,2.95,0.00,1.95,3.22,AN3,8A94,2.95,5.89,1.95,5.41,POS,-0.17,1.15,1.49,63
DIST,4,AN0,189B,0.00,0.00,1.95,1.01,AN1,0323,-0.09,6.04,1.95,4.80,AN2,C32D,2.95,0.00,1.95,3.31,AN3,8A94,2.95,5.89,1.95,5.42,POS,-0.26,1.17,1.50,67
DIST,4,AN0,189B,0.00,0.00,1.95,0.96,AN1,0323,-0.09,6.04,1.95,4.76,AN2,C32D,2.95,0.00,1.95,3.27,AN3,8A94,2.95,5.89,1.95,5.55,POS,-0.24,1.15,1.52,68
DIST,4,AN0,189B,0.00,0.00,1.95,0.98,AN1,0323,-0.09,6.04,1.95,4.70,AN2,C32D,2.95,0.00,1.95,3.23,AN3,8A94,2.95,5.89,1.95,5.37,POS,-0.17,1.15,1.56,83
DIST,4,AN0,189B,0.00,0.00,1.95,1.01,AN1,0323,-0.09,6.04,1.95,4.78,AN2,C32D,2.95,0.00,1.95,3.15,AN3,8A94,2.95,5.89,1.95,5.42,POS,-0.18,1.16,1.54,62
DIST,4,AN0,189B,0.00,0.00,1.95,1.03,AN1,0323,-0.09,6.04,1.95,4.76,AN2,C32D,2.95,0.00,1.95,3.08,AN3,8A94,2.95,5.89,1.95,5.38,POS,-0.11,1.15,1.51,78
DIST,4,AN0,189B,0.00,0.00,1.95,1.04,AN1,0323,-0.09,6.04,1.95,4.73,AN2,C32D,2.95,0.00,1.95,3.13,AN3,8A94,2.95,5.89,1.95,5.43,POS,-0.10,1.14,1.50,70
DIST,4,AN0,189B,0.00,0.00,1.95,1.00,AN1,0323,-0.09,6.04,1.95,4.79,AN2,C32D,2.95,0.00,1.95,3.10,AN3,8A94,2.95,5.89,1.95,5.38,POS,-0.11,1.15,1.48,65
DIST,4,AN0,189B,0.00,0.00,1.95,0.99,AN1,0323,-0.09,6.04,1.95,4.77,AN2,C32D,2.95,0.00,1.95,3.11,AN3,8A94,2.95,5.89,1.95,5.43,POS,-0.07,1.14,1.48,76
DIST,4,AN0,189B,0.00,0.00,1.95,0.98,AN1,0323,-0.09,6.04,1.95,4.79,AN2,8A94,2.95,5.89,1.95,5.42,AN3,C32D,2.95,0.00,1.95,3.11,POS,-0.10,1.14,1.47,63
DIST,4,AN0,189B,0.00,0.00,1.95,0.97,AN1,0323,-0.09,6.04,1.95,4.76,AN2,C32D,2.95,0.00,1.95,3.19,AN3,8A94,2.95,5.89,1.95,5.48,POS,-0.09,1.13,1.49,73
DIST,4,AN0,189B,0.00,0.00,1.95,0.98,AN1,0323,-0.09,6.04,1.95,4.81,AN2,C32D,2.95,0.00,1.95,3.22,AN3,8A94,2.95,5.89,1.95,5.47,POS,-0.06,1.11,1.47,73
DIST,4,AN0,189B,0.00,0.00,1.95,0.95,AN1,0323,-0.09,6.04,1.95,4.80,AN2,8A94,2.95,5.89,1.95,5.55,AN3,C32D,2.95,0.00,1.95,3.20,POS,-0.09,1.10,1.48,66
DIST,3,AN0,189B,0.00,0.00,1.95,0.97,AN1,0323,-0.09,6.04,1.95,4.76,AN2,8A94,2.95,5.89,1.95,5.50,POS,-0.09,1.10,1.50,90
DIST,4,AN0,189B,0.00,0.00,1.95,0.94,AN1,0323,-0.09,6.04,1.95,4.78,AN2,C32D,2.95,0.00,1.95,3.16,AN3,8A94,2.95,5.89,1.95,5.56,POS,-0.12,1.09,1.53,67
DIST,4,AN0,189B,0.00,0.00,1.95,0.96,AN1,0323,-0.09,6.04,1.95,4.81,AN2,C32D,2.95,0.00,1.95,3.34,AN3,8A94,2.95,5.89,1.95,5.57,POS,-0.20,1.10,1.59,64
DIST,4,AN0,189B,0.00,0.00,1.95,0.96,AN1,0323,-0.09,6.04,1.95,4.85,AN2,C32D,2.95,0.00,1.95,3.24,AN3,8A94,2.95,5.89,1.95,5.56,POS,-0.24,1.10,1.56,58
DIST,4,AN0,189B,0.00,0.00,1.95,0.94,AN1,0323,-0.09,6.04,1.95,4.84,AN2,C32D,2.95,0.00,1.95,3.27,AN3,8A94,2.95,5.89,1.95,5.55,POS,-0.28,1.11,1.59,61
DIST,4,AN0,189B,0.00,0.00,1.95,0.96,AN1,0323,-0.09,6.04,1.95,4.80,AN2,C32D,2.95,0.00,1.95,3.26,AN3,8A94,2.95,5.89,1.95,5.55,POS,-0.30,1.11,1.57,59
DIST,4,AN0,189B,0.00,0.00,1.95,0.97,AN1,0323,-0.09,6.04,1.95,4.83,AN2,C32D,2.95,0.00,1.95,3.26,AN3,8A94,2.95,5.89,1.95,5.56,POS,-0.31,1.11,1.55,59
DIST,4,AN0,189B,0.00,0.00,1.95,0.93,AN1,0323,-0.09,6.04,1.95,4.78,AN2,C32D,2.95,0.00,1.95,3.22,AN3,8A94,2.95,5.89,1.95,5.61,POS,-0.31,1.10,1.59,63
DIST,4,AN0,189B,0.00,0.00,1.95,0.93,AN1,0323,-0.09,6.04,1.95,4.79,AN2,C32D,2.95,0.00,1.95,3.25,AN3,8A94,2.95,5.89,1.95,5.63,POS,-0.31,1.09,1.62,61
DIST,4,AN0,189B,0.00,0.00,1.95,0.93,AN1,0323,-0.09,6.04,1.95,4.82,AN2,C32D,2.95,0.00,1.95,3.22,AN3,8A94,2.95,5.89,1.95,5.57,POS,-0.27,1.08,1.59,67
DIST,4,AN0,189B,0.00,0.00,1.95,0.99,AN1,0323,-0.09,6.04,1.95,4.83,AN2,C32D,2.95,0.00,1.95,3.20,AN3,8A94,2.95,5.89,1.95,5.58,POS,-0.24,1.07,1.54,60
DIST,4,AN0,189B,0.00,0.00,1.95,0.98,AN1,0323,-0.09,6.04,1.95,4.84,AN2,C32D,2.95,0.00,1.95,3.21,AN3,8A94,2.95,5.89,1.95,5.51,POS,-0.25,1.08,1.51,56
DIST,4,AN0,189B,0.00,0.00,1.95,0.99,AN1,0323,-0.09,6.04,1.95,4.81,AN2,C32D,2.95,0.00,1.95,3.21,AN3,8A94,2.95,5.89,1.95,5.54,POS,-0.22,1.08,1.49,66
DIST,4,AN0,189B,0.00,0.00,1.95,0.93,AN1,0323,-0.09,6.04,1.95,4.90,AN2,C32D,2.95,0.00,1.95,3.20,AN3,8A94,2.95,5.89,1.95,5.52,POS,-0.25,1.08,1.50,58
DIST,4,AN0,189B,0.00,0.00,1.95,0.98,AN1,0323,-0.09,6.04,1.95,4.84,AN2,C32D,2.95,0.00,1.95,3.24,AN3,8A94,2.95,5.89,1.95,5.53,POS,-0.27,1.09,1.49,58
DIST,4,AN0,189B,0.00,0.00,1.95,0.96,AN1,0323,-0.09,6.04,1.95,4.82,AN2,C32D,2.95,0.00,1.95,3.25,AN3,8A94,2.95,5.89,1.95,5.56,POS,-0.29,1.10,1.49,59
DIST,4,AN0,189B,0.00,0.00,1.95,0.98,AN1,0323,-0.09,6.04,1.95,4.89,AN2,C32D,2.95,0.00,1.95,3.20,AN3,8A94,2.95,5.89,1.95,5.56,POS,-0.28,1.10,1.52,65
DIST,4,AN0,189B,0.00,0.00,1.95,0.91,AN1,0323,-0.09,6.04,1.95,4.95,AN2,C32D,2.95,0.00,1.95,3.21,AN3,8A94,2.95,5.89,1.95,5.62,POS,-0.28,1.09,1.59,64
DIST,4,AN0,189B,0.00,0.00,1.95,0.95,AN1,0323,-0.09,6.04,1.95,4.90,AN2,C32D,2.95,0.00,1.95,3.22,AN3,8A94,2.95,5.89,1.95,5.59,POS,-0.28,1.09,1.62,64
DIST,4,AN0,189B,0.00,0.00,1.95,0.96,AN1,0323,-0.09,6.04,1.95,4.84,AN2,C32D,2.95,0.00,1.95,3.25,AN3,8A94,2.95,5.89,1.95,5.56,POS,-0.30,1.09,1.59,59
DIST,4,AN0,189B,0.00,0.00,1.95,0.97,AN1,0323,-0.09,6.04,1.95,4.79,AN2,C32D,2.95,0.00,1.95,3.27,AN3,8A94,2.95,5.89,1.95,5.59,POS,-0.30,1.09,1.58,59
DIST,4,AN0,189B,0.00,0.00,1.95,0.95,AN1,0323,-0.09,6.04,1.95,4.80,AN2,C32D,2.95,0.00,1.95,3.29,AN3,8A94,2.95,5.89,1.95,5.59,POS,-0.28,1.08,1.57,63
DIST,4,AN0,189B,0.00,0.00,1.95,0.96,AN1,0323,-0.09,6.04,1.95,4.78,AN2,C32D,2.95,0.00,1.95,3.26,AN3,8A94,2.95,5.89,1.95,5.53,POS,-0.30,1.09,1.57,59
DIST,4,AN0,189B,0.00,0.00,1.95,0.98,AN1,0323,-0.09,6.04,1.95,4.76,AN2,C32D,2.95,0.00,1.95,3.23,AN3,8A94,2.95,5.89,1.95,5.60,POS,-0.30,1.09,1.58,61
DIST,4,AN0,189B,0.00,0.00,1.95,0.98,AN1,0323,-0.09,6.04,1.95,4.77,AN2,C32D,2.95,0.00,1.95,3.18,AN3,8A94,2.95,5.89,1.95,5.59,POS,-0.28,1.09,1.57,62
DIST,4,AN0,189B,0.00,0.00,1.95,0.98,AN1,0323,-0.09,6.04,1.95,4.76,AN2,C32D,2.95,0.00,1.95,3.20,AN3,8A94,2.95,5.89,1.95,5.54,POS,-0.26,1.09,1.57,65
DIST,4,AN0,189B,0.00,0.00,1.95,0.96,AN1,0323,-0.09,6.04,1.95,4.78,AN2,C32D,2.95,0.00,1.95,3.11,AN3,8A94,2.95,5.89,1.95,5.59,POS,-0.24,1.09,1.57,66
DIST,4,AN0,189B,0.00,0.00,1.95,0.97,AN1,0323,-0.09,6.04,1.95,4.83,AN2,C32D,2.95,0.00,1.95,3.23,AN3,8A94,2.95,5.89,1.95,5.48,POS,-0.27,1.11,1.57,59
DIST,4,AN0,189B,0.00,0.00,1.95,0.91,AN1,0323,-0.09,6.04,1.95,4.81,AN2,C32D,2.95,0.00,1.95,3.26,AN3,8A94,2.95,5.89,1.95,5.57,POS,-0.30,1.11,1.61,61
DIST,4,AN0,189B,0.00,0.00,1.95,0.91,AN1,0323,-0.09,6.04,1.95,4.93,AN2,C32D,2.95,0.00,1.95,3.22,AN3,8A94,2.95,5.89,1.95,5.53,POS,-0.32,1.11,1.61,60
DIST,4,AN0,189B,0.00,0.00,1.95,0.86,AN1,0323,-0.09,6.04,1.95,4.90,AN2,C32D,2.95,0.00,1.95,3.11,AN3,8A94,2.95,5.89,1.95,5.57,POS,-0.30,1.08,1.57,58
DIST,4,AN0,189B,0.00,0.00,1.95,0.88,AN1,0323,-0.09,6.04,1.95,4.91,AN2,C32D,2.95,0.00,1.95,3.10,AN3,8A94,2.95,5.89,1.95,5.56,POS,-0.22,1.05,1.54,72
DIST,4,AN0,189B,0.00,0.00,1.95,0.88,AN1,0323,-0.09,6.04,1.95,4.96,AN2,C32D,2.95,0.00,1.95,2.96,AN3,8A94,2.95,5.89,1.95,5.50,POS,-0.12,1.02,1.51,78
DIST,4,AN0,189B,0.00,0.00,1.95,0.94,AN1,0323,-0.09,6.04,1.95,4.93,AN2,C32D,2.95,0.00,1.95,3.04,AN3,8A94,2.95,5.89,1.95,5.46,POS,-0.10,1.04,1.56,79
DIST,4,AN0,189B,0.00,0.00,1.95,0.95,AN1,0323,-0.09,6.04,1.95,4.86,AN2,C32D,2.95,0.00,1.95,2.96,AN3,8A94,2.95,5.89,1.95,5.39,POS,-0.01,1.04,1.54,82
DIST,4,AN0,189B,0.00,0.00,1.95,0.93,AN1,0323,-0.09,6.04,1.95,4.95,AN2,8A94,2.95,5.89,1.95,5.51,AN3,C32D,2.95,0.00,1.95,3.02,POS,-0.02,1.04,1.55,73
DIST,4,AN0,189B,0.00,0.00,1.95,0.91,AN1,0323,-0.09,6.04,1.95,4.84,AN2,8A94,2.95,5.89,1.95,5.46,AN3,C32D,2.95,0.00,1.95,3.08,POS,-0.06,1.05,1.53,64
DIST,4,AN0,189B,0.00,0.00,1.95,0.94,AN1,0323,-0.09,6.04,1.95,4.79,AN2,8A94,2.95,5.89,1.95,5.47,AN3,C32D,2.95,0.00,1.95,3.06,POS,-0.05,1.06,1.53,75
DIST,4,AN0,189B,0.00,0.00,1.95,1.00,AN1,0323,-0.09,6.04,1.95,4.72,AN2,8A94,2.95,5.89,1.95,5.45,AN3,C32D,2.95,0.00,1.95,3.06,POS,-0.06,1.08,1.54,73
DIST,4,AN0,189B,0.00,0.00,1.95,0.97,AN1,0323,-0.09,6.04,1.95,4.77,AN2,8A94,2.95,5.89,1.95,5.44,AN3,C32D,2.95,0.00,1.95,3.18,POS,-0.11,1.10,1.55,62
DIST,4,AN0,189B,0.00,0.00,1.95,1.05,AN1,0323,-0.09,6.04,1.95,4.66,AN2,C32D,2.95,0.00,1.95,3.11,AN3,8A94,2.95,5.89,1.95,5.38,POS,-0.10,1.12,1.56,74
DIST,4,AN0,189B,0.00,0.00,1.95,1.05,AN1,0323,-0.09,6.04,1.95,4.70,AN2,C32D,2.95,0.00,1.95,3.11,AN3,8A94,2.95,5.89,1.95,5.38,POS,-0.08,1.13,1.54,75
DIST,4,AN0,189B,0.00,0.00,1.95,1.05,AN1,0323,-0.09,6.04,1.95,4.73,AN2,8A94,2.95,5.89,1.95,5.34,AN3,C32D,2.95,0.00,1.95,3.07,POS,-0.03,1.14,1.52,79
DIST,4,AN0,189B,0.00,0.00,1.95,1.07,AN1,0323,-0.09,6.04,1.95,4.69,AN2,8A94,2.95,5.89,1.95,5.34,AN3,C32D,2.95,0.00,1.95,3.04,POS,-0.01,1.15,1.51,77
DIST,4,AN0,189B,0.00,0.00,1.95,1.03,AN1,0323,-0.09,6.04,1.95,4.70,AN2,8A94,2.95,5.89,1.95,5.33,AN3,C32D,2.95,0.00,1.95,3.06,POS,-0.03,1.16,1.49,68
DIST,4,AN0,189B,0.00,0.00,1.95,1.01,AN1,0323,-0.09,6.04,1.95,4.68,AN2,8A94,2.95,5.89,1.95,5.36,AN3,C32D,2.95,0.00,1.95,3.04,POS,-0.03,1.16,1.52,79
DIST,4,AN0,189B,0.00,0.00,1.95,0.98,AN1,0323,-0.09,6.04,1.95,4.74,AN2,8A94,2.95,5.89,1.95,5.35,AN3,C32D,2.95,0.00,1.95,2.98,POS,0.00,1.15,1.54,83
DIST,4,AN0,189B,0.00,0.00,1.95,1.02,AN1,C32D,2.95,0.00,1.95,3.07,AN2,0323,-0.09,6.04,1.95,4.73,AN3,8A94,2.95,5.89,1.95,5.34,POS,-0.03,1.17,1.51,67
DIST,4,AN0,189B,0.00,0.00,1.95,1.01,AN1,0323,-0.09,6.04,1.95,4.73,AN2,8A94,2.95,5.89,1.95,5.37,AN3,C32D,2.95,0.00,1.95,2.99,POS,-0.01,1.16,1.52,78
DIST,4,AN0,189B,0.00,0.00,1.95,1.02,AN1,0323,-0.09,6.04,1.95,4.77,AN2,8A94,2.95,5.89,1.95,5.43,AN3,C32D,2.95,0.00,1.95,2.97,POS,0.00,1.14,1.49,73
DIST,4,AN0,189B,0.00,0.00,1.95,1.04,AN1,C32D,2.95,0.00,1.95,3.02,AN2,0323,-0.09,6.04,1.95,4.71,AN3,8A94,2.95,5.89,1.95,5.37,POS,0.00,1.15,1.50,77
DIST,4,AN0,189B,0.00,0.00,1.95,1.06,AN1,C32D,2.95,0.00,1.95,3.07,AN2,0323,-0.09,6.04,1.95,4.74,AN3,8A94,2.95,5.89,1.95,5.43,POS,-0.01,1.14,1.47,69
DIST,4,AN0,189B,0.00,0.00,1.95,1.04,AN1,0323,-0.09,6.04,1.95,4.76,AN2,8A94,2.95,5.89,1.95,5.42,AN3,C32D,2.95,0.00,1.95,3.06,POS,-0.00,1.14,1.46,73
DIST,4,AN0,189B,0.00,0.00,1.95,1.04,AN1,0323,-0.09,6.04,1.95,4.76,AN2,8A94,2.95,5.89,1.95,5.41,AN3,C32D,2.95,0.00,1.95,3.04,POS,-0.00,1.14,1.48,76
DIST,4,AN0,189B,0.00,0.00,1.95,1.03,AN1,0323,-0.09,6.04,1.95,4.74,AN2,8A94,2.95,5.89,1.95,5.37,AN3,C32D,2.95,0.00,1.95,3.07,POS,0.03,1.14,1.47,79
DIST,4,AN0,189B,0.00,0.00,1.95,1.05,AN1,C32D,2.95,0.00,1.95,3.03,AN2,0323,-0.09,6.04,1.95,4.76,AN3,8A94,2.95,5.89,1.95,5.34,POS,0.07,1.13,1.46,80
DIST,4,AN0,189B,0.00,0.00,1.95,1.03,AN1,C32D,2.95,0.00,1.95,3.09,AN2,0323,-0.09,6.04,1.95,4.71,AN3,8A94,2.95,5.89,1.95,5.39,POS,0.05,1.14,1.47,75
DIST,4,AN0,189B,0.00,0.00,1.95,1.02,AN1,C32D,2.95,0.00,1.95,2.97,AN2,0323,-0.09,6.04,1.95,4.76,AN3,8A94,2.95,5.89,1.95,5.39,POS,0.05,1.13,1.47,76
DIST,4,AN0,189B,0.00,0.00,1.95,1.00,AN1,C32D,2.95,0.00,1.95,3.10,AN2,0323,-0.09,6.04,1.95,4.72,AN3,8A94,2.95,5.89,1.95,5.44,POS,0.02,1.13,1.49,73
DIST,4,AN0,189B,0.00,0.00,1.95,1.07,AN1,C32D,2.95,0.00,1.95,3.06,AN2,0323,-0.09,6.04,1.95,4.79,AN3,8A94,2.95,5.89,1.95,5.36,POS,0.06,1.12,1.45,76
DIST,4,AN0,189B,0.00,0.00,1.95,1.09,AN1,C32D,2.95,0.00,1.95,3.04,AN2,0323,-0.09,6.04,1.95,4.66,AN3,8A94,2.95,5.89,1.95,5.27,POS,0.08,1.14,1.47,83
DIST,4,AN0,189B,0.00,0.00,1.95,1.12,AN1,C32D,2.95,0.00,1.95,3.03,AN2,0323,-0.09,6.04,1.95,4.66,AN3,8A94,2.95,5.89,1.95,5.26,POS,0.10,1.16,1.47,82
DIST,4,AN0,189B,0.00,0.00,1.95,1.18,AN1,C32D,2.95,0.00,1.95,2.90,AN2,0323,-0.09,6.04,1.95,4.68,AN3,8A94,2.95,5.89,1.95,5.22,POS,0.14,1.17,1.44,79
DIST,4,AN0,189B,0.00,0.00,1.95,1.10,AN1,C32D,2.95,0.00,1.95,2.82,AN2,0323,-0.09,6.04,1.95,4.71,AN3,8A94,2.95,5.89,1.95,5.33,POS,0.15,1.17,1.44,80
DIST,4,AN0,189B,0.00,0.00,1.95,1.06,AN1,C32D,2.95,0.00,1.95,2.68,AN2,0323,-0.09,6.04,1.95,4.79,AN3,8A94,2.95,5.89,1.95,5.23,POS,0.20,1.15,1.45,81
DIST,4,AN0,189B,0.00,0.00,1.95,1.08,AN1,C32D,2.95,0.00,1.95,2.66,AN2,0323,-0.09,6.04,1.95,4.83,AN3,8A94,2.95,5.89,1.95,5.17,POS,0.24,1.16,1.50,82
DIST,4,AN0,189B,0.00,0.00,1.95,1.16,AN1,C32D,2.95,0.00,1.95,2.42,AN2,0323,-0.09,6.04,1.95,4.81,AN3,8A94,2.95,5.89,1.95,5.20,POS,0.32,1.12,1.47,66
DIST,4,AN0,189B,0.00,0.00,1.95,1.26,AN1,C32D,2.95,0.00,1.95,2.42,AN2,0323,-0.09,6.04,1.95,4.83,AN3,8A94,2.95,5.89,1.95,5.13,POS,0.41,1.13,1.56,75
DIST,4,AN0,189B,0.00,0.00,1.95,1.30,AN1,C32D,2.95,0.00,1.95,2.29,AN2,0323,-0.09,6.04,1.95,4.76,AN3,8A94,2.95,5.89,1.95,5.03,POS,0.51,1.15,1.55,66
DIST,4,AN0,189B,0.00,0.00,1.95,1.37,AN1,C32D,2.95,0.00,1.95,2.24,AN2,0323,-0.09,6.04,1.95,4.80,AN3,8A94,2.95,5.89,1.95,5.03,POS,0.59,1.15,1.51,59
DIST,4,AN0,189B,0.00,0.00,1.95,1.37,AN1,C32D,2.95,0.00,1.95,1.99,AN2,0323,-0.09,6.04,1.95,4.90,AN3,8A94,2.95,5.89,1.95,5.00,POS,0.72,1.14,1.54,66
DIST,4,AN0,189B,0.00,0.00,1.95,1.36,AN1,C32D,2.95,0.00,1.95,1.97,AN2,0323,-0.09,6.04,1.95,4.89,AN3,8A94,2.95,5.89,1.95,4.97,POS,0.81,1.13,1.58,68
DIST,4,AN0,189B,0.00,0.00,1.95,1.48,AN1,C32D,2.95,0.00,1.95,1.85,AN2,0323,-0.09,6.04,1.95,4.94,AN3,8A94,2.95,5.89,1.95,5.02,POS,0.87,1.08,1.57,60
DIST,3,AN0,C32D,2.95,0.00,1.95,1.87,AN1,0323,-0.09,6.04,1.95,4.96,AN2,8A94,2.95,5.89,1.95,4.89,POS,0.98,1.09,1.51,82
DIST,4,AN0,189B,0.00,0.00,1.95,1.64,AN1,C32D,2.95,0.00,1.95,1.74,AN2,0323,-0.09,6.04,1.95,4.88,AN3,8A94,2.95,5.89,1.95,4.90,POS,1.02,1.05,1.46,58
DIST,4,AN0,189B,0.00,0.00,1.95,1.68,AN1,C32D,2.95,0.00,1.95,1.79,AN2,0323,-0.09,6.04,1.95,4.93,AN3,8A94,2.95,5.89,1.95,4.91,POS,1.07,1.04,1.44,64
DIST,4,AN0,189B,0.00,0.00,1.95,1.66,AN1,C32D,2.95,0.00,1.95,1.78,AN2,0323,-0.09,6.04,1.95,4.93,AN3,8A94,2.95,5.89,1.95,4.91,POS,1.11,1.03,1.42,64
DIST,4,AN0,189B,0.00,0.00,1.95,1.69,AN1,C32D,2.95,0.00,1.95,1.70,AN2,0323,-0.09,6.04,1.95,4.95,AN3,8A94,2.95,5.89,1.95,4.89,POS,1.16,1.03,1.43,67
DIST,4,AN0,189B,0.00,0.00,1.95,1.70,AN1,C32D,2.95,0.00,1.95,1.73,AN2,0323,-0.09,6.04,1.95,4.91,AN3,8A94,2.95,5.89,1.95,4.96,POS,1.23,1.06,1.48,80
DIST,4,AN0,189B,0.00,0.00,1.95,1.69,AN1,C32D,2.95,0.00,1.95,1.65,AN2,8A94,2.95,5.89,1.95,4.94,AN3,0323,-0.09,6.04,1.95,4.91,POS,1.30,1.08,1.43,70
DIST,4,AN0,189B,0.00,0.00,1.95,1.68,AN1,C32D,2.95,0.00,1.95,1.76,AN2,8A94,2.95,5.89,1.95,4.91,AN3,0323,-0.09,6.04,1.95,4.97,POS,1.33,1.09,1.43,74
DIST,4,AN0,189B,0.00,0.00,1.95,1.70,AN1,C32D,2.95,0.00,1.95,1.70,AN2,8A94,2.95,5.89,1.95,4.90,AN3,0323,-0.09,6.04,1.95,4.92,POS,1.37,1.11,1.50,81
DIST,4,AN0,189B,0.00,0.00,1.95,1.70,AN1,C32D,2.95,0.00,1.95,1.65,AN2,8A94,2.95,5.89,1.95,4.92,AN3,0323,-0.09,6.04,1.95,4.97,POS,1.40,1.11,1.56,79
DIST,4,AN0,189B,0.00,0.00,1.95,1.70,AN1,C32D,2.95,0.00,1.95,1.67,AN2,8A94,2.95,5.89,1.95,4.94,AN3,0323,-0.09,6.04,1.95,4.96,POS,1.43,1.12,1.59,79
DIST,4,AN0,189B,0.00,0.00,1.95,1.70,AN1,C32D,2.95,0.00,1.95,1.66,AN2,8A94,2.95,5.89,1.95,4.86,AN3,0323,-0.09,6.04,1.95,4.94,POS,1.40,1.09,1.57,70
DIST,4,AN0,189B,0.00,0.00,1.95,1.69,AN1,C32D,2.95,0.00,1.95,1.69,AN2,8A94,2.95,5.89,1.95,4.91,AN3,0323,-0.09,6.04,1.95,5.04,POS,1.42,1.09,1.54,73
DIST,4,AN0,189B,0.00,0.00,1.95,1.70,AN1,C32D,2.95,0.00,1.95,1.72,AN2,8A94,2.95,5.89,1.95,4.93,AN3,0323,-0.09,6.04,1.95,4.95,POS,1.43,1.10,1.54,78
DIST,4,AN0,189B,0.00,0.00,1.95,1.69,AN1,C32D,2.95,0.00,1.95,1.69,AN2,8A94,2.95,5.89,1.95,4.91,AN3,0323,-0.09,6.04,1.95,4.97,POS,1.39,1.07,1.52,66
DIST,4,AN0,189B,0.00,0.00,1.95,1.68,AN1,C32D,2.95,0.00,1.95,1.77,AN2,8A94,2.95,5.89,1.95,4.96,AN3,0323,-0.09,6.04,1.95,4.99,POS,1.35,1.04,1.47,61
DIST,4,AN0,189B,0.00,0.00,1.95,1.70,AN1,C32D,2.95,0.00,1.95,1.72,AN2,8A94,2.95,5.89,1.95,4.96,AN3,0323,-0.09,6.04,1.95,5.01,POS,1.33,1.02,1.44,62
DIST,4,AN0,189B,0.00,0.00,1.95,1.66,AN1,C32D,2.95,0.00,1.95,1.73,AN2,8A94,2.95,5.89,1.95,4.95,AN3,0323,-0.09,6.04,1.95,4.93,POS,1.36,1.05,1.49,79
DIST,4,AN0,189B,0.00,0.00,1.95,1.74,AN1,C32D,2.95,0.00,1.95,1.68,AN2,8A94,2.95,5.89,1.95,4.91,AN3,0323,-0.09,6.04,1.95,4.92,POS,1.40,1.08,1.54,79
DIST,4,AN0,189B,0.00,0.00,1.95,1.74,AN1,C32D,2.95,0.00,1.95,1.62,AN2,8A94,2.95,5.89,1.95,4.90,AN3,0323,-0.09,6.04,1.95,4.92,POS,1.44,1.10,1.47,69
DIST,4,AN0,189B,0.00,0.00,1.95,1.85,AN1,C32D,2.95,0.00,1.95,1.64,AN2,8A94,2.95,5.89,1.95,4.89,AN3,0323,-0.09,6.04,1.95,4.89,POS,1.48,1.13,1.53,79
DIST,4,AN0,C32D,2.95,0.00,1.95,1.51,AN1,189B,0.00,0.00,1.95,1.92,AN2,8A94,2.95,5.89,1.95,4.87,AN3,0323,-0.09,6.04,1.95,5.05,POS,1.54,1.13,1.53,70
DIST,4,AN0,C32D,2.95,0.00,1.95,1.38,AN1,189B,0.00,0.00,1.95,2.03,AN2,8A94,2.95,5.89,1.95,4.83,AN3,0323,-0.09,6.04,1.95,5.09,POS,1.63,1.14,1.57,67
DIST,4,AN0,C32D,2.95,0.00,1.95,1.32,AN1,189B,0.00,0.00,1.95,2.09,AN2,8A94,2.95,5.89,1.95,4.89,AN3,0323,-0.09,6.04,1.95,5.21,POS,1.66,1.07,1.51,57
DIST,4,AN0,C32D,2.95,0.00,1.95,1.18,AN1,189B,0.00,0.00,1.95,2.18,AN2,8A94,2.95,5.89,1.95,4.97,AN3,0323,-0.09,6.04,1.95,5.28,POS,1.77,1.06,1.53,61
DIST,4,AN0,C32D,2.95,0.00,1.95,1.11,AN1,189B,0.00,0.00,1.95,2.32,AN2,8A94,2.95,5.89,1.95,4.93,AN3,0323,-0.09,6.04,1.95,5.42,POS,1.89,1.04,1.50,60
DIST,3,AN0,C32D,2.95,0.00,1.95,1.10,AN1,8A94,2.95,5.89,1.95,4.83,AN2,0323,-0.09,6.04,1.95,5.35,POS,1.94,1.01,1.55,91
DIST,4,AN0,C32D,2.95,0.00,1.95,1.13,AN1,189B,0.00,0.00,1.95,2.62,AN2,8A94,2.95,5.89,1.95,4.82,AN3,0323,-0.09,6.04,1.95,5.36,POS,2.08,1.05,1.53,78
DIST,4,AN0,C32D,2.95,0.00,1.95,1.12,AN1,189B,0.00,0.00,1.95,2.72,AN2,8A94,2.95,5.89,1.95,4.75,AN3,0323,-0.09,6.04,1.95,5.37,POS,2.21,1.09,1.52,83
DIST,4,AN0,C32D,2.95,0.00,1.95,1.08,AN1,189B,0.00,0.00,1.95,2.80,AN2,8A94,2.95,5.89,1.95,4.75,AN3,0323,-0.09,6.04,1.95,5.44,POS,2.33,1.11,1.51,84
DIST,4,AN0,C32D,2.95,0.00,1.95,1.06,AN1,189B,0.00,0.00,1.95,2.84,AN2,8A94,2.95,5.89,1.95,4.79,AN3,0323,-0.09,6.04,1.95,5.60,POS,2.40,1.09,1.52,84
DIST,4,AN0,C32D,2.95,0.00,1.95,0.97,AN1,189B,0.00,0.00,1.95,2.93,AN2,8A94,2.95,5.89,1.95,4.77,AN3,0323,-0.09,6.04,1.95,5.60,POS,2.47,1.06,1.48,74
DIST,4,AN0,C32D,2.95,0.00,1.95,0.89,AN1,189B,0.00,0.00,1.95,3.01,AN2,8A94,2.95,5.89,1.95,4.88,AN3,0323,-0.09,6.04,1.95,5.58,POS,2.62,1.07,1.50,69
DIST,4,AN0,C32D,2.95,0.00,1.95,0.93,AN1,189B,0.00,0.00,1.95,3.10,AN2,8A94,2.95,5.89,1.95,4.80,AN3,0323,-0.09,6.04,1.95,5.68,POS,2.74,1.08,1.57,74
DIST,4,AN0,C32D,2.95,0.00,1.95,0.90,AN1,189B,0.00,0.00,1.95,3.06,AN2,8A94,2.95,5.89,1.95,4.85,AN3,0323,-0.09,6.04,1.95,5.63,POS,2.84,1.08,1.55,63
DIST,4,AN0,C32D,2.95,0.00,1.95,0.95,AN1,189B,0.00,0.00,1.95,3.06,AN2,8A94,2.95,5.89,1.95,4.80,AN3,0323,-0.09,6.04,1.95,5.58,POS,2.91,1.10,1.53,65
DIST,4,AN0,C32D,2.95,0.00,1.95,0.97,AN1,189B,0.00,0.00,1.95,3.07,AN2,8A94,2.95,5.89,1.95,4.79,AN3,0323,-0.09,6.04,1.95,5.59,POS,2.97,1.11,1.49,62
DIST,4,AN0,C32D,2.95,0.00,1.95,0.90,AN1,8A94,2.95,5.89,1.95,4.77,AN2,189B,0.00,0.00,1.95,3.10,AN3,0323,-0.09,6.04,1.95,5.63,POS,3.02,1.11,1.52,64
DIST,4,AN0,C32D,2.95,0.00,1.95,0.98,AN1,8A94,2.95,5.89,1.95,4.78,AN2,189B,0.00,0.00,1.95,3.09,AN3,0323,-0.09,6.04,1.95,5.60,POS,3.05,1.12,1.49,61
DIST,4,AN0,C32D,2.95,0.00,1.95,0.98,AN1,8A94,2.95,5.89,1.95,4.77,AN2,189B,0.00,0.00,1.95,3.07,AN3,0323,-0.09,6.04,1.95,5.65,POS,3.04,1.12,1.51,74
DIST,4,AN0,C32D,2.95,0.00,1.95,1.01,AN1,8A94,2.95,5.89,1.95,4.83,AN2,189B,0.00,0.00,1.95,3.05,AN3,0323,-0.09,6.04,1.95,5.61,POS,3.04,1.12,1.52,74
DIST,4,AN0,C32D,2.95,0.00,1.95,0.96,AN1,8A94,2.95,5.89,1.95,4.81,AN2,189B,0.00,0.00,1.95,3.04,AN3,0323,-0.09,6.04,1.95,5.64,POS,3.03,1.12,1.55,77
DIST,4,AN0,C32D,2.95,0.00,1.95,0.99,AN1,8A94,2.95,5.89,1.95,4.77,AN2,189B,0.00,0.00,1.95,3.04,AN3,0323,-0.09,6.04,1.95,5.66,POS,3.02,1.11,1.53,73
DIST,4,AN0,C32D,2.95,0.00,1.95,0.93,AN1,8A94,2.95,5.89,1.95,4.77,AN2,189B,0.00,0.00,1.95,3.07,AN3,0323,-0.09,6.04,1.95,5.63,POS,3.05,1.11,1.50,61
DIST,4,AN0,C32D,2.95,0.00,1.95,0.98,AN1,8A94,2.95,5.89,1.95,4.74,AN2,189B,0.00,0.00,1.95,3.01,AN3,0323,-0.09,6.04,1.95,5.63,POS,3.03,1.11,1.51,74
DIST,4,AN0,C32D,2.95,0.00,1.95,0.97,AN1,8A94,2.95,5.89,1.95,4.78,AN2,189B,0.00,0.00,1.95,3.05,AN3,0323,-0.09,6.04,1.95,5.64,POS,3.02,1.11,1.53,76
DIST,4,AN0,C32D,2.95,0.00,1.95,0.97,AN1,8A94,2.95,5.89,1.95,4.82,AN2,189B,0.00,0.00,1.95,3.04,AN3,0323,-0.09,6.04,1.95,5.55,POS,3.04,1.12,1.50,66
DIST,4,AN0,C32D,2.95,0.00,1.95,0.91,AN1,8A94,2.95,5.89,1.95,4.82,AN2,189B,0.00,0.00,1.95,3.05,AN3,0323,-0.09,6.04,1.95,5.62,POS,3.06,1.11,1.50,64
DIST,4,AN0,C32D,2.95,0.00,1.95,0.93,AN1,8A94,2.95,5.89,1.95,4.79,AN2,189B,0.00,0.00,1.95,3.06,AN3,0323,-0.09,6.04,1.95,5.69,POS,3.06,1.10,1.53,73
DIST,4,AN0,C32D,2.95,0.00,1.95,0.92,AN1,8A94,2.95,5.89,1.95,4.82,AN2,189B,0.00,0.00,1.95,3.11,AN3,0323,-0.09,6.04,1.95,5.60,POS,3.09,1.11,1.55,65
DIST,4,AN0,C32D,2.95,0.00,1.95,0.94,AN1,8A94,2.95,5.89,1.95,4.83,AN2,189B,0.00,0.00,1.95,3.01,AN3,0323,-0.09,6.04,1.95,5.64,POS,3.06,1.11,1.57,78
DIST,4,AN0,C32D,2.95,0.00,1.95,0.96,AN1,8A94,2.95,5.89,1.95,4.76,AN2,189B,0.00,0.00,1.95,3.04,AN3,0323,-0.09,6.04,1.95,5.66,POS,3.05,1.10,1.56,73
DIST,4,AN0,C32D,2.95,0.00,1.95,0.98,AN1,8A94,2.95,5.89,1.95,4.82,AN2,189B,0.00,0.00,1.95,3.04,AN3,0323,-0.09,6.04,1.95,5.65,POS,3.03,1.10,1.55,74
DIST,4,AN0,C32D,2.95,0.00,1.95,0.91,AN1,8A94,2.95,5.89,1.95,4.82,AN2,189B,0.00,0.00,1.95,3.06,AN3,0323,-0.09,6.04,1.95,5.64,POS,3.06,1.10,1.52,62
DIST,4,AN0,C32D,2.95,0.00,1.95,0.94,AN1,8A94,2.95,5.89,1.95,4.78,AN2,189B,0.00,0.00,1.95,3.10,AN3,0323,-0.09,6.04,1.95,5.67,POS,3.06,1.10,1.58,76
DIST,4,AN0,C32D,2.95,0.00,1.95,0.94,AN1,8A94,2.95,5.89,1.95,4.78,AN2,189B,0.00,0.00,1.95,3.05,AN3,0323,-0.09,6.04,1.95,5.62,POS,3.06,1.11,1.66,79
DIST,4,AN0,C32D,2.95,0.00,1.95,0.96,AN1,8A94,2.95,5.89,1.95,4.85,AN2,189B,0.00,0.00,1.95,3.09,AN3,0323,-0.09,6.04,1.95,5.57,POS,3.08,1.13,1.63,66
DIST,4,AN0,C32D,2.95,0.00,1.95,0.98,AN1,8A94,2.95,5.89,1.95,4.81,AN2,189B,0.00,0.00,1.95,3.04,AN3,0323,-0.09,6.04,1.95,5.57,POS,3.07,1.14,1.68,80
DIST,4,AN0,C32D,2.95,0.00,1.95,0.90,AN1,8A94,2.95,5.89,1.95,4.79,AN2,189B,0.00,0.00,1.95,3.08,AN3,0323,-0.09,6.04,1.95,5.64,POS,3.09,1.13,1.64,63
DIST,4,AN0,C32D,2.95,0.00,1.95,0.91,AN1,8A94,2.95,5.89,1.95,4.83,AN2,189B,0.00,0.00,1.95,3.04,AN3,0323,-0.09,6.04,1.95,5.66,POS,3.07,1.12,1.66,79
DIST,4,AN0,C32D,2.95,0.00,1.95,0.89,AN1,8A94,2.95,5.89,1.95,4.80,AN2,189B,0.00,0.00,1.95,3.05,AN3,0323,-0.09,6.04,1.95,5.61,POS,3.09,1.11,1.63,66
DIST,4,AN0,C32D,2.95,0.00,1.95,0.93,AN1,8A94,2.95,5.89,1.95,4.76,AN2,189B,0.00,0.00,1.95,3.05,AN3,0323,-0.09,6.04,1.95,5.67,POS,3.02,1.07,1.57,75
DIST,4,AN0,C32D,2.95,0.00,1.95,0.90,AN1,8A94,2.95,5.89,1.95,4.77,AN2,189B,0.00,0.00,1.95,3.01,AN3,0323,-0.09,6.04,1.95,5.66,POS,2.95,1.04,1.53,78
DIST,4,AN0,C32D,2.95,0.00,1.95,0.91,AN1,8A94,2.95,5.89,1.95,4.81,AN2,189B,0.00,0.00,1.95,3.08,AN3,0323,-0.09,6.04,1.95,5.64,POS,3.00,1.05,1.51,61
DIST,4,AN0,C32D,2.95,0.00,1.95,0.91,AN1,8A94,2.95,5.89,1.95,4.84,AN2,189B,0.00,0.00,1.95,3.08,AN3,0323,-0.09,6.04,1.95,5.67,POS,3.02,1.07,1.61,76
DIST,4,AN0,C32D,2.95,0.00,1.95,0.92,AN1,8A94,2.95,5.89,1.95,4.87,AN2,189B,0.00,0.00,1.95,2.99,AN3,0323,-0.09,6.04,1.95,5.60,POS,3.03,1.07,1.56,65
DIST,4,AN0,C32D,2.95,0.00,1.95,0.94,AN1,8A94,2.95,5.89,1.95,4.87,AN2,189B,0.00,0.00,1.95,3.08,AN3,0323,-0.09,6.04,1.95,5.73,POS,3.04,1.06,1.54,70
DIST,4,AN0,C32D,2.95,0.00,1.95,0.95,AN1,8A94,2.95,5.89,1.95,4.81,AN2,189B,0.00,0.00,1.95,3.08,AN3,0323,-0.09,6.04,1.95,5.68,POS,3.04,1.07,1.57,75
DIST,4,AN0,C32D,2.95,0.00,1.95,0.92,AN1,8A94,2.95,5.89,1.95,4.83,AN2,189B,0.00,0.00,1.95,3.06,AN3,0323,-0.09,6.04,1.95,5.67,POS,3.03,1.08,1.60,77
DIST,4,AN0,C32D,2.95,0.00,1.95,0.90,AN1,8A94,2.95,5.89,1.95,4.82,AN2,189B,0.00,0.00,1.95,2.99,AN3,0323,-0.09,6.04,1.95,5.62,POS,3.04,1.07,1.55,65
DIST,4,AN0,C32D,2.95,0.00,1.95,0.95,AN1,8A94,2.95,5.89,1.95,4.79,AN2,189B,0.00,0.00,1.95,3.02,AN3,0323,-0.09,6.04,1.95,5.61,POS,3.03,1.09,1.60,79
DIST,4,AN0,C32D,2.95,0.00,1.95,0.97,AN1,8A94,2.95,5.89,1.95,4.80,AN2,189B,0.00,0.00,1.95,3.09,AN3,0323,-0.09,6.04,1.95,5.71,POS,3.03,1.08,1.57,70
DIST,4,AN0,C32D,2.95,0.00,1.95,0.91,AN1,8A94,2.95,5.89,1.95,4.87,AN2,189B,0.00,0.00,1.95,3.12,AN3,0323,-0.09,6.04,1.95,5.80,POS,3.05,1.06,1.55,65
DIST,4,AN0,C32D,2.95,0.00,1.95,0.91,AN1,8A94,2.95,5.89,1.95,4.92,AN2,189B,0.00,0.00,1.95,3.09,AN3,0323,-0.09,6.04,1.95,5.71,POS,3.06,1.06,1.59,73
DIST,4,AN0,C32D,2.95,0.00,1.95,0.89,AN1,8A94,2.95,5.89,1.95,4.93,AN2,189B,0.00,0.00,1.95,3.11,AN3,0323,-0.09,6.04,1.95,5.70,POS,3.10,1.06,1.56,58
DIST,4,AN0,C32D,2.95,0.00,1.95,0.98,AN1,8A94,2.95,5.89,1.95,4.90,AN2,189B,0.00,0.00,1.95,3.08,AN3,0323,-0.09,6.04,1.95,5.68,POS,3.09,1.07,1.55,70
DIST,4,AN0,C32D,2.95,0.00,1.95,0.92,AN1,8A94,2.95,5.89,1.95,4.87,AN2,189B,0.00,0.00,1.95,3.11,AN3,0323,-0.09,6.04,1.95,5.75,POS,3.09,1.06,1.56,70
DIST,3,AN0,C32D,2.95,0.00,1.95,1.00,AN1,8A94,2.95,5.89,1.95,4.90,AN2,189B,0.00,0.00,1.95,3.10,POS,3.05,1.05,1.62,98
DIST,4,AN0,C32D,2.95,0.00,1.95,0.99,AN1,8A94,2.95,5.89,1.95,4.91,AN2,189B,0.00,0.00,1.95,3.07,AN3,0323,-0.09,6.04,1.95,5.87,POS,3.01,1.03,1.68,85
DIST,4,AN0,C32D,2.95,0.00,1.95,1.01,AN1,8A94,2.95,5.89,1.95,4.91,AN2,189B,0.00,0.00,1.95,3.10,AN3,0323,-0.09,6.04,1.95,5.83,POS,2.98,1.02,1.70,85
DIST,4,AN0,C32D,2.95,0.00,1.95,1.06,AN1,8A94,2.95,5.89,1.95,4.86,AN2,189B,0.00,0.00,1.95,3.03,AN3,0323,-0.09,6.04,1.95,5.72,POS,2.96,1.03,1.65,77
DIST,4,AN0,C32D,2.95,0.00,1.95,1.06,AN1,8A94,2.95,5.89,1.95,4.83,AN2,189B,0.00,0.00,1.95,3.04,AN3,0323,-0.09,6.04,1.95,5.76,POS,2.94,1.02,1.58,71
DIST,4,AN0,C32D,2.95,0.00,1.95,1.10,AN1,189B,0.00,0.00,1.95,3.04,AN2,8A94,2.95,5.89,1.95,4.79,AN3,0323,-0.09,6.04,1.95,5.70,POS,2.91,1.03,1.52,74
DIST,4,AN0,C32D,2.95,0.00,1.95,1.14,AN1,189B,0.00,0.00,1.95,3.08,AN2,8A94,2.95,5.89,1.95,4.76,AN3,0323,-0.09,6.04,1.95,5.78,POS,2.91,1.05,1.63,84
DIST,4,AN0,C32D,2.95,0.00,1.95,1.15,AN1,189B,0.00,0.00,1.95,3.11,AN2,8A94,2.95,5.89,1.95,4.71,AN3,0323,-0.09,6.04,1.95,5.68,POS,2.92,1.07,1.57,71
DIST,4,AN0,C32D,2.95,0.00,1.95,1.25,AN1,189B,0.00,0.00,1.95,3.08,AN2,8A94,2.95,5.89,1.95,4.65,AN3,0323,-0.09,6.04,1.95,5.53,POS,2.91,1.12,1.55,80
DIST,4,AN0,C32D,2.95,0.00,1.95,1.34,AN1,189B,0.00,0.00,1.95,3.10,AN2,8A94,2.95,5.89,1.95,4.58,AN3,0323,-0.09,6.04,1.95,5.42,POS,2.89,1.19,1.56,83
DIST,4,AN0,C32D,2.95,0.00,1.95,1.44,AN1,189B,0.00,0.00,1.95,3.26,AN2,8A94,2.95,5.89,1.95,4.41,AN3,0323,-0.09,6.04,1.95,5.38,POS,2.92,1.27,1.59,78
DIST,4,AN0,C32D,2.95,0.00,1.95,1.61,AN1,189B,0.00,0.00,1.95,3.33,AN2,8A94,2.95,5.89,1.95,4.23,AN3,0323,-0.09,6.04,1.95,5.28,POS,2.92,1.35,1.53,73
DIST,4,AN0,C32D,2.95,0.00,1.95,1.75,AN1,189B,0.00,0.00,1.95,3.44,AN2,8A94,2.95,5.89,1.95,4.12,AN3,0323,-0.09,6.04,1.95,5.20,POS,2.93,1.45,1.47,70
DIST,4,AN0,C32D,2.95,0.00,1.95,1.83,AN1,189B,0.00,0.00,1.95,3.56,AN2,8A94,2.95,5.89,1.95,3.94,AN3,0323,-0.09,6.04,1.95,5.05,POS,2.99,1.58,1.47,67
DIST,4,AN0,C32D,2.95,0.00,1.95,2.04,AN1,8A94,2.95,5.89,1.95,3.79,AN2,189B,0.00,0.00,1.95,4.00,AN3,0323,-0.09,6.04,1.95,4.88,POS,2.95,1.69,1.45,76
DIST,4,AN0,C32D,2.95,0.00,1.95,2.12,AN1,189B,0.00,0.00,1.95,3.81,AN2,8A94,2.95,5.89,1.95,3.58,AN3,0323,-0.09,6.04,1.95,4.71,POS,3.07,1.87,1.40,72
DIST,4,AN0,C32D,2.95,0.00,1.95,2.20,AN1,8A94,2.95,5.89,1.95,3.62,AN2,189B,0.00,0.00,1.95,3.88,AN3,0323,-0.09,6.04,1.95,4.69,POS,3.14,2.01,1.48,71
DIST,4,AN0,C32D,2.95,0.00,1.95,2.31,AN1,8A94,2.95,5.89,1.95,3.53,AN2,189B,0.00,0.00,1.95,3.92,AN3,0323,-0.09,6.04,1.95,4.69,POS,3.19,2.13,1.42,72
DIST,4,AN0,C32D,2.95,0.00,1.95,2.35,AN1,8A94,2.95,5.89,1.95,3.47,AN2,189B,0.00,0.00,1.95,3.93,AN3,0323,-0.09,6.04,1.95,4.67,POS,3.21,2.23,1.50,70
DIST,4,AN0,C32D,2.95,0.00,1.95,2.39,AN1,8A94,2.95,5.89,1.95,3.42,AN2,189B,0.00,0.00,1.95,3.99,AN3,0323,-0.09,6.04,1.95,4.64,POS,3.25,2.31,1.44,73
DIST,4,AN0,C32D,2.95,0.00,1.95,2.33,AN1,8A94,2.95,5.89,1.95,3.48,AN2,189B,0.00,0.00,1.95,3.95,AN3,0323,-0.09,6.04,1.95,4.69,POS,3.28,2.36,1.39,72
DIST,4,AN0,C32D,2.95,0.00,1.95,2.34,AN1,8A94,2.95,5.89,1.95,3.50,AN2,189B,0.00,0.00,1.95,3.92,AN3,0323,-0.09,6.04,1.95,4.69,POS,3.27,2.39,1.44,70
DIST,4,AN0,C32D,2.95,0.00,1.95,2.31,AN1,8A94,2.95,5.89,1.95,3.49,AN2,189B,0.00,0.00,1.95,3.88,AN3,0323,-0.09,6.04,1.95,4.65,POS,3.27,2.42,1.38,71
DIST,4,AN0,C32D,2.95,0.00,1.95,2.37,AN1,8A94,2.95,5.89,1.95,3.53,AN2,189B,0.00,0.00,1.95,3.84,AN3,0323,-0.09,6.04,1.95,4.63,POS,3.24,2.43,1.36,68
DIST,4,AN0,C32D,2.95,0.00,1.95,2.34,AN1,8A94,2.95,5.89,1.95,3.48,AN2,189B,0.00,0.00,1.95,3.86,AN3,0323,-0.09,6.04,1.95,4.64,POS,3.22,2.45,1.40,68
DIST,4,AN0,C32D,2.95,0.00,1.95,2.37,AN1,8A94,2.95,5.89,1.95,3.44,AN2,189B,0.00,0.00,1.95,3.84,AN3,0323,-0.09,6.04,1.95,4.60,POS,3.19,2.46,1.41,68
DIST,4,AN0,C32D,2.95,0.00,1.95,2.36,AN1,8A94,2.95,5.89,1.95,3.48,AN2,189B,0.00,0.00,1.95,3.87,AN3,0323,-0.09,6.04,1.95,4.65,POS,3.19,2.47,1.42,69
DIST,4,AN0,C32D,2.95,0.00,1.95,2.39,AN1,8A94,2.95,5.89,1.95,3.49,AN2,189B,0.00,0.00,1.95,3.91,AN3,0323,-0.09,6.04,1.95,4.62,POS,3.19,2.49,1.44,69
DIST,4,AN0,C32D,2.95,0.00,1.95,2.40,AN1,8A94,2.95,5.89,1.95,3.45,AN2,189B,0.00,0.00,1.95,3.85,AN3,0323,-0.09,6.04,1.95,4.61,POS,3.16,2.49,1.40,68
DIST,4,AN0,C32D,2.95,0.00,1.95,2.39,AN1,8A94,2.95,5.89,1.95,3.44,AN2,189B,0.00,0.00,1.95,3.85,AN3,0323,-0.09,6.04,1.95,4.63,POS,3.15,2.49,1.37,68
DIST,4,AN0,C32D,2.95,0.00,1.95,2.39,AN1,8A94,2.95,5.89,1.95,3.44,AN2,189B,0.00,0.00,1.95,3.87,AN3,0323,-0.09,6.04,1.95,4.64,POS,3.14,2.49,1.34,68
DIST,4,AN0,C32D,2.95,0.00,1.95,2.37,AN1,8A94,2.95,5.89,1.95,3.48,AN2,189B,0.00,0.00,1.95,3.86,AN3,0323,-0.09,6.04,1.95,4.65,POS,3.13,2.49,1.34,68
DIST,4,AN0,C32D,2.95,0.00,1.95,2.38,AN1,8A94,2.95,5.89,1.95,3.45,AN2,189B,0.00,0.00,1.95,3.90,AN3,0323,-0.09,6.04,1.95,4.61,POS,3.15,2.50,1.39,69
DIST,4,AN0,C32D,2.95,0.00,1.95,2.39,AN1,8A94,2.95,5.89,1.95,3.50,AN2,189B,0.00,0.00,1.95,3.96,AN3,0323,-0.09,6.04,1.95,4.62,POS,3.19,2.52,1.36,72
DIST,4,AN0,C32D,2.95,0.00,1.95,2.35,AN1,8A94,2.95,5.89,1.95,3.44,AN2,189B,0.00,0.00,1.95,3.92,AN3,0323,-0.09,6.04,1.95,4.62,POS,3.22,2.52,1.33,72
DIST,4,AN0,C32D,2.95,0.00,1.95,2.41,AN1,8A94,2.95,5.89,1.95,3.46,AN2,189B,0.00,0.00,1.95,3.85,AN3,0323,-0.09,6.04,1.95,4.66,POS,3.13,2.49,1.31,70
DIST,4,AN0,C32D,2.95,0.00,1.95,2.32,AN1,8A94,2.95,5.89,1.95,3.51,AN2,189B,0.00,0.00,1.95,3.81,AN3,0323,-0.09,6.04,1.95,4.70,POS,3.07,2.45,1.31,72
DIST,4,AN0,C32D,2.95,0.00,1.95,2.29,AN1,8A94,2.95,5.89,1.95,3.49,AN2,189B,0.00,0.00,1.95,3.82,AN3,0323,-0.09,6.04,1.95,4.72,POS,3.04,2.42,1.35,73
DIST,4,AN0,C32D,2.95,0.00,1.95,2.27,AN1,8A94,2.95,5.89,1.95,3.53,AN2,189B,0.00,0.00,1.95,3.79,AN3,0323,-0.09,6.04,1.95,4.72,POS,3.06,2.41,1.34,67
DIST,4,AN0,C32D,2.95,0.00,1.95,2.27,AN1,8A94,2.95,5.89,1.95,3.49,AN2,189B,0.00,0.00,1.95,3.83,AN3,0323,-0.09,6.04,1.95,4.72,POS,3.03,2.39,1.38,74
DIST,4,AN0,C32D,2.95,0.00,1.95,2.35,AN1,8A94,2.95,5.89,1.95,3.49,AN2,189B,0.00,0.00,1.95,3.89,AN3,0323,-0.09,6.04,1.95,4.68,POS,3.07,2.42,1.40,69
DIST,4,AN0,C32D,2.95,0.00,1.95,2.37,AN1,8A94,2.95,5.89,1.95,3.45,AN2,189B,0.00,0.00,1.95,3.86,AN3,0323,-0.09,6.04,1.95,4.70,POS,3.06,2.41,1.39,67
DIST,4,AN0,C32D,2.95,0.00,1.95,2.39,AN1,8A94,2.95,5.89,1.95,3.49,AN2,189B,0.00,0.00,1.95,3.88,AN3,0323,-0.09,6.04,1.95,4.65,POS,3.08,2.43,1.36,68
DIST,4,AN0,C32D,2.95,0.00,1.95,2.41,AN1,8A94,2.95,5.89,1.95,3.45,AN2,189B,0.00,0.00,1.95,3.92,AN3,0323,-0.09,6.04,1.95,4.64,POS,3.11,2.46,1.37,70
DIST,4,AN0,C32D,2.95,0.00,1.95,2.39,AN1,8A94,2.95,5.89,1.95,3.47,AN2,189B,0.00,0.00,1.95,3.87,AN3,0323,-0.09,6.04,1.95,4.66,POS,3.11,2.47,1.34,68
DIST,4,AN0,C32D,2.95,0.00,1.95,2.35,AN1,8A94,2.95,5.89,1.95,3.46,AN2,189B,0.00,0.00,1.95,3.93,AN3,0323,-0.09,6.04,1.95,4.68,POS,3.15,2.48,1.41,70
DIST,4,AN0,C32D,2.95,0.00,1.95,2.41,AN1,8A94,2.95,5.89,1.95,3.42,AN2,189B,0.00,0.00,1.95,3.87,AN3,0323,-0.09,6.04,1.95,4.68,POS,3.12,2.46,1.39,66
DIST,4,AN0,C32D,2.95,0.00,1.95,2.37,AN1,8A94,2.95,5.89,1.95,3.45,AN2,189B,0.00,0.00,1.95,3.89,AN3,0323,-0.09,6.04,1.95,4.68,POS,3.13,2.47,1.37,69
DIST,4,AN0,C32D,2.95,0.00,1.95,2.40,AN1,8A94,2.95,5.89,1.95,3.42,AN2,189B,0.00,0.00,1.95,3.92,AN3,0323,-0.09,6.04,1.95,4.69,POS,3.09,2.46,1.36,69
DIST,4,AN0,C32D,2.95,0.00,1.95,2.32,AN1,8A94,2.95,5.89,1.95,3.49,AN2,189B,0.00,0.00,1.95,3.87,AN3,0323,-0.09,6.04,1.95,4.68,POS,3.12,2.46,1.40,69
DIST,4,AN0,C32D,2.95,0.00,1.95,2.34,AN1,8A94,2.95,5.89,1.95,3.47,AN2,189B,0.00,0.00,1.95,3.83,AN3,0323,-0.09,6.04,1.95,4.61,POS,3.12,2.47,1.42,68
DIST,4,AN0,C32D,2.95,0.00,1.95,2.37,AN1,8A94,2.95,5.89,1.95,3.52,AN2,189B,0.00,0.00,1.95,3.85,AN3,0323,-0.09,6.04,1.95,4.64,POS,3.13,2.47,1.39,68
DIST,4,AN0,C32D,2.95,0.00,1.95,2.38,AN1,8A94,2.95,5.89,1.95,3.47,AN2,189B,0.00,0.00,1.95,3.83,AN3,0323,-0.09,6.04,1.95,4.62,POS,3.11,2.48,1.36,67
DIST,3,AN0,8A94,2.95,5.89,1.95,3.49,AN1,189B,0.00,0.00,1.95,3.85,AN2,0323,-0.09,6.04,1.95,4.58,POS,3.01,2.49,1.27,74
DIST,4,AN0,C32D,2.95,0.00,1.95,2.36,AN1,8A94,2.95,5.89,1.95,3.44,AN2,189B,0.00,0.00,1.95,3.87,AN3,0323,-0.09,6.04,1.95,4.67,POS,3.05,2.49,1.29,68
DIST,4,AN0,C32D,2.95,0.00,1.95,2.37,AN1,8A94,2.95,5.89,1.95,3.48,AN2,189B,0.00,0.00,1.95,3.85,AN3,0323,-0.09,6.04,1.95,4.64,POS,3.06,2.49,1.29,68
DIST,4,AN0,C32D,2.95,0.00,1.95,2.40,AN1,8A94,2.95,5.89,1.95,3.45,AN2,189B,0.00,0.00,1.95,3.88,AN3,0323,-0.09,6.04,1.95,4.65,POS,3.08,2.49,1.29,68
DIST,4,AN0,C32D,2.95,0.00,1.95,2.38,AN1,8A94,2.95,5.89,1.95,3.45,AN2,189B,0.00,0.00,1.95,3.82,AN3,0323,-0.09,6.04,1.95,4.61,POS,3.07,2.49,1.28,67
DIST,4,AN0,C32D,2.95,0.00,1.95,2.41,AN1,8A94,2.95,5.89,1.95,3.51,AN2,189B,0.00,0.00,1.95,3.79,AN3,0323,-0.09,6.04,1.95,4.67,POS,3.02,2.47,1.37,76
DIST,4,AN0,C32D,2.95,0.00,1.95,2.45,AN1,8A94,2.95,5.89,1.95,3.49,AN2,189B,0.00,0.00,1.95,3.86,AN3,0323,-0.09,6.04,1.95,4.66,POS,3.02,2.47,1.38,68
DIST,4,AN0,C32D,2.95,0.00,1.95,2.44,AN1,8A94,2.95,5.89,1.95,3.47,AN2,189B,0.00,0.00,1.95,3.89,AN3,0323,-0.09,6.04,1.95,4.55,POS,3.05,2.50,1.40,69
DIST,4,AN0,C32D,2.95,0.00,1.95,2.46,AN1,8A94,2.95,5.89,1.95,3.45,AN2,189B,0.00,0.00,1.95,3.91,AN3,0323,-0.09,6.04,1.95,4.63,POS,3.05,2.51,1.46,69
DIST,4,AN0,C32D,2.95,0.00,1.95,2.47,AN1,8A94,2.95,5.89,1.95,3.39,AN2,189B,0.00,0.00,1.95,3.86,AN3,0323,-0.09,6.04,1.95,4.57,POS,2.99,2.50,1.41,72
DIST,4,AN0,C32D,2.95,0.00,1.95,2.49,AN1,8A94,2.95,5.89,1.95,3.33,AN2,189B,0.00,0.00,1.95,3.87,AN3,0323,-0.09,6.04,1.95,4.49,POS,3.01,2.53,1.40,68
DIST,4,AN0,C32D,2.95,0.00,1.95,2.57,AN1,8A94,2.95,5.89,1.95,3.26,AN2,189B,0.00,0.00,1.95,3.85,AN3,0323,-0.09,6.04,1.95,4.40,POS,2.94,2.55,1.38,73
DIST,4,AN0,C32D,2.95,0.00,1.95,2.60,AN1,8A94,2.95,5.89,1.95,3.16,AN2,189B,0.00,0.00,1.95,3.92,AN3,0323,-0.09,6.04,1.95,4.41,POS,2.93,2.58,1.41,72
DIST,4,AN0,C32D,2.95,0.00,1.95,2.82,AN1,8A94,2.95,5.89,1.95,3.13,AN2,189B,0.00,0.00,1.95,4.04,AN3,0323,-0.09,6.04,1.95,4.32,POS,2.93,2.65,1.41,70
DIST,4,AN0,C32D,2.95,0.00,1.95,2.93,AN1,8A94,2.95,5.89,1.95,2.89,AN2,189B,0.00,0.00,1.95,4.11,AN3,0323,-0.09,6.04,1.95,4.26,POS,2.93,2.73,1.39,71
DIST,4,AN0,C32D,2.95,0.00,1.95,3.00,AN1,8A94,2.95,5.89,1.95,2.82,AN2,189B,0.00,0.00,1.95,4.22,AN3,0323,-0.09,6.04,1.95,4.14,POS,2.90,2.80,1.37,70
DIST,4,AN0,C32D,2.95,0.00,1.95,3.21,AN1,8A94,2.95,5.89,1.95,2.66,AN2,189B,0.00,0.00,1.95,4.28,AN3,0323,-0.09,6.04,1.95,4.01,POS,2.89,2.92,1.36,71
DIST,4,AN0,C32D,2.95,0.00,1.95,3.32,AN1,8A94,2.95,5.89,1.95,2.57,AN2,189B,0.00,0.00,1.95,4.41,AN3,0323,-0.09,6.04,1.95,3.96,POS,2.89,3.03,1.39,74
DIST,4,AN0,8A94,2.95,5.89,1.95,2.38,AN1,C32D,2.95,0.00,1.95,3.44,AN2,189B,0.00,0.00,1.95,4.47,AN3,0323,-0.09,6.04,1.95,3.70,POS,2.83,3.15,1.39,74
DIST,4,AN0,8A94,2.95,5.89,1.95,2.28,AN1,C32D,2.95,0.00,1.95,3.56,AN2,0323,-0.09,6.04,1.95,3.63,AN3,189B,0.00,0.00,1.95,4.60,POS,2.78,3.26,1.39,75
DIST,4,AN0,8A94,2.95,5.89,1.95,2.17,AN1,C32D,2.95,0.00,1.95,3.71,AN2,0323,-0.09,6.04,1.95,3.54,AN3,189B,0.00,0.00,1.95,4.64,POS,2.80,3.41,1.35,73
DIST,4,AN0,8A94,2.95,5.89,1.95,2.03,AN1,C32D,2.95,0.00,1.95,3.81,AN2,0323,-0.09,6.04,1.95,3.54,AN3,189B,0.00,0.00,1.95,4.75,POS,2.80,3.52,1.35,76
DIST,4,AN0,8A94,2.95,5.89,1.95,1.93,AN1,C32D,2.95,0.00,1.95,3.87,AN2,0323,-0.09,6.04,1.95,3.48,AN3,189B,0.00,0.00,1.95,4.76,POS,2.80,3.62,1.38,79
DIST,4,AN0,8A94,2.95,5.89,1.95,1.80,AN1,C32D,2.95,0.00,1.95,3.95,AN2,0323,-0.09,6.04,1.95,3.35,AN3,189B,0.00,0.00,1.95,4.80,POS,2.78,3.72,1.44,79
DIST,4,AN0,8A94,2.95,5.89,1.95,1.87,AN1,0323,-0.09,6.04,1.95,3.37,AN2,C32D,2.95,0.00,1.95,3.95,AN3,189B,0.00,0.00,1.95,4.82,POS,2.77,3.80,1.44,79
DIST,4,AN0,8A94,2.95,5.89,1.95,1.85,AN1,0323,-0.09,6.04,1.95,3.37,AN2,C32D,2.95,0.00,1.95,3.90,AN3,189B,0.00,0.00,1.95,4.76,POS,2.76,3.84,1.49,79
DIST,4,AN0,8A94,2.95,5.89,1.95,1.86,AN1,0323,-0.09,6.04,1.95,3.41,AN2,C32D,2.95,0.00,1.95,3.87,AN3,189B,0.00,0.00,1.95,4.73,POS,2.75,3.87,1.55,79
DIST,4,AN0,8A94,2.95,5.89,1.95,1.85,AN1,0323,-0.09,6.04,1.95,3.38,AN2,C32D,2.95,0.00,1.95,3.90,AN3,189B,0.00,0.00,1.95,4.81,POS,2.78,3.92,1.56,80
DIST,4,AN0,8A94,2.95,5.89,1.95,1.88,AN1,0323,-0.09,6.04,1.95,3.37,AN2,C32D,2.95,0.00,1.95,3.89,AN3,189B,0.00,0.00,1.95,4.79,POS,2.80,3.96,1.56,80
DIST,4,AN0,8A94,2.95,5.89,1.95,1.81,AN1,0323,-0.09,6.04,1.95,3.40,AN2,C32D,2.95,0.00,1.95,3.86,AN3,189B,0.00,0.00,1.95,4.76,POS,2.80,3.97,1.49,75
DIST,4,AN0,8A94,2.95,5.89,1.95,1.85,AN1,0323,-0.09,6.04,1.95,3.35,AN2,C32D,2.95,0.00,1.95,3.90,AN3,189B,0.00,0.00,1.95,4.75,POS,2.78,3.97,1.54,79
DIST,4,AN0,8A94,2.95,5.89,1.95,1.86,AN1,0323,-0.09,6.04,1.95,3.40,AN2,C32D,2.95,0.00,1.95,3.86,AN3,189B,0.00,0.00,1.95,4.80,POS,2.76,3.97,1.62,78
DIST,4,AN0,8A94,2.95,5.89,1.95,1.90,AN1,0323,-0.09,6.04,1.95,3.42,AN2,C32D,2.95,0.00,1.95,3.89,AN3,189B,0.00,0.00,1.95,4.79,POS,2.76,3.96,1.59,79
DIST,4,AN0,8A94,2.95,5.89,1.95,1.86,AN1,0323,-0.09,6.04,1.95,3.41,AN2,C32D,2.95,0.00,1.95,3.93,AN3,189B,0.00,0.00,1.95,4.82,POS,2.77,3.97,1.56,79
DIST,4,AN0,8A94,2.95,5.89,1.95,1.85,AN1,0323,-0.09,6.04,1.95,3.42,AN2,C32D,2.95,0.00,1.95,3.88,AN3,189B,0.00,0.00,1.95,4.85,POS,2.76,3.97,1.58,79
DIST,4,AN0,8A94,2.95,5.89,1.95,1.90,AN1,0323,-0.09,6.04,1.95,3.46,AN2,C32D,2.95,0.00,1.95,3.92,AN3,189B,0.00,0.00,1.95,4.75,POS,2.76,3.97,1.55,79
DIST,4,AN0,8A94,2.95,5.89,1.95,1.88,AN1,0323,-0.09,6.04,1.95,3.43,AN2,C32D,2.95,0.00,1.95,3.90,AN3,189B,0.00,0.00,1.95,4.84,POS,2.80,4.00,1.55,78
DIST,4,AN0,8A94,2.95,5.89,1.95,1.89,AN1,0323,-0.09,6.04,1.95,3.41,AN2,C32D,2.95,0.00,1.95,3.86,AN3,189B,0.00,0.00,1.95,4.80,POS,2.82,4.01,1.57,80
DIST,4,AN0,8A94,2.95,5.89,1.95,1.87,AN1,0323,-0.09,6.04,1.95,3.48,AN2,C32D,2.95,0.00,1.95,3.92,AN3,189B,0.00,0.00,1.95,4.88,POS,2.83,4.01,1.54,77
DIST,4,AN0,8A94,2.95,5.89,1.95,1.89,AN1,0323,-0.09,6.04,1.95,3.47,AN2,C32D,2.95,0.00,1.95,3.86,AN3,189B,0.00,0.00,1.95,4.80,POS,2.83,3.99,1.55,79
DIST,4,AN0,8A94,2.95,5.89,1.95,1.88,AN1,0323,-0.09,6.04,1.95,3.45,AN2,C32D,2.95,0.00,1.95,3.95,AN3,189B,0.00,0.00,1.95,4.82,POS,2.82,4.00,1.53,80
DIST,4,AN0,8A94,2.95,5.89,1.95,1.87,AN1,0323,-0.09,6.04,1.95,3.40,AN2,C32D,2.95,0.00,1.95,3.89,AN3,189B,0.00,0.00,1.95,4.85,POS,2.79,3.99,1.54,79
DIST,4,AN0,8A94,2.95,5.89,1.95,1.82,AN1,0323,-0.09,6.04,1.95,3.41,AN2,C32D,2.95,0.00,1.95,3.88,AN3,189B,0.00,0.00,1.95,4.83,POS,2.79,4.00,1.46,74
DIST,4,AN0,8A94,2.95,5.89,1.95,1.85,AN1,0323,-0.09,6.04,1.95,3.45,AN2,C32D,2.95,0.00,1.95,3.91,AN3,189B,0.00,0.00,1.95,4.79,POS,2.79,4.00,1.51,79
DIST,4,AN0,8A94,2.95,5.89,1.95,1.84,AN1,0323,-0.09,6.04,1.95,3.42,AN2,C32D,2.95,0.00,1.95,3.91,AN3,189B,0.00,0.00,1.95,4.83,POS,2.80,4.00,1.54,79
DIST,4,AN0,8A94,2.95,5.89,1.95,1.88,AN1,0323,-0.09,6.04,1.95,3.38,AN2,C32D,2.95,0.00,1.95,3.84,AN3,189B,0.00,0.00,1.95,4.84,POS,2.78,3.99,1.46,75
DIST,4,AN0,8A94,2.95,5.89,1.95,1.87,AN1,0323,-0.09,6.04,1.95,3.35,AN2,C32D,2.95,0.00,1.95,3.83,AN3,189B,0.00,0.00,1.95,4.78,POS,2.76,3.98,1.40,78
DIST,4,AN0,8A94,2.95,5.89,1.95,1.93,AN1,0323,-0.09,6.04,1.95,3.32,AN2,C32D,2.95,0.00,1.95,3.83,AN3,189B,0.00,0.00,1.95,4.69,POS,2.71,3.96,1.49,77
DIST,3,AN0,8A94,2.95,5.89,1.95,1.92,AN1,0323,-0.09,6.04,1.95,3.32,AN2,189B,0.00,0.00,1.95,4.60,POS,2.68,3.95,1.55,90
DIST,4,AN0,8A94,2.95,5.89,1.95,1.93,AN1,0323,-0.09,6.04,1.95,3.22,AN2,C32D,2.95,0.00,1.95,3.87,AN3,189B,0.00,0.00,1.95,4.57,POS,2.63,3.95,1.59,77
DIST,4,AN0,8A94,2.95,5.89,1.95,1.96,AN1,0323,-0.09,6.04,1.95,3.08,AN2,C32D,2.95,0.00,1.95,3.93,AN3,189B,0.00,0.00,1.95,4.53,POS,2.55,3.95,1.59,77
DIST,4,AN0,8A94,2.95,5.89,1.95,1.93,AN1,0323,-0.09,6.04,1.95,2.89,AN2,C32D,2.95,0.00,1.95,3.96,AN3,189B,0.00,0.00,1.95,4.53,POS,2.50,4.00,1.48,72
DIST,4,AN0,8A94,2.95,5.89,1.95,1.93,AN1,0323,-0.09,6.04,1.95,2.85,AN2,C32D,2.95,0.00,1.95,3.96,AN3,189B,0.00,0.00,1.95,4.46,POS,2.43,4.02,1.52,78
DIST,4,AN0,8A94,2.95,5.89,1.95,1.99,AN1,0323,-0.09,6.04,1.95,2.76,AN2,C32D,2.95,0.00,1.95,3.94,AN3,189B,0.00,0.00,1.95,4.38,POS,2.36,4.04,1.43,70
DIST,4,AN0,8A94,2.95,5.89,1.95,2.04,AN1,0323,-0.09,6.04,1.95,2.69,AN2,C32D,2.95,0.00,1.95,3.96,AN3,189B,0.00,0.00,1.95,4.29,POS,2.25,4.03,1.43,82
DIST,4,AN0,8A94,2.95,5.89,1.95,2.14,AN1,0323,-0.09,6.04,1.95,2.57,AN2,C32D,2.95,0.00,1.95,4.06,AN3,189B,0.00,0.00,1.95,4.22,POS,2.11,4.03,1.40,84
DIST,4,AN0,8A94,2.95,5.89,1.95,2.18,AN1,0323,-0.09,6.04,1.95,2.51,AN2,C32D,2.95,0.00,1.95,4.08,AN3,189B,0.00,0.00,1.95,4.19,POS,1.99,4.03,1.39,86
DIST,4,AN0,8A94,2.95,5.89,1.95,2.19,AN1,0323,-0.09,6.04,1.95,2.44,AN2,C32D,2.95,0.00,1.95,4.10,AN3,189B,0.00,0.00,1.95,4.19,POS,1.89,4.04,1.42,89
DIST,4,AN0,8A94,2.95,5.89,1.95,2.24,AN1,0323,-0.09,6.04,1.95,2.36,AN2,C32D,2.95,0.00,1.95,4.23,AN3,189B,0.00,0.00,1.95,4.10,POS,1.74,4.05,1.51,89
DIST,4,AN0,8A94,2.95,5.89,1.95,2.34,AN1,0323,-0.09,6.04,1.95,2.23,AN2,C32D,2.95,0.00,1.95,4.21,AN3,189B,0.00,0.00,1.95,4.01,POS,1.61,4.05,1.52,86
DIST,4,AN0,8A94,2.95,5.89,1.95,2.41,AN1,0323,-0.09,6.04,1.95,2.26,AN2,C32D,2.95,0.00,1.95,4.18,AN3,189B,0.00,0.00,1.95,4.00,POS,1.51,4.04,1.51,86
DIST,4,AN0,8A94,2.95,5.89,1.95,2.52,AN1,0323,-0.09,6.04,1.95,2.23,AN2,C32D,2.95,0.00,1.95,4.27,AN3,189B,0.00,0.00,1.95,3.92,POS,1.37,4.04,1.44,74
DIST,4,AN0,8A94,2.95,5.89,1.95,2.59,AN1,0323,-0.09,6.04,1.95,2.13,AN2,189B,0.00,0.00,1.95,3.89,AN3,C32D,2.95,0.00,1.95,4.25,POS,1.27,4.02,1.50,82
DIST,4,AN0,0323,-0.09,6.04,1.95,2.18,AN1,8A94,2.95,5.89,1.95,2.62,AN2,189B,0.00,0.00,1.95,3.85,AN3,C32D,2.95,0.00,1.95,4.28,POS,1.17,4.01,1.48,78
DIST,4,AN0,0323,-0.09,6.04,1.95,2.03,AN1,8A94,2.95,5.89,1.95,2.72,AN2,189B,0.00,0.00,1.95,3.85,AN3,C32D,2.95,0.00,1.95,4.40,POS,1.06,4.01,1.49,77
DIST,4,AN0,0323,-0.09,6.04,1.95,2.04,AN1,8A94,2.95,5.89,1.95,2.76,AN2,189B,0.00,0.00,1.95,3.85,AN3,C32D,2.95,0.00,1.95,4.41,POS,0.96,4.00,1.52,77
DIST,4,AN0,0323,-0.09,6.04,1.95,2.02,AN1,8A94,2.95,5.89,1.95,2.83,AN2,189B,0.00,0.00,1.95,3.88,AN3,C32D,2.95,0.00,1.95,4.50,POS,0.87,4.00,1.50,78
DIST,4,AN0,0323,-0.09,6.04,1.95,2.02,AN1,8A94,2.95,5.89,1.95,2.96,AN2,189B,0.00,0.00,1.95,3.90,AN3,C32D,2.95,0.00,1.95,4.53,POS,0.78,4.00,1.45,78
DIST,4,AN0,0323,-0.09,6.04,1.95,2.02,AN1,8A94,2.95,5.89,1.95,2.97,AN2,189B,0.00,0.00,1.95,3.83,AN3,C32D,2.95,0.00,1.95,4.57,POS,0.69,4.02,1.39,79
DIST,4,AN0,0323,-0.09,6.04,1.95,2.00,AN1,8A94,2.95,5.89,1.95,3.00,AN2,189B,0.00,0.00,1.95,3.88,AN3,C32D,2.95,0.00,1.95,4.64,POS,0.61,4.01,1.37,79
DIST,4,AN0,0323,-0.09,6.04,1.95,1.93,AN1,8A94,2.95,5.89,1.95,3.05,AN2,189B,0.00,0.00,1.95,3.90,AN3,C32D,2.95,0.00,1.95,4.71,POS,0.53,4.02,1.36,79
DIST,4,AN0,0323,-0.09,6.04,1.95,1.79,AN1,8A94,2.95,5.89,1.95,3.09,AN2,189B,0.00,0.00,1.95,3.88,AN3,C32D,2.95,0.00,1.95,4.70,POS,0.45,4.03,1.50,79
DIST,4,AN0,0323,-0.09,6.04,1.95,1.81,AN1,8A94,2.95,5.89,1.95,3.19,AN2,189B,0.00,0.00,1.95,3.89,AN3,C32D,2.95,0.00,1.95,4.91,POS,0.37,4.04,1.52,80
DIST,4,AN0,0323,-0.09,6.04,1.95,1.81,AN1,8A94,2.95,5.89,1.95,3.22,AN2,189B,0.00,0.00,1.95,3.92,AN3,C32D,2.95,0.00,1.95,4.88,POS,0.28,4.05,1.51,79
DIST,3,AN0,8A94,2.95,5.89,1.95,3.27,AN1,189B,0.00,0.00,1.95,3.87,AN2,C32D,2.95,0.00,1.95,4.95,POS,0.14,4.10,1.48,83
DIST,4,AN0,0323,-0.09,6.04,1.95,1.87,AN1,8A94,2.95,5.89,1.95,3.31,AN2,189B,0.00,0.00,1.95,3.87,AN3,C32D,2.95,0.00,1.95,4.78,POS,0.12,4.08,1.47,79
DIST,4,AN0,0323,-0.09,6.04,1.95,1.76,AN1,8A94,2.95,5.89,1.95,3.28,AN2,189B,0.00,0.00,1.95,3.87,AN3,C32D,2.95,0.00,1.95,4.87,POS,0.06,4.09,1.45,72
DIST,4,AN0,0323,-0.09,6.04,1.95,1.77,AN1,8A94,2.95,5.89,1.95,3.27,AN2,189B,0.00,0.00,1.95,3.94,AN3,C32D,2.95,0.00,1.95,4.97,POS,0.01,4.12,1.46,73
DIST,4,AN0,0323,-0.09,6.04,1.95,1.78,AN1,8A94,2.95,5.89,1.95,3.24,AN2,189B,0.00,0.00,1.95,3.90,AN3,C32D,2.95,0.00,1.95,4.99,POS,0.02,4.11,1.51,80
DIST,4,AN0,0323,-0.09,6.04,1.95,1.76,AN1,8A94,2.95,5.89,1.95,3.27,AN2,189B,0.00,0.00,1.95,3.94,AN3,C32D,2.95,0.00,1.95,4.97,POS,-0.00,4.12,1.52,77
DIST,4,AN0,0323,-0.09,6.04,1.95,1.74,AN1,8A94,2.95,5.89,1.95,3.28,AN2,189B,0.00,0.00,1.95,3.92,AN3,C32D,2.95,0.00,1.95,4.91,POS,-0.01,4.12,1.58,81
DIST,4,AN0,0323,-0.09,6.04,1.95,1.78,AN1,8A94,2.95,5.89,1.95,3.25,AN2,189B,0.00,0.00,1.95,3.97,AN3,C32D,2.95,0.00,1.95,4.88,POS,-0.00,4.12,1.54,78
DIST,4,AN0,0323,-0.09,6.04,1.95,1.76,AN1,8A94,2.95,5.89,1.95,3.31,AN2,189B,0.00,0.00,1.95,3.93,AN3,C32D,2.95,0.00,1.95,4.90,POS,-0.01,4.12,1.55,79
DIST,4,AN0,0323,-0.09,6.04,1.95,1.74,AN1,8A94,2.95,5.89,1.95,3.31,AN2,189B,0.00,0.00,1.95,3.88,AN3,C32D,2.95,0.00,1.95,4.86,POS,-0.04,4.12,1.48,69
DIST,4,AN0,0323,-0.09,6.04,1.95,1.73,AN1,8A94,2.95,5.89,1.95,3.31,AN2,189B,0.00,0.00,1.95,3.96,AN3,C32D,2.95,0.00,1.95,4.85,POS,-0.00,4.13,1.52,81
DIST,4,AN0,0323,-0.09,6.04,1.95,1.79,AN1,8A94,2.95,5.89,1.95,3.33,AN2,189B,0.00,0.00,1.95,3.93,AN3,C32D,2.95,0.00,1.95,4.94,POS,-0.02,4.12,1.51,76
DIST,4,AN0,0323,-0.09,6.04,1.95,1.85,AN1,8A94,2.95,5.89,1.95,3.39,AN2,189B,0.00,0.00,1.95,3.92,AN3,C32D,2.95,0.00,1.95,4.97,POS,-0.05,4.11,1.47,70
DIST,4,AN0,0323,-0.09,6.04,1.95,1.86,AN1,8A94,2.95,5.89,1.95,3.41,AN2,189B,0.00,0.00,1.95,3.91,AN3,C32D,2.95,0.00,1.95,4.85,POS,-0.05,4.10,1.44,74
DIST,4,AN0,0323,-0.09,6.04,1.95,1.89,AN1,8A94,2.95,5.89,1.95,3.46,AN2,189B,0.00,0.00,1.95,3.79,AN3,C32D,2.95,0.00,1.95,4.91,POS,-0.09,4.07,1.49,72
DIST,4,AN0,0323,-0.09,6.04,1.95,1.98,AN1,8A94,2.95,5.89,1.95,3.51,AN2,189B,0.00,0.00,1.95,3.72,AN3,C32D,2.95,0.00,1.95,4.97,POS,-0.10,4.02,1.51,73
DIST,4,AN0,0323,-0.09,6.04,1.95,2.10,AN1,189B,0.00,0.00,1.95,3.64,AN2,8A94,2.95,5.89,1.95,3.51,AN3,C32D,2.95,0.00,1.95,4.70,POS,-0.10,3.97,1.51,74
DIST,4,AN0,0323,-0.09,6.04,1.95,2.16,AN1,189B,0.00,0.00,1.95,3.61,AN2,8A94,2.95,5.89,1.95,3.60,AN3,C32D,2.95,0.00,1.95,4.74,POS,-0.11,3.92,1.46,68
DIST,4,AN0,0323,-0.09,6.04,1.95,2.29,AN1,189B,0.00,0.00,1.95,3.49,AN2,8A94,2.95,5.89,1.95,3.68,AN3,C32D,2.95,0.00,1.95,4.72,POS,-0.18,3.87,1.47,64
DIST,4,AN0,0323,-0.09,6.04,1.95,2.39,AN1,189B,0.00,0.00,1.95,3.46,AN2,8A94,2.95,5.89,1.95,3.76,AN3,C32D,2.95,0.00,1.95,4.71,POS,-0.22,3.83,1.42,65
DIST,4,AN0,0323,-0.09,6.04,1.95,2.47,AN1,189B,0.00,0.00,1.95,3.30,AN2,8A94,2.95,5.89,1.95,3.79,AN3,C32D,2.95,0.00,1.95,4.59,POS,-0.19,3.73,1.40,68
DIST,4,AN0,0323,-0.09,6.04,1.95,2.56,AN1,189B,0.00,0.00,1.95,3.26,AN2,8A94,2.95,5.89,1.95,3.85,AN3,C32D,2.95,0.00,1.95,4.57,POS,-0.17,3.64,1.36,65
DIST,4,AN0,0323,-0.09,6.04,1.95,2.69,AN1,189B,0.00,0.00,1.95,3.09,AN2,8A94,2.95,5.89,1.95,3.95,AN3,C32D,2.95,0.00,1.95,4.53,POS,-0.17,3.54,1.35,68
DIST,4,AN0,0323,-0.09,6.04,1.95,2.74,AN1,189B,0.00,0.00,1.95,3.05,AN2,8A94,2.95,5.89,1.95,3.96,AN3,C32D,2.95,0.00,1.95,4.22,POS,-0.15,3.43,1.40,70
DIST,4,AN0,0323,-0.09,6.04,1.95,2.84,AN1,189B,0.00,0.00,1.95,2.91,AN2,8A94,2.95,5.89,1.95,3.97,AN3,C32D,2.95,0.00,1.95,4.17,POS,-0.13,3.34,1.39,68
DIST,4,AN0,0323,-0.09,6.04,1.95,2.96,AN1,189B,0.00,0.00,1.95,2.82,AN2,8A94,2.95,5.89,1.95,4.10,AN3,C32D,2.95,0.00,1.95,4.04,POS,-0.11,3.23,1.46,69
DIST,4,AN0,0323,-0.09,6.04,1.95,3.16,AN1,189B,0.00,0.00,1.95,2.65,AN2,8A94,2.95,5.89,1.95,4.23,AN3,C32D,2.95,0.00,1.95,4.01,POS,-0.12,3.12,1.44,71
DIST,4,AN0,0323,-0.09,6.04,1.95,3.25,AN1,189B,0.00,0.00,1.95,2.67,AN2,8A94,2.95,5.89,1.95,4.32,AN3,C32D,2.95,0.00,1.95,4.02,POS,-0.12,3.02,1.46,69
DIST,4,AN0,0323,-0.09,6.04,1.95,3.24,AN1,189B,0.00,0.00,1.95,2.52,AN2,8A94,2.95,5.89,1.95,4.37,AN3,C32D,2.95,0.00,1.95,3.97,POS,-0.14,2.93,1.44,70
DIST,4,AN0,189B,0.00,0.00,1.95,2.57,AN1,0323,-0.09,6.04,1.95,3.27,AN2,C32D,2.95,0.00,1.95,3.94,AN3,8A94,2.95,5.89,1.95,4.37,POS,-0.15,2.85,1.40,70
DIST,4,AN0,189B,0.00,0.00,1.95,2.59,AN1,0323,-0.09,6.04,1.95,3.38,AN2,C32D,2.95,0.00,1.95,3.97,AN3,8A94,2.95,5.89,1.95,4.39,POS,-0.14,2.80,1.42,68
DIST,4,AN0,189B,0.00,0.00,1.95,2.53,AN1,0323,-0.09,6.04,1.95,3.34,AN2,C32D,2.95,0.00,1.95,3.93,AN3,8A94,2.95,5.89,1.95,4.44,POS,-0.14,2.75,1.47,68
DIST,4,AN0,189B,0.00,0.00,1.95,2.52,AN1,0323,-0.09,6.04,1.95,3.32,AN2,C32D,2.95,0.00,1.95,3.93,AN3,8A94,2.95,5.89,1.95,4.44,POS,-0.16,2.72,1.40,70
DIST,4,AN0,189B,0.00,0.00,1.95,2.49,AN1,0323,-0.09,6.04,1.95,3.32,AN2,C32D,2.95,0.00,1.95,3.94,AN3,8A94,2.95,5.89,1.95,4.51,POS,-0.21,2.66,1.36,72
DIST,4,AN0,189B,0.00,0.00,1.95,2.49,AN1,0323,-0.09,6.04,1.95,3.30,AN2,C32D,2.95,0.00,1.95,3.97,AN3,8A94,2.95,5.89,1.95,4.38,POS,-0.21,2.65,1.35,70
DIST,4,AN0,189B,0.00,0.00,1.95,2.52,AN1,0323,-0.09,6.04,1.95,3.31,AN2,C32D,2.95,0.00,1.95,3.99,AN3,8A94,2.95,5.89,1.95,4.42,POS,-0.21,2.64,1.32,71
DIST,4,AN0,189B,0.00,0.00,1.95,2.55,AN1,0323,-0.09,6.04,1.95,3.32,AN2,C32D,2.95,0.00,1.95,3.91,AN3,8A94,2.95,5.89,1.95,4.41,POS,-0.19,2.64,1.41,68
DIST,4,AN0,189B,0.00,0.00,1.95,2.54,AN1,0323,-0.09,6.04,1.95,3.32,AN2,C32D,2.95,0.00,1.95,3.95,AN3,8A94,2.95,5.89,1.95,4.42,POS,-0.18,2.64,1.48,68
DIST,4,AN0,189B,0.00,0.00,1.95,2.53,AN1,0323,-0.09,6.04,1.95,3.29,AN2,C32D,2.95,0.00,1.95,3.96,AN3,8A94,2.95,5.89,1.95,4.44,POS,-0.18,2.63,1.47,69
DIST,4,AN0,189B,0.00,0.00,1.95,2.53,AN1,0323,-0.09,6.04,1.95,3.28,AN2,C32D,2.95,0.00,1.95,3.94,AN3,8A94,2.95,5.89,1.95,4.34,POS,-0.18,2.63,1.43,70
DIST,4,AN0,189B,0.00,0.00,1.95,2.52,AN1,0323,-0.09,6.04,1.95,3.31,AN2,C32D,2.95,0.00,1.95,3.98,AN3,8A94,2.95,5.89,1.95,4.46,POS,-0.20,2.63,1.38,71
DIST,4,AN0,189B,0.00,0.00,1.95,2.52,AN1,0323,-0.09,6.04,1.95,3.32,AN2,C32D,2.95,0.00,1.95,3.93,AN3,8A94,2.95,5.89,1.95,4.42,POS,-0.20,2.62,1.36,70
DIST,4,AN0,189B,0.00,0.00,1.95,2.56,AN1,0323,-0.09,6.04,1.95,3.34,AN2,C32D,2.95,0.00,1.95,3.93,AN3,8A94,2.95,5.89,1.95,4.37,POS,-0.17,2.62,1.41,69
DIST,4,AN0,189B,0.00,0.00,1.95,2.52,AN1,0323,-0.09,6.04,1.95,3.30,AN2,C32D,2.95,0.00,1.95,3.93,AN3,8A94,2.95,5.89,1.95,4.36,POS,-0.16,2.62,1.37,69
DIST,4,AN0,189B,0.00,0.00,1.95,2.50,AN1,0323,-0.09,6.04,1.95,3.31,AN2,C32D,2.95,0.00,1.95,3.96,AN3,8A94,2.95,5.89,1.95,4.37,POS,-0.17,2.62,1.34,70
DIST,4,AN0,189B,0.00,0.00,1.95,2.52,AN1,0323,-0.09,6.04,1.95,3.31,AN2,C32D,2.95,0.00,1.95,3.98,AN3,8A94,2.95,5.89,1.95,4.32,POS,-0.14,2.62,1.30,68
DIST,4,AN0,189B,0.00,0.00,1.95,2.52,AN1,0323,-0.09,6.04,1.95,3.30,AN2,C32D,2.95,0.00,1.95,3.92,AN3,8A94,2.95,5.89,1.95,4.42,POS,-0.14,2.61,1.34,69
DIST,3,AN0,189B,0.00,0.00,1.95,2.50,AN1,0323,-0.09,6.04,1.95,3.29,AN2,8A94,2.95,5.89,1.95,4.34,POS,-0.14,2.61,1.33,90
DIST,4,AN0,189B,0.00,0.00,1.95,2.55,AN1,0323,-0.09,6.04,1.95,3.31,AN2,C32D,2.95,0.00,1.95,3.96,AN3,8A94,2.95,5.89,1.95,4.38,POS,-0.13,2.62,1.44,68
DIST,4,AN0,189B,0.00,0.00,1.95,2.54,AN1,0323,-0.09,6.04,1.95,3.32,AN2,C32D,2.95,0.00,1.95,4.00,AN3,8A94,2.95,5.89,1.95,4.40,POS,-0.14,2.62,1.51,69
DIST,4,AN0,189B,0.00,0.00,1.95,2.57,AN1,0323,-0.09,6.04,1.95,3.32,AN2,C32D,2.95,0.00,1.95,3.97,AN3,8A94,2.95,5.89,1.95,4.41,POS,-0.14,2.62,1.53,69
DIST,4,AN0,189B,0.00,0.00,1.95,2.54,AN1,0323,-0.09,6.04,1.95,3.29,AN2,C32D,2.95,0.00,1.95,3.97,AN3,8A94,2.95,5.89,1.95,4.39,POS,-0.16,2.63,1.45,70
DIST,4,AN0,189B,0.00,0.00,1.95,2.57,AN1,0323,-0.09,6.04,1.95,3.31,AN2,C32D,2.95,0.00,1.95,3.98,AN3,8A94,2.95,5.89,1.95,4.41,POS,-0.15,2.63,1.50,69
DIST,4,AN0,189B,0.00,0.00,1.95,2.55,AN1,0323,-0.09,6.04,1.95,3.28,AN2,C32D,2.95,0.00,1.95,3.95,AN3,8A94,2.95,5.89,1.95,4.41,POS,-0.17,2.63,1.42,71
DIST,4,AN0,189B,0.00,0.00,1.95,2.54,AN1,0323,-0.09,6.04,1.95,3.28,AN2,C32D,2.95,0.00,1.95,3.96,AN3,8A94,2.95,5.89,1.95,4.35,POS,-0.17,2.64,1.39,70
DIST,4,AN0,189B,0.00,0.00,1.95,2.53,AN1,0323,-0.09,6.04,1.95,3.32,AN2,C32D,2.95,0.00,1.95,3.94,AN3,8A94,2.95,5.89,1.95,4.48,POS,-0.15,2.64,1.49,69
DIST,4,AN0,189B,0.00,0.00,1.95,2.48,AN1,0323,-0.09,6.04,1.95,3.32,AN2,C32D,2.95,0.00,1.95,3.89,AN3,8A94,2.95,5.89,1.95,4.42,POS,-0.16,2.62,1.44,69
DIST,4,AN0,189B,0.00,0.00,1.95,2.52,AN1,0323,-0.09,6.04,1.95,3.33,AN2,C32D,2.95,0.00,1.95,3.85,AN3,8A94,2.95,5.89,1.95,4.53,POS,-0.22,2.57,1.53,71
DIST,4,AN0,189B,0.00,0.00,1.95,2.48,AN1,0323,-0.09,6.04,1.95,3.34,AN2,C32D,2.95,0.00,1.95,3.96,AN3,8A94,2.95,5.89,1.95,4.52,POS,-0.24,2.57,1.46,71
DIST,4,AN0,189B,0.00,0.00,1.95,2.47,AN1,0323,-0.09,6.04,1.95,3.38,AN2,C32D,2.95,0.00,1.95,3.80,AN3,8A94,2.95,5.89,1.95,4.44,POS,-0.18,2.57,1.54,73
DIST,4,AN0,189B,0.00,0.00,1.95,2.34,AN1,0323,-0.09,6.04,1.95,3.44,AN2,C32D,2.95,0.00,1.95,3.72,AN3,8A94,2.95,5.89,1.95,4.60,POS,-0.14,2.54,1.48,67
DIST,4,AN0,189B,0.00,0.00,1.95,2.30,AN1,0323,-0.09,6.04,1.95,3.54,AN2,C32D,2.95,0.00,1.95,3.74,AN3,8A94,2.95,5.89,1.95,4.75,POS,-0.25,2.45,1.48,72
DIST,4,AN0,189B,0.00,0.00,1.95,2.18,AN1,0323,-0.09,6.04,1.95,3.64,AN2,C32D,2.95,0.00,1.95,3.61,AN3,8A94,2.95,5.89,1.95,4.69,POS,-0.18,2.40,1.42,68
DIST,4,AN0,189B,0.00,0.00,1.95,2.09,AN1,0323,-0.09,6.04,1.95,3.73,AN2,C32D,2.95,0.00,1.95,3.54,AN3,8A94,2.95,5.89,1.95,4.80,POS,-0.24,2.29,1.40,67
DIST,4,AN0,189B,0.00,0.00,1.95,1.94,AN1,0323,-0.09,6.04,1.95,3.87,AN2,C32D,2.95,0.00,1.95,3.56,AN3,8A94,2.95,5.89,1.95,4.97,POS,-0.22,2.22,1.37,64
DIST,4,AN0,189B,0.00,0.00,1.95,1.80,AN1,0323,-0.09,6.04,1.95,3.99,AN2,C32D,2.95,0.00,1.95,3.43,AN3,8A94,2.95,5.89,1.95,5.00,POS,-0.17,2.14,1.36,69
DIST,4,AN0,189B,0.00,0.00,1.95,1.63,AN1,0323,-0.09,6.04,1.95,4.16,AN2,C32D,2.95,0.00,1.95,3.31,AN3,8A94,2.95,5.89,1.95,5.20,POS,-0.14,2.04,1.35,70
DIST,4,AN0,189B,0.00,0.00,1.95,1.55,AN1,0323,-0.09,6.04,1.95,4.28,AN2,C32D,2.95,0.00,1.95,3.36,AN3,8A94,2.95,5.89,1.95,5.28,POS,-0.23,1.88,1.36,66
DIST,4,AN0,189B,0.00,0.00,1.95,1.43,AN1,0323,-0.09,6.04,1.95,4.35,AN2,C32D,2.95,0.00,1.95,3.26,AN3,8A94,2.95,5.89,1.95,5.29,POS,-0.19,1.79,1.37,70
DIST,4,AN0,189B,0.00,0.00,1.95,1.33,AN1,0323,-0.09,6.04,1.95,4.50,AN2,C32D,2.95,0.00,1.95,3.24,AN3,8A94,2.95,5.89,1.95,5.44,POS,-0.26,1.64,1.40,65
DIST,4,AN0,189B,0.00,0.00,1.95,1.21,AN1,0323,-0.09,6.04,1.95,4.64,AN2,C32D,2.95,0.00,1.95,3.24,AN3,8A94,2.95,5.89,1.95,5.63,POS,-0.36,1.46,1.45,74
DIST,4,AN0,189B,0.00,0.00,1.95,1.11,AN1,0323,-0.09,6.04,1.95,4.67,AN2,C32D,2.95,0.00,1.95,3.14,AN3,8A94,2.95,5.89,1.95,5.64,POS,-0.30,1.40,1.44,67
DIST,4,AN0,189B,0.00,0.00,1.95,1.04,AN1,0323,-0.09,6.04,1.95,4.80,AN2,C32D,2.95,0.00,1.95,3.09,AN3,8A94,2.95,5.89,1.95,5.69,POS,-0.25,1.32,1.42,63
DIST,4,AN0,189B,0.00,0.00,1.95,1.08,AN1,0323,-0.09,6.04,1.95,4.83,AN2,C32D,2.95,0.00,1.95,3.15,AN3,8A94,2.95,5.89,1.95,5.71,POS,-0.20,1.27,1.47,77
DIST,4,AN0,189B,0.00,0.00,1.95,1.00,AN1,0323,-0.09,6.04,1.95,4.81,AN2,C32D,2.95,0.00,1.95,3.17,AN3,8A94,2.95,5.89,1.95,5.62,POS,-0.21,1.22,1.46,58
DIST,4,AN0,189B,0.00,0.00,1.95,0.97,AN1,0323,-0.09,6.04,1.95,4.96,AN2,C32D,2.95,0.00,1.95,3.01,AN3,8A94,2.95,5.89,1.95,5.62,POS,-0.15,1.16,1.48,78
DIST,4,AN0,189B,0.00,0.00,1.95,1.00,AN1,0323,-0.09,6.04,1.95,4.87,AN2,C32D,2.95,0.00,1.95,3.11,AN3,8A94,2.95,5.89,1.95,5.66,POS,-0.13,1.14,1.54,78
DIST,4,AN0,189B,0.00,0.00,1.95,1.00,AN1,0323,-0.09,6.04,1.95,5.03,AN2,C32D,2.95,0.00,1.95,3.13,AN3,8A94,2.95,5.89,1.95,5.53,POS,-0.13,1.13,1.53,66
DIST,4,AN0,189B,0.00,0.00,1.95,1.00,AN1,0323,-0.09,6.04,1.95,4.97,AN2,C32D,2.95,0.00,1.95,3.07,AN3,8A94,2.95,5.89,1.95,5.64,POS,-0.10,1.10,1.51,72
DIST,4,AN0,189B,0.00,0.00,1.95,0.99,AN1,0323,-0.09,6.04,1.95,4.85,AN2,C32D,2.95,0.00,1.95,3.08,AN3,8A94,2.95,5.89,1.95,5.68,POS,-0.09,1.09,1.61,83
DIST,4,AN0,189B,0.00,0.00,1.95,1.00,AN1,0323,-0.09,6.04,1.95,4.89,AN2,8A94,2.95,5.89,1.95,5.70,AN3,C32D,2.95,0.00,1.95,3.11,POS,-0.08,1.09,1.63,77
DIST,4,AN0,189B,0.00,0.00,1.95,0.97,AN1,0323,-0.09,6.04,1.95,4.88,AN2,8A94,2.95,5.89,1.95,5.70,AN3,C32D,2.95,0.00,1.95,3.10,POS,-0.08,1.08,1.67,80
DIST,4,AN0,189B,0.00,0.00,1.95,0.93,AN1,0323,-0.09,6.04,1.95,4.92,AN2,8A94,2.95,5.89,1.95,5.63,AN3,C32D,2.95,0.00,1.95,3.04,POS,-0.07,1.07,1.71,81
DIST,4,AN0,189B,0.00,0.00,1.95,0.97,AN1,0323,-0.09,6.04,1.95,4.89,AN2,8A94,2.95,5.89,1.95,5.66,AN3,C32D,2.95,0.00,1.95,3.07,POS,-0.06,1.06,1.72,81
DIST,4,AN0,189B,0.00,0.00,1.95,0.99,AN1,0323,-0.09,6.04,1.95,4.86,AN2,8A94,2.95,5.89,1.95,5.68,AN3,C32D,2.95,0.00,1.95,3.11,POS,-0.06,1.07,1.75,80
DIST,4,AN0,189B,0.00,0.00,1.95,1.01,AN1,0323,-0.09,6.04,1.95,4.89,AN2,8A94,2.95,5.89,1.95,5.67,AN3,C32D,2.95,0.00,1.95,3.18,POS,-0.08,1.07,1.72,71
DIST,4,AN0,189B,0.00,0.00,1.95,0.99,AN1,0323,-0.09,6.04,1.95,4.82,AN2,8A94,2.95,5.89,1.95,5.65,AN3,C32D,2.95,0.00,1.95,3.12,POS,-0.15,1.03,1.72,58
DIST,4,AN0,189B,0.00,0.00,1.95,0.99,AN1,0323,-0.09,6.04,1.95,4.85,AN2,C32D,2.95,0.00,1.95,3.15,AN3,8A94,2.95,5.89,1.95,5.72,POS,-0.15,1.03,1.64,60
DIST,4,AN0,189B,0.00,0.00,1.95,0.96,AN1,0323,-0.09,6.04,1.95,4.82,AN2,C32D,2.95,0.00,1.95,3.16,AN3,8A94,2.95,5.89,1.95,5.72,POS,-0.16,1.03,1.60,64
DIST,4,AN0,189B,0.00,0.00,1.95,0.94,AN1,0323,-0.09,6.04,1.95,4.84,AN2,C32D,2.95,0.00,1.95,3.14,AN3,8A94,2.95,5.89,1.95,5.72,POS,-0.16,1.03,1.57,64
DIST,4,AN0,189B,0.00,0.00,1.95,0.94,AN1,0323,-0.09,6.04,1.95,4.87,AN2,C32D,2.95,0.00,1.95,3.05,AN3,8A94,2.95,5.89,1.95,5.65,POS,-0.18,0.99,1.56,58
DIST,4,AN0,189B,0.00,0.00,1.95,0.98,AN1,0323,-0.09,6.04,1.95,4.95,AN2,C32D,2.95,0.00,1.95,3.18,AN3,8A94,2.95,5.89,1.95,5.59,POS,-0.18,1.01,1.54,64
DIST,4,AN0,189B,0.00,0.00,1.95,0.97,AN1,0323,-0.09,6.04,1.95,4.97,AN2,C32D,2.95,0.00,1.95,3.10,AN3,8A94,2.95,5.89,1.95,5.73,POS,-0.17,1.01,1.54,68
DIST,4,AN0,189B,0.00,0.00,1.95,0.98,AN1,0323,-0.09,6.04,1.95,4.89,AN2,C32D,2.95,0.00,1.95,3.14,AN3,8A94,2.95,5.89,1.95,5.70,POS,-0.15,1.02,1.59,75
DIST,4,AN0,189B,0.00,0.00,1.95,0.98,AN1,0323,-0.09,6.04,1.95,4.83,AN2,C32D,2.95,0.00,1.95,3.13,AN3,8A94,2.95,5.89,1.95,5.72,POS,-0.15,1.02,1.54,63
DIST,4,AN0,189B,0.00,0.00,1.95,1.00,AN1,0323,-0.09,6.04,1.95,4.86,AN2,C32D,2.95,0.00,1.95,3.13,AN3,8A94,2.95,5.89,1.95,5.80,POS,-0.13,1.04,1.60,78
DIST,4,AN0,189B,0.00,0.00,1.95,0.98,AN1,0323,-0.09,6.04,1.95,4.87,AN2,C32D,2.95,0.00,1.95,3.14,AN3,8A94,2.95,5.89,1.95,5.71,POS,-0.12,1.05,1.66,78
DIST,4,AN0,189B,0.00,0.00,1.95,0.94,AN1,0323,-0.09,6.04,1.95,4.85,AN2,C32D,2.95,0.00,1.95,3.11,AN3,8A94,2.95,5.89,1.95,5.77,POS,-0.13,1.04,1.61,63
DIST,4,AN0,189B,0.00,0.00,1.95,0.98,AN1,0323,-0.09,6.04,1.95,4.91,AN2,C32D,2.95,0.00,1.95,3.11,AN3,8A94,2.95,5.89,1.95,5.71,POS,-0.12,1.04,1.62,75
DIST,4,AN0,189B,0.00,0.00,1.95,1.00,AN1,0323,-0.09,6.04,1.95,4.86,AN2,C32D,2.95,0.00,1.95,3.18,AN3,8A94,2.95,5.89,1.95,5.84,POS,-0.12,1.05,1.67,75
DIST,4,AN0,189B,0.00,0.00,1.95,0.99,AN1,0323,-0.09,6.04,1.95,4.87,AN2,C32D,2.95,0.00,1.95,3.17,AN3,8A94,2.95,5.89,1.95,5.70,POS,-0.17,1.01,1.59,57
DIST,4,AN0,189B,0.00,0.00,1.95,0.98,AN1,0323,-0.09,6.04,1.95,4.83,AN2,C32D,2.95,0.00,1.95,3.15,AN3,8A94,2.95,5.89,1.95,5.77,POS,-0.29,0.94,1.62,77
DIST,4,AN0,189B,0.00,0.00,1.95,0.99,AN1,0323,-0.09,6.04,1.95,4.87,AN2,C32D,2.95,0.00,1.95,3.16,AN3,8A94,2.95,5.89,1.95,5.62,POS,-0.25,0.98,1.67,76
DIST,4,AN0,189B,0.00,0.00,1.95,0.99,AN1,0323,-0.09,6.04,1.95,4.77,AN2,C32D,2.95,0.00,1.95,3.11,AN3,8A94,2.95,5.89,1.95,5.73,POS,-0.22,1.00,1.62,66
DIST,4,AN0,189B,0.00,0.00,1.95,1.00,AN1,0323,-0.09,6.04,1.95,4.91,AN2,C32D,2.95,0.00,1.95,3.11,AN3,8A94,2.95,5.89,1.95,5.73,POS,-0.18,1.01,1.62,74
DIST,4,AN0,189B,0.00,0.00,1.95,0.96,AN1,0323,-0.09,6.04,1.95,4.87,AN2,C32D,2.95,0.00,1.95,3.10,AN3,8A94,2.95,5.89,1.95,5.73,POS,-0.16,1.01,1.56,63
DIST,4,AN0,189B,0.00,0.00,1.95,0.98,AN1,0323,-0.09,6.04,1.95,4.96,AN2,C32D,2.95,0.00,1.95,3.14,AN3,8A94,2.95,5.89,1.95,5.68,POS,-0.15,1.01,1.55,70
DIST,4,AN0,189B,0.00,0.00,1.95,0.98,AN1,0323,-0.09,6.04,1.95,4.86,AN2,C32D,2.95,0.00,1.95,3.11,AN3,8A94,2.95,5.89,1.95,5.77,POS,-0.25,0.93,1.57,74
DIST,4,AN0,189B,0.00,0.00,1.95,0.99,AN1,0323,-0.09,6.04,1.95,4.90,AN2,C32D,2.95,0.00,1.95,3.12,AN3,8A94,2.95,5.89,1.95,5.76,POS,-0.20,0.96,1.59,78
DIST,4,AN0,189B,0.00,0.00,1.95,0.98,AN1,0323,-0.09,6.04,1.95,4.86,AN2,C32D,2.95,0.00,1.95,3.12,AN3,8A94,2.95,5.89,1.95,5.79,POS,-0.17,0.99,1.66,79
DIST,4,AN0,189B,0.00,0.00,1.95,1.00,AN1,0323,-0.09,6.04,1.95,4.87,AN2,C32D,2.95,0.00,1.95,3.12,AN3,8A94,2.95,5.89,1.95,5.73,POS,-0.14,1.01,1.68,80
DIST,4,AN0,189B,0.00,0.00,1.95,0.99,AN1,0323,-0.09,6.04,1.95,4.83,AN2,C32D,2.95,0.00,1.95,3.13,AN3,8A94,2.95,5.89,1.95,5.72,POS,-0.14,1.02,1.61,63
DIST,4,AN0,189B,0.00,0.00,1.95,0.99,AN1,0323,-0.09,6.04,1.95,4.87,AN2,C32D,2.95,0.00,1.95,3.12,AN3,8A94,2.95,5.89,1.95,5.75,POS,-0.11,1.03,1.65,80
DIST,4,AN0,189B,0.00,0.00,1.95,0.97,AN1,0323,-0.09,6.04,1.95,4.84,AN2,C32D,2.95,0.00,1.95,3.11,AN3,8A94,2.95,5.89,1.95,5.70,POS,-0.12,1.03,1.59,64
DIST,4,AN0,189B,0.00,0.00,1.95,0.99,AN1,0323,-0.09,6.04,1.95,4.90,AN2,C32D,2.95,0.00,1.95,3.07,AN3,8A94,2.95,5.89,1.95,5.64,POS,-0.10,1.03,1.60,76
DIST,4,AN0,189B,0.00,0.00,1.95,0.97,AN1,0323,-0.09,6.04,1.95,4.92,AN2,C32D,2.95,0.00,1.95,3.11,AN3,8A94,2.95,5.89,1.95,5.69,POS,-0.11,1.03,1.62,73
DIST,4,AN0,189B,0.00,0.00,1.95,0.98,AN1,0323,-0.09,6.04,1.95,4.90,AN2,C32D,2.95,0.00,1.95,3.08,AN3,8A94,2.95,5.89,1.95,5.72,POS,-0.09,1.04,1.64,79
DIST,4,AN0,189B,0.00,0.00,1.95,0.94,AN1,0323,-0.09,6.04,1.95,4.99,AN2,C32D,2.95,0.00,1.95,3.15,AN3,8A94,2.95,5.89,1.95,5.72,POS,-0.10,1.02,1.62,69
DIST,4,AN0,189B,0.00,0.00,1.95,1.00,AN1,0323,-0.09,6.04,1.95,4.95,AN2,C32D,2.95,0.00,1.95,3.17,AN3,8A94,2.95,5.89,1.95,5.78,POS,-0.11,1.02,1.60,68
DIST,4,AN0,189B,0.00,0.00,1.95,0.98,AN1,0323,-0.09,6.04,1.95,4.92,AN2,C32D,2.95,0.00,1.95,3.14,AN3,8A94,2.95,5.89,1.95,5.73,POS,-0.11,1.02,1.60,73
DIST,4,AN0,189B,0.00,0.00,1.95,0.97,AN1,0323,-0.09,6.04,1.95,4.91,AN2,C32D,2.95,0.00,1.95,3.12,AN3,8A94,2.95,5.89,1.95,5.78,POS,-0.09,1.02,1.62,78
DIST,4,AN0,189B,0.00,0.00,1.95,0.98,AN1,0323,-0.09,6.04,1.95,4.86,AN2,C32D,2.95,0.00,1.95,3.12,AN3,8A94,2.95,5.89,1.95,5.75,POS,-0.11,1.02,1.56,60
DIST,4,AN0,189B,0.00,0.00,1.95,0.98,AN1,0323,-0.09,6.04,1.95,4.85,AN2,C32D,2.95,0.00,1.95,3.14,AN3,8A94,2.95,5.89,1.95,5.72,POS,-0.12,1.02,1.51,61
DIST,4,AN0,189B,0.00,0.00,1.95,0.98,AN1,0323,-0.09,6.04,1.95,4.83,AN2,C32D,2.95,0.00,1.95,3.13,AN3,8A94,2.95,5.89,1.95,5.72,POS,-0.12,1.03,1.49,64
