DIST,4,AN0,C32D,2.95,0.00,1.95,1.41,AN1,189B,0.00,0.00,1.95,1.49,AN2,8A94,2.95,5.89,1.95,5.49,AN3,0323,-0.09,6.04,1.95,5.51,POS,1.51,0.54,1.42,59
DIST,4,AN0,C32D,2.95,0.00,1.95,1.42,AN1,189B,0.00,0.00,1.95,1.59,AN2,8A94,2.95,5.89,1.95,5.48,AN3,0323,-0.09,6.04,1.95,5.52,POS,1.53,0.55,1.40,50
DIST,4,AN0,C32D,2.95,0.00,1.95,1.40,AN1,189B,0.00,0.00,1.95,1.58,AN2,8A94,2.95,5.89,1.95,5.57,AN3,0323,-0.09,6.04,1.95,5.57,POS,1.54,0.55,1.38,52
DIST,4,AN0,C32D,2.95,0.00,1.95,1.41,AN1,189B,0.00,0.00,1.95,1.60,AN2,8A94,2.95,5.89,1.95,5.52,AN3,0323,-0.09,6.04,1.95,5.57,POS,1.55,0.57,1.49,68
DIST,4,AN0,C32D,2.95,0.00,1.95,1.38,AN1,189B,0.00,0.00,1.95,1.64,AN2,8A94,2.95,5.89,1.95,5.58,AN3,0323,-0.09,6.04,1.95,5.52,POS,1.57,0.58,1.45,50
DIST,4,AN0,C32D,2.95,0.00,1.95,1.37,AN1,189B,0.00,0.00,1.95,1.57,AN2,8A94,2.95,5.89,1.95,5.58,AN3,0323,-0.09,6.04,1.95,5.57,POS,1.57,0.57,1.44,55
DIST,4,AN0,C32D,2.95,0.00,1.95,1.39,AN1,189B,0.00,0.00,1.95,1.62,AN2,8A94,2.95,5.89,1.95,5.57,AN3,0323,-0.09,6.04,1.95,5.54,POS,1.58,0.58,1.41,49
DIST,4,AN0,C32D,2.95,0.00,1.95,1.35,AN1,189B,0.00,0.00,1.95,1.60,AN2,8A94,2.95,5.89,1.95,5.54,AN3,0323,-0.09,6.04,1.95,5.63,POS,1.59,0.56,1.39,54
DIST,4,AN0,C32D,2.95,0.00,1.95,1.32,AN1,189B,0.00,0.00,1.95,1.62,AN2,8A94,2.95,5.89,1.95,5.62,AN3,0323,-0.09,6.04,1.95,5.63,POS,1.61,0.55,1.38,55
DIST,4,AN0,C32D,2.95,0.00,1.95,1.33,AN1,189B,0.00,0.00,1.95,1.62,AN2,8A94,2.95,5.89,1.95,5.54,AN3,0323,-0.09,6.04,1.95,5.49,POS,1.62,0.57,1.41,55
DIST,4,AN0,C32D,2.95,0.00,1.95,1.38,AN1,189B,0.00,0.00,1.95,1.61,AN2,8A94,2.95,5.89,1.95,5.48,AN3,0323,-0.09,6.04,1.95,5.52,POS,1.61,0.58,1.40,51
DIST,4,AN0,C32D,2.95,0.00,1.95,1.30,AN1,189B,0.00,0.00,1.95,1.62,AN2,8A94,2.95,5.89,1.95,5.47,AN3,0323,-0.09,6.04,1.95,5.55,POS,1.63,0.58,1.42,57
DIST,4,AN0,C32D,2.95,0.00,1.95,1.36,AN1,189B,0.00,0.00,1.95,1.61,AN2,8A94,2.95,5.89,1.95,5.55,AN3,0323,-0.09,6.04,1.95,5.58,POS,1.62,0.57,1.40,53
DIST,4,AN0,C32D,2.95,0.00,1.95,1.32,AN1,189B,0.00,0.00,1.95,1.61,AN2,8A94,2.95,5.89,1.95,5.45,AN3,0323,-0.09,6.04,1.95,5.49,POS,1.63,0.59,1.43,56
DIST,4,AN0,C32D,2.95,0.00,1.95,1.35,AN1,189B,0.00,0.00,1.95,1.61,AN2,8A94,2.95,5.89,1.95,5.43,AN3,0323,-0.09,6.04,1.95,5.59,POS,1.59,0.54,1.41,62
DIST,4,AN0,C32D,2.95,0.00,1.95,1.29,AN1,189B,0.00,0.00,1.95,1.61,AN2,8A94,2.95,5.89,1.95,5.56,AN3,0323,-0.09,6.04,1.95,5.55,POS,1.60,0.55,1.44,59
DIST,4,AN0,C32D,2.95,0.00,1.95,1.33,AN1,189B,0.00,0.00,1.95,1.64,AN2,8A94,2.95,5.89,1.95,5.50,AN3,0323,-0.09,6.04,1.95,5.56,POS,1.62,0.56,1.42,52
DIST,4,AN0,C32D,2.95,0.00,1.95,1.31,AN1,189B,0.00,0.00,1.95,1.66,AN2,8A94,2.95,5.89,1.95,5.51,AN3,0323,-0.09,6.04,1.95,5.56,POS,1.63,0.56,1.42,52
DIST,4,AN0,C32D,2.95,0.00,1.95,1.25,AN1,189B,0.00,0.00,1.95,1.65,AN2,8A94,2.95,5.89,1.95,5.49,AN3,0323,-0.09,6.04,1.95,5.51,POS,1.65,0.58,1.45,59
DIST,4,AN0,C32D,2.95,0.00,1.95,1.33,AN1,189B,0.00,0.00,1.95,1.69,AN2,8A94,2.95,5.89,1.95,5.52,AN3,0323,-0.09,6.04,1.95,5.52,POS,1.66,0.59,1.43,49
DIST,4,AN0,C32D,2.95,0.00,1.95,1.28,AN1,189B,0.00,0.00,1.95,1.68,AN2,8A94,2.95,5.89,1.95,5.51,AN3,0323,-0.09,6.04,1.95,5.44,POS,1.67,0.62,1.47,56
DIST,4,AN0,C32D,2.95,0.00,1.95,1.27,AN1,189B,0.00,0.00,1.95,1.72,AN2,8A94,2.95,5.89,1.95,5.49,AN3,0323,-0.09,6.04,1.95,5.54,POS,1.68,0.62,1.45,49
DIST,4,AN0,C32D,2.95,0.00,1.95,1.25,AN1,189B,0.00,0.00,1.95,1.75,AN2,8A94,2.95,5.89,1.95,5.48,AN3,0323,-0.09,6.04,1.95,5.54,POS,1.70,0.63,1.44,49
DIST,4,AN0,C32D,2.95,0.00,1.95,1.26,AN1,189B,0.00,0.00,1.95,1.69,AN2,8A94,2.95,5.89,1.95,5.43,AN3,0323,-0.09,6.04,1.95,5.54,POS,1.71,0.62,1.45,54
DIST,4,AN0,C32D,2.95,0.00,1.95,1.28,AN1,189B,0.00,0.00,1.95,1.75,AN2,8A94,2.95,5.89,1.95,5.49,AN3,0323,-0.09,6.04,1.95,5.57,POS,1.72,0.62,1.42,47
DIST,4,AN0,C32D,2.95,0.00,1.95,1.29,AN1,189B,0.00,0.00,1.95,1.71,AN2,8A94,2.95,5.89,1.95,5.52,AN3,0323,-0.09,6.04,1.95,5.47,POS,1.72,0.64,1.43,53
DIST,4,AN0,C32D,2.95,0.00,1.95,1.27,AN1,189B,0.00,0.00,1.95,1.74,AN2,8A94,2.95,5.89,1.95,5.51,AN3,0323,-0.09,6.04,1.95,5.45,POS,1.72,0.66,1.45,54
DIST,4,AN0,C32D,2.95,0.00,1.95,1.30,AN1,189B,0.00,0.00,1.95,1.74,AN2,8A94,2.95,5.89,1.95,5.52,AN3,0323,-0.09,6.04,1.95,5.46,POS,1.73,0.67,1.45,52
DIST,4,AN0,C32D,2.95,0.00,1.95,1.26,AN1,189B,0.00,0.00,1.95,1.68,AN2,8A94,2.95,5.89,1.95,5.46,AN3,0323,-0.09,6.04,1.95,5.51,POS,1.72,0.66,1.47,55
DIST,4,AN0,C32D,2.95,0.00,1.95,1.34,AN1,189B,0.00,0.00,1.95,1.65,AN2,8A94,2.95,5.89,1.95,5.47,AN3,0323,-0.09,6.04,1.95,5.59,POS,1.70,0.63,1.43,50
DIST,4,AN0,C32D,2.95,0.00,1.95,1.29,AN1,189B,0.00,0.00,1.95,1.67,AN2,8A94,2.95,5.89,1.95,5.49,AN3,0323,-0.09,6.04,1.95,5.50,POS,1.70,0.64,1.44,53
DIST,4,AN0,C32D,2.95,0.00,1.95,1.26,AN1,189B,0.00,0.00,1.95,1.67,AN2,8A94,2.95,5.89,1.95,5.53,AN3,0323,-0.09,6.04,1.95,5.53,POS,1.70,0.63,1.45,56
DIST,4,AN0,C32D,2.95,0.00,1.95,1.32,AN1,189B,0.00,0.00,1.95,1.68,AN2,8A94,2.95,5.89,1.95,5.45,AN3,0323,-0.09,6.04,1.95,5.51,POS,1.70,0.63,1.44,50
DIST,4,AN0,C32D,2.95,0.00,1.95,1.27,AN1,189B,0.00,0.00,1.95,1.70,AN2,8A94,2.95,5.89,1.95,5.52,AN3,0323,-0.09,6.04,1.95,5.58,POS,1.70,0.62,1.43,53
DIST,4,AN0,C32D,2.95,0.00,1.95,1.36,AN1,189B,0.00,0.00,1.95,1.66,AN2,8A94,2.95,5.89,1.95,5.57,AN3,0323,-0.09,6.04,1.95,5.49,POS,1.69,0.63,1.42,51
DIST,4,AN0,C32D,2.95,0.00,1.95,1.33,AN1,189B,0.00,0.00,1.95,1.65,AN2,8A94,2.95,5.89,1.95,5.53,AN3,0323,-0.09,6.04,1.95,5.46,POS,1.68,0.64,1.44,54
DIST,4,AN0,C32D,2.95,0.00,1.95,1.41,AN1,189B,0.00,0.00,1.95,1.60,AN2,8A94,2.95,5.89,1.95,5.48,AN3,0323,-0.09,6.04,1.95,5.56,POS,1.66,0.62,1.40,49
DIST,4,AN0,C32D,2.95,0.00,1.95,1.38,AN1,189B,0.00,0.00,1.95,1.59,AN2,8A94,2.95,5.89,1.95,5.55,AN3,0323,-0.09,6.04,1.95,5.56,POS,1.64,0.61,1.39,53
DIST,4,AN0,C32D,2.95,0.00,1.95,1.41,AN1,189B,0.00,0.00,1.95,1.55,AN2,8A94,2.95,5.89,1.95,5.46,AN3,0323,-0.09,6.04,1.95,5.57,POS,1.57,0.55,1.40,66
DIST,4,AN0,C32D,2.95,0.00,1.95,1.40,AN1,189B,0.00,0.00,1.95,1.55,AN2,8A94,2.95,5.89,1.95,5.50,AN3,0323,-0.09,6.04,1.95,5.56,POS,1.57,0.55,1.40,55
DIST,4,AN0,C32D,2.95,0.00,1.95,1.45,AN1,189B,0.00,0.00,1.95,1.53,AN2,8A94,2.95,5.89,1.95,5.52,AN3,0323,-0.09,6.04,1.95,5.47,POS,1.56,0.57,1.41,55
DIST,4,AN0,C32D,2.95,0.00,1.95,1.40,AN1,189B,0.00,0.00,1.95,1.57,AN2,8A94,2.95,5.89,1.95,5.54,AN3,0323,-0.09,6.04,1.95,5.48,POS,1.56,0.59,1.42,54
DIST,4,AN0,C32D,2.95,0.00,1.95,1.38,AN1,189B,0.00,0.00,1.95,1.56,AN2,8A94,2.95,5.89,1.95,5.49,AN3,0323,-0.09,6.04,1.95,5.47,POS,1.57,0.60,1.44,55
DIST,4,AN0,C32D,2.95,0.00,1.95,1.39,AN1,189B,0.00,0.00,1.95,1.55,AN2,8A94,2.95,5.89,1.95,5.52,AN3,0323,-0.09,6.04,1.95,5.46,POS,1.57,0.61,1.45,56
DIST,4,AN0,C32D,2.95,0.00,1.95,1.40,AN1,189B,0.00,0.00,1.95,1.56,AN2,8A94,2.95,5.89,1.95,5.51,AN3,0323,-0.09,6.04,1.95,5.42,POS,1.57,0.63,1.48,58
DIST,4,AN0,C32D,2.95,0.00,1.95,1.34,AN1,189B,0.00,0.00,1.95,1.56,AN2,8A94,2.95,5.89,1.95,5.56,AN3,0323,-0.09,6.04,1.95,5.57,POS,1.57,0.61,1.47,60
DIST,4,AN0,C32D,2.95,0.00,1.95,1.43,AN1,189B,0.00,0.00,1.95,1.54,AN2,8A94,2.95,5.89,1.95,5.48,AN3,0323,-0.09,6.04,1.95,5.43,POS,1.56,0.62,1.47,57
DIST,4,AN0,C32D,2.95,0.00,1.95,1.44,AN1,189B,0.00,0.00,1.95,1.54,AN2,8A94,2.95,5.89,1.95,5.52,AN3,0323,-0.09,6.04,1.95,5.46,POS,1.56,0.63,1.46,55
DIST,4,AN0,C32D,2.95,0.00,1.95,1.45,AN1,189B,0.00,0.00,1.95,1.52,AN2,8A94,2.95,5.89,1.95,5.51,AN3,0323,-0.09,6.04,1.95,5.48,POS,1.55,0.63,1.45,54
DIST,4,AN0,C32D,2.95,0.00,1.95,1.47,AN1,189B,0.00,0.00,1.95,1.44,AN2,8A94,2.95,5.89,1.95,5.49,AN3,0323,-0.09,6.04,1.95,5.48,POS,1.52,0.62,1.46,58
DIST,4,AN0,C32D,2.95,0.00,1.95,1.45,AN1,189B,0.00,0.00,1.95,1.46,AN2,8A94,2.95,5.89,1.95,5.42,AN3,0323,-0.09,6.04,1.95,5.42,POS,1.51,0.63,1.49,60
DIST,4,AN0,C32D,2.95,0.00,1.95,1.43,AN1,189B,0.00,0.00,1.95,1.46,AN2,8A94,2.95,5.89,1.95,5.47,AN3,0323,-0.09,6.04,1.95,5.38,POS,1.51,0.64,1.55,63
DIST,4,AN0,C32D,2.95,0.00,1.95,1.46,AN1,189B,0.00,0.00,1.95,1.45,AN2,8A94,2.95,5.89,1.95,5.42,AN3,0323,-0.09,6.04,1.95,5.34,POS,1.50,0.66,1.61,66
DIST,4,AN0,C32D,2.95,0.00,1.95,1.53,AN1,189B,0.00,0.00,1.95,1.52,AN2,8A94,2.95,5.89,1.95,5.33,AN3,0323,-0.09,6.04,1.95,5.34,POS,1.49,0.69,1.57,62
DIST,4,AN0,C32D,2.95,0.00,1.95,1.56,AN1,189B,0.00,0.00,1.95,1.55,AN2,8A94,2.95,5.89,1.95,5.31,AN3,0323,-0.09,6.04,1.95,5.30,POS,1.49,0.71,1.54,63
DIST,4,AN0,C32D,2.95,0.00,1.95,1.53,AN1,189B,0.00,0.00,1.95,1.56,AN2,8A94,2.95,5.89,1.95,5.33,AN3,0323,-0.09,6.04,1.95,5.27,POS,1.49,0.74,1.53,66
DIST,4,AN0,C32D,2.95,0.00,1.95,1.54,AN1,189B,0.00,0.00,1.95,1.60,AN2,8A94,2.95,5.89,1.95,5.24,AN3,0323,-0.09,6.04,1.95,5.28,POS,1.49,0.76,1.51,63
DIST,4,AN0,C32D,2.95,0.00,1.95,1.62,AN1,189B,0.00,0.00,1.95,1.63,AN2,8A94,2.95,5.89,1.95,5.24,AN3,0323,-0.09,6.04,1.95,5.28,POS,1.49,0.78,1.45,61
DIST,4,AN0,C32D,2.95,0.00,1.95,1.55,AN1,189B,0.00,0.00,1.95,1.66,AN2,8A94,2.95,5.89,1.95,5.21,AN3,0323,-0.09,6.04,1.95,5.22,POS,1.50,0.81,1.44,65
DIST,4,AN0,C32D,2.95,0.00,1.95,1.58,AN1,189B,0.00,0.00,1.95,1.67,AN2,8A94,2.95,5.89,1.95,5.15,AN3,0323,-0.09,6.04,1.95,5.04,POS,1.51,0.87,1.54,77
DIST,4,AN0,C32D,2.95,0.00,1.95,1.66,AN1,189B,0.00,0.00,1.95,1.62,AN2,8A94,2.95,5.89,1.95,5.08,AN3,0323,-0.09,6.04,1.95,4.98,POS,1.49,0.93,1.60,79
DIST,4,AN0,C32D,2.95,0.00,1.95,1.65,AN1,189B,0.00,0.00,1.95,1.68,AN2,8A94,2.95,5.89,1.95,5.03,AN3,0323,-0.09,6.04,1.95,4.93,POS,1.50,0.97,1.52,69
DIST,4,AN0,C32D,2.95,0.00,1.95,1.70,AN1,189B,0.00,0.00,1.95,1.63,AN2,8A94,2.95,5.89,1.95,5.09,AN3,0323,-0.09,6.04,1.95,4.93,POS,1.48,1.01,1.61,81
DIST,4,AN0,C32D,2.95,0.00,1.95,1.62,AN1,189B,0.00,0.00,1.95,1.62,AN2,8A94,2.95,5.89,1.95,5.07,AN3,0323,-0.09,6.04,1.95,5.03,POS,1.48,1.02,1.65,78
DIST,4,AN0,C32D,2.95,0.00,1.95,1.64,AN1,189B,0.00,0.00,1.95,1.62,AN2,8A94,2.95,5.89,1.95,5.20,AN3,0323,-0.09,6.04,1.95,5.04,POS,1.47,1.03,1.66,77
DIST,4,AN0,189B,0.00,0.00,1.95,1.66,AN1,C32D,2.95,0.00,1.95,1.59,AN2,8A94,2.95,5.89,1.95,5.15,AN3,0323,-0.09,6.04,1.95,5.03,POS,1.49,1.04,1.70,77
DIST,4,AN0,C32D,2.95,0.00,1.95,1.60,AN1,189B,0.00,0.00,1.95,1.63,AN2,8A94,2.95,5.89,1.95,5.10,AN3,0323,-0.09,6.04,1.95,5.05,POS,1.49,1.04,1.70,76
DIST,4,AN0,C32D,2.95,0.00,1.95,1.64,AN1,189B,0.00,0.00,1.95,1.63,AN2,8A94,2.95,5.89,1.95,5.18,AN3,0323,-0.09,6.04,1.95,4.99,POS,1.48,1.05,1.73,80
DIST,4,AN0,C32D,2.95,0.00,1.95,1.62,AN1,189B,0.00,0.00,1.95,1.62,AN2,8A94,2.95,5.89,1.95,5.11,AN3,0323,-0.09,6.04,1.95,5.05,POS,1.48,1.04,1.72,76
DIST,4,AN0,C32D,2.95,0.00,1.95,1.63,AN1,189B,0.00,0.00,1.95,1.63,AN2,8A94,2.95,5.89,1.95,5.09,AN3,0323,-0.09,6.04,1.95,5.02,POS,1.48,1.05,1.74,78
DIST,4,AN0,C32D,2.95,0.00,1.95,1.63,AN1,189B,0.00,0.00,1.95,1.62,AN2,8A94,2.95,5.89,1.95,5.09,AN3,0323,-0.09,6.04,1.95,5.04,POS,1.48,1.05,1.72,77
DIST,4,AN0,C32D,2.95,0.00,1.95,1.60,AN1,189B,0.00,0.00,1.95,1.64,AN2,8A94,2.95,5.89,1.95,5.16,AN3,0323,-0.09,6.04,1.95,4.97,POS,1.48,1.05,1.62,69
DIST,4,AN0,C32D,2.95,0.00,1.95,1.62,AN1,189B,0.00,0.00,1.95,1.60,AN2,8A94,2.95,5.89,1.95,5.12,AN3,0323,-0.09,6.04,1.95,4.96,POS,1.48,1.05,1.55,70
DIST,4,AN0,C32D,2.95,0.00,1.95,1.63,AN1,189B,0.00,0.00,1.95,1.63,AN2,8A94,2.95,5.89,1.95,5.16,AN3,0323,-0.09,6.04,1.95,4.99,POS,1.48,1.04,1.48,67
DIST,4,AN0,C32D,2.95,0.00,1.95,1.65,AN1,189B,0.00,0.00,1.95,1.68,AN2,8A94,2.95,5.89,1.95,5.12,AN3,0323,-0.09,6.04,1.95,5.06,POS,1.48,1.04,1.48,73
DIST,4,AN0,C32D,2.95,0.00,1.95,1.61,AN1,189B,0.00,0.00,1.95,1.72,AN2,8A94,2.95,5.89,1.95,5.16,AN3,0323,-0.09,6.04,1.95,5.02,POS,1.49,1.06,1.51,75
DIST,4,AN0,C32D,2.95,0.00,1.95,1.63,AN1,189B,0.00,0.00,1.95,1.69,AN2,8A94,2.95,5.89,1.95,5.08,AN3,0323,-0.09,6.04,1.95,5.07,POS,1.50,1.05,1.51,73
DIST,4,AN0,C32D,2.95,0.00,1.95,1.63,AN1,189B,0.00,0.00,1.95,1.65,AN2,8A94,2.95,5.89,1.95,5.08,AN3,0323,-0.09,6.04,1.95,5.01,POS,1.50,1.06,1.57,78
DIST,4,AN0,C32D,2.95,0.00,1.95,1.67,AN1,189B,0.00,0.00,1.95,1.64,AN2,8A94,2.95,5.89,1.95,5.09,AN3,0323,-0.09,6.04,1.95,5.00,POS,1.49,1.06,1.58,77
DIST,4,AN0,C32D,2.95,0.00,1.95,1.66,AN1,189B,0.00,0.00,1.95,1.64,AN2,8A94,2.95,5.89,1.95,5.10,AN3,0323,-0.09,6.04,1.95,4.98,POS,1.48,1.07,1.63,80
DIST,4,AN0,C32D,2.95,0.00,1.95,1.77,AN1,189B,0.00,0.00,1.95,1.62,AN2,8A94,2.95,5.89,1.95,4.97,AN3,0323,-0.09,6.04,1.95,4.88,POS,1.46,1.10,1.67,79
DIST,4,AN0,189B,0.00,0.00,1.95,1.73,AN1,C32D,2.95,0.00,1.95,1.72,AN2,8A94,2.95,5.89,1.95,4.76,AN3,0323,-0.09,6.04,1.95,4.81,POS,1.41,1.09,1.56,63
DIST,4,AN0,189B,0.00,0.00,1.95,1.72,AN1,C32D,2.95,0.00,1.95,1.80,AN2,8A94,2.95,5.89,1.95,4.78,AN3,0323,-0.09,6.04,1.95,4.79,POS,1.36,1.10,1.57,71
DIST,4,AN0,189B,0.00,0.00,1.95,1.75,AN1,C32D,2.95,0.00,1.95,1.77,AN2,8A94,2.95,5.89,1.95,4.82,AN3,0323,-0.09,6.04,1.95,4.82,POS,1.38,1.14,1.61,84
DIST,4,AN0,189B,0.00,0.00,1.95,1.75,AN1,C32D,2.95,0.00,1.95,1.81,AN2,8A94,2.95,5.89,1.95,4.78,AN3,0323,-0.09,6.04,1.95,4.71,POS,1.39,1.18,1.53,76
DIST,4,AN0,189B,0.00,0.00,1.95,1.73,AN1,C32D,2.95,0.00,1.95,1.85,AN2,8A94,2.95,5.89,1.95,4.80,AN3,0323,-0.09,6.04,1.95,4.73,POS,1.40,1.22,1.64,85
DIST,4,AN0,189B,0.00,0.00,1.95,1.81,AN1,C32D,2.95,0.00,1.95,1.92,AN2,8A94,2.95,5.89,1.95,4.64,AN3,0323,-0.09,6.04,1.95,4.64,POS,1.34,1.24,1.61,74
DIST,4,AN0,189B,0.00,0.00,1.95,1.92,AN1,C32D,2.95,0.00,1.95,1.98,AN2,8A94,2.95,5.89,1.95,4.59,AN3,0323,-0.09,6.04,1.95,4.67,POS,1.37,1.29,1.55,81
DIST,4,AN0,189B,0.00,0.00,1.95,1.93,AN1,C32D,2.95,0.00,1.95,1.95,AN2,8A94,2.95,5.89,1.95,4.56,AN3,0323,-0.09,6.04,1.95,4.57,POS,1.33,1.31,1.55,77
DIST,4,AN0,189B,0.00,0.00,1.95,1.97,AN1,C32D,2.95,0.00,1.95,2.00,AN2,8A94,2.95,5.89,1.95,4.54,AN3,0323,-0.09,6.04,1.95,4.55,POS,1.30,1.34,1.50,75
DIST,4,AN0,189B,0.00,0.00,1.95,1.99,AN1,C32D,2.95,0.00,1.95,2.05,AN2,8A94,2.95,5.89,1.95,4.56,AN3,0323,-0.09,6.04,1.95,4.51,POS,1.33,1.40,1.51,87
DIST,4,AN0,189B,0.00,0.00,1.95,1.99,AN1,C32D,2.95,0.00,1.95,1.95,AN2,8A94,2.95,5.89,1.95,4.52,AN3,0323,-0.09,6.04,1.95,4.51,POS,1.38,1.44,1.43,79
DIST,4,AN0,189B,0.00,0.00,1.95,2.02,AN1,C32D,2.95,0.00,1.95,1.96,AN2,8A94,2.95,5.89,1.95,4.60,AN3,0323,-0.09,6.04,1.95,4.49,POS,1.41,1.48,1.38,79
DIST,4,AN0,189B,0.00,0.00,1.95,2.03,AN1,C32D,2.95,0.00,1.95,1.94,AN2,8A94,2.95,5.89,1.95,4.53,AN3,0323,-0.09,6.04,1.95,4.52,POS,1.44,1.51,1.51,90
DIST,4,AN0,189B,0.00,0.00,1.95,1.99,AN1,C32D,2.95,0.00,1.95,1.94,AN2,8A94,2.95,5.89,1.95,4.54,AN3,0323,-0.09,6.04,1.95,4.51,POS,1.46,1.53,1.44,79
DIST,4,AN0,189B,0.00,0.00,1.95,1.99,AN1,C32D,2.95,0.00,1.95,1.96,AN2,8A94,2.95,5.89,1.95,4.55,AN3,0323,-0.09,6.04,1.95,4.51,POS,1.47,1.53,1.38,78
DIST,4,AN0,189B,0.00,0.00,1.95,1.99,AN1,C32D,2.95,0.00,1.95,1.95,AN2,8A94,2.95,5.89,1.95,4.47,AN3,0323,-0.09,6.04,1.95,4.56,POS,1.44,1.51,1.35,77
DIST,4,AN0,189B,0.00,0.00,1.95,1.99,AN1,C32D,2.95,0.00,1.95,1.97,AN2,8A94,2.95,5.89,1.95,4.50,AN3,0323,-0.09,6.04,1.95,4.53,POS,1.40,1.49,1.37,78
DIST,4,AN0,189B,0.00,0.00,1.95,2.00,AN1,C32D,2.95,0.00,1.95,1.93,AN2,8A94,2.95,5.89,1.95,4.53,AN3,0323,-0.09,6.04,1.95,4.51,POS,1.43,1.51,1.34,79
DIST,4,AN0,189B,0.00,0.00,1.95,2.05,AN1,C32D,2.95,0.00,1.95,2.12,AN2,8A94,2.95,5.89,1.95,4.42,AN3,0323,-0.09,6.04,1.95,4.51,POS,1.42,1.53,1.36,83
DIST,4,AN0,189B,0.00,0.00,1.95,2.09,AN1,C32D,2.95,0.00,1.95,1.99,AN2,8A94,2.95,5.89,1.95,4.37,AN3,0323,-0.09,6.04,1.95,4.46,POS,1.41,1.53,1.36,81
DIST,4,AN0,189B,0.00,0.00,1.95,2.06,AN1,C32D,2.95,0.00,1.95,2.07,AN2,8A94,2.95,5.89,1.95,4.44,AN3,0323,-0.09,6.04,1.95,4.45,POS,1.36,1.53,1.36,78
DIST,4,AN0,189B,0.00,0.00,1.95,2.06,AN1,C32D,2.95,0.00,1.95,2.08,AN2,8A94,2.95,5.89,1.95,4.40,AN3,0323,-0.09,6.04,1.95,4.46,POS,1.38,1.56,1.39,88
DIST,4,AN0,189B,0.00,0.00,1.95,2.10,AN1,C32D,2.95,0.00,1.95,2.07,AN2,8A94,2.95,5.89,1.95,4.42,AN3,0323,-0.09,6.04,1.95,4.37,POS,1.41,1.60,1.35,81
DIST,4,AN0,189B,0.00,0.00,1.95,2.10,AN1,C32D,2.95,0.00,1.95,2.04,AN2,8A94,2.95,5.89,1.95,4.37,AN3,0323,-0.09,6.04,1.95,4.41,POS,1.38,1.59,1.37,81
DIST,4,AN0,189B,0.00,0.00,1.95,2.10,AN1,C32D,2.95,0.00,1.95,2.13,AN2,8A94,2.95,5.89,1.95,4.41,AN3,0323,-0.09,6.04,1.95,4.40,POS,1.33,1.58,1.37,77
DIST,4,AN0,189B,0.00,0.00,1.95,2.13,AN1,C32D,2.95,0.00,1.95,2.21,AN2,8A94,2.95,5.89,1.95,4.34,AN3,0323,-0.09,6.04,1.95,4.40,POS,1.35,1.62,1.35,84
DIST,4,AN0,189B,0.00,0.00,1.95,2.18,AN1,C32D,2.95,0.00,1.95,2.21,AN2,8A94,2.95,5.89,1.95,4.37,AN3,0323,-0.09,6.04,1.95,4.29,POS,1.38,1.68,1.40,91
DIST,4,AN0,189B,0.00,0.00,1.95,2.13,AN1,C32D,2.95,0.00,1.95,2.22,AN2,8A94,2.95,5.89,1.95,4.34,AN3,0323,-0.09,6.04,1.95,4.24,POS,1.39,1.72,1.52,93
DIST,4,AN0,189B,0.00,0.00,1.95,2.19,AN1,C32D,2.95,0.00,1.95,2.25,AN2,8A94,2.95,5.89,1.95,4.30,AN3,0323,-0.09,6.04,1.95,4.17,POS,1.40,1.77,1.44,84
DIST,4,AN0,189B,0.00,0.00,1.95,2.25,AN1,C32D,2.95,0.00,1.95,2.24,AN2,8A94,2.95,5.89,1.95,4.16,AN3,0323,-0.09,6.04,1.95,4.26,POS,1.39,1.79,1.49,91
DIST,4,AN0,189B,0.00,0.00,1.95,2.25,AN1,C32D,2.95,0.00,1.95,2.27,AN2,8A94,2.95,5.89,1.95,4.19,AN3,0323,-0.09,6.04,1.95,4.16,POS,1.41,1.83,1.58,95
DIST,4,AN0,189B,0.00,0.00,1.95,2.29,AN1,C32D,2.95,0.00,1.95,2.31,AN2,8A94,2.95,5.89,1.95,4.18,AN3,0323,-0.09,6.04,1.95,4.17,POS,1.36,1.83,1.50,81
DIST,4,AN0,189B,0.00,0.00,1.95,2.28,AN1,C32D,2.95,0.00,1.95,2.31,AN2,8A94,2.95,5.89,1.95,4.14,AN3,0323,-0.09,6.04,1.95,4.13,POS,1.32,1.83,1.46,83
DIST,4,AN0,189B,0.00,0.00,1.95,2.34,AN1,C32D,2.95,0.00,1.95,2.32,AN2,8A94,2.95,5.89,1.95,4.21,AN3,0323,-0.09,6.04,1.95,4.13,POS,1.36,1.88,1.49,93
DIST,4,AN0,189B,0.00,0.00,1.95,2.28,AN1,C32D,2.95,0.00,1.95,2.37,AN2,8A94,2.95,5.89,1.95,4.14,AN3,0323,-0.09,6.04,1.95,4.12,POS,1.37,1.91,1.50,91
DIST,4,AN0,189B,0.00,0.00,1.95,2.30,AN1,C32D,2.95,0.00,1.95,2.33,AN2,8A94,2.95,5.89,1.95,4.16,AN3,0323,-0.09,6.04,1.95,4.19,POS,1.35,1.90,1.54,90
DIST,4,AN0,189B,0.00,0.00,1.95,2.28,AN1,C32D,2.95,0.00,1.95,2.33,AN2,8A94,2.95,5.89,1.95,4.13,AN3,0323,-0.09,6.04,1.95,4.15,POS,1.37,1.92,1.54,92
DIST,4,AN0,189B,0.00,0.00,1.95,2.35,AN1,C32D,2.95,0.00,1.95,2.31,AN2,8A94,2.95,5.89,1.95,4.14,AN3,0323,-0.09,6.04,1.95,4.10,POS,1.41,1.96,1.61,95
DIST,4,AN0,189B,0.00,0.00,1.95,2.28,AN1,C32D,2.95,0.00,1.95,2.24,AN2,8A94,2.95,5.89,1.95,4.14,AN3,0323,-0.09,6.04,1.95,4.10,POS,1.43,1.96,1.53,87
DIST,4,AN0,189B,0.00,0.00,1.95,2.37,AN1,C32D,2.95,0.00,1.95,2.33,AN2,8A94,2.95,5.89,1.95,4.12,AN3,0323,-0.09,6.04,1.95,4.12,POS,1.45,1.98,1.54,93
DIST,4,AN0,189B,0.00,0.00,1.95,2.33,AN1,C32D,2.95,0.00,1.95,2.37,AN2,8A94,2.95,5.89,1.95,4.17,AN3,0323,-0.09,6.04,1.95,4.08,POS,1.45,2.00,1.57,95
DIST,4,AN0,189B,0.00,0.00,1.95,2.26,AN1,C32D,2.95,0.00,1.95,2.32,AN2,8A94,2.95,5.89,1.95,4.09,AN3,0323,-0.09,6.04,1.95,4.09,POS,1.39,1.97,1.52,84
DIST,4,AN0,189B,0.00,0.00,1.95,2.30,AN1,C32D,2.95,0.00,1.95,2.37,AN2,8A94,2.95,5.89,1.95,4.15,AN3,0323,-0.09,6.04,1.95,4.07,POS,1.40,1.99,1.58,95
DIST,4,AN0,189B,0.00,0.00,1.95,2.32,AN1,C32D,2.95,0.00,1.95,2.44,AN2,8A94,2.95,5.89,1.95,4.10,AN3,0323,-0.09,6.04,1.95,4.00,POS,1.39,2.02,1.62,95
DIST,4,AN0,189B,0.00,0.00,1.95,2.34,AN1,C32D,2.95,0.00,1.95,2.42,AN2,8A94,2.95,5.89,1.95,4.13,AN3,0323,-0.09,6.04,1.95,4.05,POS,1.40,2.04,1.61,93
DIST,4,AN0,189B,0.00,0.00,1.95,2.30,AN1,C32D,2.95,0.00,1.95,2.52,AN2,8A94,2.95,5.89,1.95,4.07,AN3,0323,-0.09,6.04,1.95,4.07,POS,1.36,2.03,1.54,87
DIST,4,AN0,189B,0.00,0.00,1.95,2.28,AN1,C32D,2.95,0.00,1.95,2.39,AN2,8A94,2.95,5.89,1.95,4.13,AN3,0323,-0.09,6.04,1.95,4.07,POS,1.31,2.00,1.49,82
DIST,4,AN0,189B,0.00,0.00,1.95,2.29,AN1,C32D,2.95,0.00,1.95,2.52,AN2,8A94,2.95,5.89,1.95,4.14,AN3,0323,-0.09,6.04,1.95,4.03,POS,1.25,1.99,1.58,88
DIST,4,AN0,189B,0.00,0.00,1.95,2.25,AN1,C32D,2.95,0.00,1.95,2.40,AN2,8A94,2.95,5.89,1.95,4.07,AN3,0323,-0.09,6.04,1.95,3.89,POS,1.28,2.03,1.57,92
DIST,4,AN0,189B,0.00,0.00,1.95,2.29,AN1,C32D,2.95,0.00,1.95,2.45,AN2,8A94,2.95,5.89,1.95,4.07,AN3,0323,-0.09,6.04,1.95,3.99,POS,1.24,2.01,1.51,83
DIST,4,AN0,189B,0.00,0.00,1.95,2.33,AN1,C32D,2.95,0.00,1.95,2.41,AN2,8A94,2.95,5.89,1.95,4.12,AN3,0323,-0.09,6.04,1.95,3.99,POS,1.28,2.03,1.43,85
DIST,4,AN0,189B,0.00,0.00,1.95,2.36,AN1,C32D,2.95,0.00,1.95,2.50,AN2,8A94,2.95,5.89,1.95,4.03,AN3,0323,-0.09,6.04,1.95,4.01,POS,1.26,2.03,1.50,91
DIST,4,AN0,189B,0.00,0.00,1.95,2.37,AN1,C32D,2.95,0.00,1.95,2.41,AN2,8A94,2.95,5.89,1.95,4.09,AN3,0323,-0.09,6.04,1.95,4.04,POS,1.31,2.05,1.53,94
DIST,4,AN0,189B,0.00,0.00,1.95,2.34,AN1,C32D,2.95,0.00,1.95,2.35,AN2,8A94,2.95,5.89,1.95,4.08,AN3,0323,-0.09,6.04,1.95,4.00,POS,1.35,2.06,1.46,88
DIST,4,AN0,189B,0.00,0.00,1.95,2.33,AN1,C32D,2.95,0.00,1.95,2.42,AN2,8A94,2.95,5.89,1.95,4.07,AN3,0323,-0.09,6.04,1.95,4.06,POS,1.36,2.06,1.49,93
DIST,4,AN0,189B,0.00,0.00,1.95,2.34,AN1,C32D,2.95,0.00,1.95,2.39,AN2,8A94,2.95,5.89,1.95,4.07,AN3,0323,-0.09,6.04,1.95,4.04,POS,1.32,2.03,1.45,84
DIST,4,AN0,189B,0.00,0.00,1.95,2.33,AN1,C32D,2.95,0.00,1.95,2.37,AN2,8A94,2.95,5.89,1.95,4.08,AN3,0323,-0.09,6.04,1.95,4.05,POS,1.29,2.01,1.42,84
DIST,4,AN0,189B,0.00,0.00,1.95,2.31,AN1,C32D,2.95,0.00,1.95,2.38,AN2,8A94,2.95,5.89,1.95,4.08,AN3,0323,-0.09,6.04,1.95,3.99,POS,1.32,2.03,1.38,87
DIST,4,AN0,189B,0.00,0.00,1.95,2.29,AN1,C32D,2.95,0.00,1.95,2.34,AN2,8A94,2.95,5.89,1.95,4.12,AN3,0323,-0.09,6.04,1.95,4.02,POS,1.35,2.03,1.35,87
DIST,4,AN0,189B,0.00,0.00,1.95,2.27,AN1,C32D,2.95,0.00,1.95,2.34,AN2,8A94,2.95,5.89,1.95,4.13,AN3,0323,-0.09,6.04,1.95,4.08,POS,1.36,2.02,1.30,84
DIST,4,AN0,189B,0.00,0.00,1.95,2.36,AN1,C32D,2.95,0.00,1.95,2.40,AN2,8A94,2.95,5.89,1.95,4.11,AN3,0323,-0.09,6.04,1.95,4.12,POS,1.34,2.00,1.39,90
DIST,4,AN0,189B,0.00,0.00,1.95,2.36,AN1,C32D,2.95,0.00,1.95,2.39,AN2,8A94,2.95,5.89,1.95,4.20,AN3,0323,-0.09,6.04,1.95,4.07,POS,1.36,2.02,1.44,94
DIST,4,AN0,189B,0.00,0.00,1.95,2.36,AN1,C32D,2.95,0.00,1.95,2.34,AN2,8A94,2.95,5.89,1.95,4.13,AN3,0323,-0.09,6.04,1.95,4.14,POS,1.33,1.98,1.38,81
DIST,4,AN0,189B,0.00,0.00,1.95,2.42,AN1,C32D,2.95,0.00,1.95,2.42,AN2,8A94,2.95,5.89,1.95,4.10,AN3,0323,-0.09,6.04,1.95,4.02,POS,1.37,2.02,1.44,95
DIST,4,AN0,189B,0.00,0.00,1.95,2.44,AN1,C32D,2.95,0.00,1.95,2.49,AN2,8A94,2.95,5.89,1.95,4.03,AN3,0323,-0.09,6.04,1.95,3.93,POS,1.39,2.07,1.50,96
DIST,4,AN0,189B,0.00,0.00,1.95,2.48,AN1,C32D,2.95,0.00,1.95,2.54,AN2,8A94,2.95,5.89,1.95,3.99,AN3,0323,-0.09,6.04,1.95,3.94,POS,1.39,2.10,1.49,92
DIST,4,AN0,189B,0.00,0.00,1.95,2.54,AN1,C32D,2.95,0.00,1.95,2.54,AN2,8A94,2.95,5.89,1.95,3.99,AN3,0323,-0.09,6.04,1.95,3.93,POS,1.41,2.14,1.48,93
DIST,4,AN0,189B,0.00,0.00,1.95,2.55,AN1,C32D,2.95,0.00,1.95,2.60,AN2,8A94,2.95,5.89,1.95,3.91,AN3,0323,-0.09,6.04,1.95,3.83,POS,1.42,2.19,1.51,96
DIST,4,AN0,189B,0.00,0.00,1.95,2.53,AN1,C32D,2.95,0.00,1.95,2.55,AN2,8A94,2.95,5.89,1.95,3.93,AN3,0323,-0.09,6.04,1.95,3.88,POS,1.43,2.21,1.53,96
DIST,4,AN0,189B,0.00,0.00,1.95,2.53,AN1,C32D,2.95,0.00,1.95,2.55,AN2,8A94,2.95,5.89,1.95,3.91,AN3,0323,-0.09,6.04,1.95,3.89,POS,1.44,2.23,1.54,95
DIST,4,AN0,189B,0.00,0.00,1.95,2.54,AN1,C32D,2.95,0.00,1.95,2.56,AN2,8A94,2.95,5.89,1.95,3.93,AN3,0323,-0.09,6.04,1.95,3.80,POS,1.44,2.25,1.46,88
DIST,4,AN0,189B,0.00,0.00,1.95,2.55,AN1,C32D,2.95,0.00,1.95,2.54,AN2,8A94,2.95,5.89,1.95,3.87,AN3,0323,-0.09,6.04,1.95,3.78,POS,1.45,2.27,1.41,90
DIST,4,AN0,189B,0.00,0.00,1.95,2.61,AN1,C32D,2.95,0.00,1.95,2.61,AN2,8A94,2.95,5.89,1.95,3.90,AN3,0323,-0.09,6.04,1.95,3.85,POS,1.46,2.29,1.42,93
DIST,4,AN0,189B,0.00,0.00,1.95,2.63,AN1,C32D,2.95,0.00,1.95,2.68,AN2,8A94,2.95,5.89,1.95,3.76,AN3,0323,-0.09,6.04,1.95,3.73,POS,1.45,2.32,1.48,97
DIST,4,AN0,189B,0.00,0.00,1.95,2.72,AN1,C32D,2.95,0.00,1.95,2.71,AN2,8A94,2.95,5.89,1.95,3.67,AN3,0323,-0.09,6.04,1.95,3.78,POS,1.45,2.34,1.45,92
DIST,4,AN0,189B,0.00,0.00,1.95,2.74,AN1,C32D,2.95,0.00,1.95,2.85,AN2,8A94,2.95,5.89,1.95,3.61,AN3,0323,-0.09,6.04,1.95,3.69,POS,1.43,2.38,1.40,89
DIST,4,AN0,189B,0.00,0.00,1.95,2.81,AN1,C32D,2.95,0.00,1.95,2.84,AN2,8A94,2.95,5.89,1.95,3.60,AN3,0323,-0.09,6.04,1.95,3.56,POS,1.43,2.44,1.46,97
DIST,4,AN0,189B,0.00,0.00,1.95,2.85,AN1,C32D,2.95,0.00,1.95,2.82,AN2,8A94,2.95,5.89,1.95,3.54,AN3,0323,-0.09,6.04,1.95,3.55,POS,1.45,2.49,1.54,99
DIST,4,AN0,189B,0.00,0.00,1.95,2.85,AN1,C32D,2.95,0.00,1.95,2.85,AN2,8A94,2.95,5.89,1.95,3.55,AN3,0323,-0.09,6.04,1.95,3.55,POS,1.40,2.51,1.62,97
DIST,4,AN0,189B,0.00,0.00,1.95,2.79,AN1,C32D,2.95,0.00,1.95,2.84,AN2,8A94,2.95,5.89,1.95,3.60,AN3,0323,-0.09,6.04,1.95,3.58,POS,1.36,2.51,1.64,96
DIST,4,AN0,189B,0.00,0.00,1.95,2.78,AN1,C32D,2.95,0.00,1.95,2.82,AN2,8A94,2.95,5.89,1.95,3.60,AN3,0323,-0.09,6.04,1.95,3.63,POS,1.34,2.50,1.62,94
DIST,4,AN0,189B,0.00,0.00,1.95,2.76,AN1,C32D,2.95,0.00,1.95,2.78,AN2,8A94,2.95,5.89,1.95,3.62,AN3,0323,-0.09,6.04,1.95,3.71,POS,1.36,2.49,1.56,92
DIST,4,AN0,189B,0.00,0.00,1.95,2.76,AN1,C32D,2.95,0.00,1.95,2.81,AN2,8A94,2.95,5.89,1.95,3.59,AN3,0323,-0.09,6.04,1.95,3.58,POS,1.34,2.49,1.46,86
DIST,4,AN0,189B,0.00,0.00,1.95,2.80,AN1,C32D,2.95,0.00,1.95,2.84,AN2,8A94,2.95,5.89,1.95,3.55,AN3,0323,-0.09,6.04,1.95,3.58,POS,1.33,2.50,1.51,96
DIST,4,AN0,189B,0.00,0.00,1.95,2.82,AN1,C32D,2.95,0.00,1.95,2.83,AN2,8A94,2.95,5.89,1.95,3.60,AN3,0323,-0.09,6.04,1.95,3.54,POS,1.36,2.54,1.60,99
DIST,4,AN0,189B,0.00,0.00,1.95,2.84,AN1,C32D,2.95,0.00,1.95,2.78,AN2,8A94,2.95,5.89,1.95,3.58,AN3,0323,-0.09,6.04,1.95,3.55,POS,1.32,2.52,1.53,90
DIST,4,AN0,189B,0.00,0.00,1.95,2.87,AN1,C32D,2.95,0.00,1.95,2.81,AN2,8A94,2.95,5.89,1.95,3.51,AN3,0323,-0.09,6.04,1.95,3.60,POS,1.34,2.53,1.57,97
DIST,4,AN0,189B,0.00,0.00,1.95,2.87,AN1,C32D,2.95,0.00,1.95,2.90,AN2,8A94,2.95,5.89,1.95,3.55,AN3,0323,-0.09,6.04,1.95,3.50,POS,1.36,2.57,1.58,97
DIST,4,AN0,189B,0.00,0.00,1.95,2.86,AN1,C32D,2.95,0.00,1.95,2.82,AN2,8A94,2.95,5.89,1.95,3.56,AN3,0323,-0.09,6.04,1.95,3.52,POS,1.32,2.55,1.51,89
DIST,4,AN0,189B,0.00,0.00,1.95,2.87,AN1,C32D,2.95,0.00,1.95,2.87,AN2,8A94,2.95,5.89,1.95,3.61,AN3,0323,-0.09,6.04,1.95,3.49,POS,1.27,2.54,1.46,88
DIST,4,AN0,189B,0.00,0.00,1.95,2.85,AN1,C32D,2.95,0.00,1.95,2.89,AN2,8A94,2.95,5.89,1.95,3.56,AN3,0323,-0.09,6.04,1.95,3.54,POS,1.27,2.54,1.51,96
DIST,4,AN0,189B,0.00,0.00,1.95,2.85,AN1,C32D,2.95,0.00,1.95,2.85,AN2,8A94,2.95,5.89,1.95,3.55,AN3,0323,-0.09,6.04,1.95,3.49,POS,1.25,2.54,1.46,89
DIST,4,AN0,189B,0.00,0.00,1.95,2.85,AN1,C32D,2.95,0.00,1.95,2.85,AN2,0323,-0.09,6.04,1.95,3.53,AN3,8A94,2.95,5.89,1.95,3.55,POS,1.31,2.57,1.52,98
DIST,4,AN0,189B,0.00,0.00,1.95,2.83,AN1,C32D,2.95,0.00,1.95,2.88,AN2,8A94,2.95,5.89,1.95,3.53,AN3,0323,-0.09,6.04,1.95,3.56,POS,1.30,2.57,1.53,95
DIST,4,AN0,189B,0.00,0.00,1.95,2.88,AN1,C32D,2.95,0.00,1.95,2.82,AN2,8A94,2.95,5.89,1.95,3.56,AN3,0323,-0.09,6.04,1.95,3.53,POS,1.28,2.55,1.46,88
DIST,4,AN0,189B,0.00,0.00,1.95,2.87,AN1,C32D,2.95,0.00,1.95,2.86,AN2,8A94,2.95,5.89,1.95,3.58,AN3,0323,-0.09,6.04,1.95,3.53,POS,1.26,2.55,1.39,87
DIST,4,AN0,189B,0.00,0.00,1.95,2.83,AN1,C32D,2.95,0.00,1.95,2.84,AN2,0323,-0.09,6.04,1.95,3.57,AN3,8A94,2.95,5.89,1.95,3.56,POS,1.26,2.54,1.48,96
DIST,4,AN0,189B,0.00,0.00,1.95,2.87,AN1,C32D,2.95,0.00,1.95,2.82,AN2,8A94,2.95,5.89,1.95,3.54,AN3,0323,-0.09,6.04,1.95,3.60,POS,1.28,2.54,1.51,96
DIST,4,AN0,189B,0.00,0.00,1.95,2.86,AN1,C32D,2.95,0.00,1.95,2.81,AN2,8A94,2.95,5.89,1.95,3.57,AN3,0323,-0.09,6.04,1.95,3.56,POS,1.27,2.53,1.44,88
DIST,4,AN0,189B,0.00,0.00,1.95,2.87,AN1,C32D,2.95,0.00,1.95,2.86,AN2,8A94,2.95,5.89,1.95,3.55,AN3,0323,-0.09,6.04,1.95,3.62,POS,1.29,2.53,1.43,93
DIST,4,AN0,189B,0.00,0.00,1.95,2.88,AN1,C32D,2.95,0.00,1.95,2.79,AN2,8A94,2.95,5.89,1.95,3.49,AN3,0323,-0.09,6.04,1.95,3.61,POS,1.32,2.54,1.50,98
DIST,4,AN0,189B,0.00,0.00,1.95,2.89,AN1,C32D,2.95,0.00,1.95,2.84,AN2,8A94,2.95,5.89,1.95,3.49,AN3,0323,-0.09,6.04,1.95,3.57,POS,1.33,2.54,1.54,97
DIST,4,AN0,189B,0.00,0.00,1.95,2.88,AN1,C32D,2.95,0.00,1.95,2.72,AN2,8A94,2.95,5.89,1.95,3.53,AN3,0323,-0.09,6.04,1.95,3.65,POS,1.41,2.56,1.60,97
DIST,4,AN0,189B,0.00,0.00,1.95,2.87,AN1,C32D,2.95,0.00,1.95,2.82,AN2,8A94,2.95,5.89,1.95,3.50,AN3,0323,-0.09,6.04,1.95,3.63,POS,1.42,2.56,1.56,94
DIST,4,AN0,189B,0.00,0.00,1.95,2.90,AN1,C32D,2.95,0.00,1.95,2.74,AN2,8A94,2.95,5.89,1.95,3.50,AN3,0323,-0.09,6.04,1.95,3.66,POS,1.43,2.55,1.57,97
DIST,4,AN0,189B,0.00,0.00,1.95,2.88,AN1,C32D,2.95,0.00,1.95,2.84,AN2,8A94,2.95,5.89,1.95,3.48,AN3,0323,-0.09,6.04,1.95,3.64,POS,1.45,2.56,1.51,92
DIST,4,AN0,189B,0.00,0.00,1.95,2.91,AN1,C32D,2.95,0.00,1.95,2.75,AN2,8A94,2.95,5.89,1.95,3.49,AN3,0323,-0.09,6.04,1.95,3.64,POS,1.44,2.55,1.58,98
DIST,4,AN0,189B,0.00,0.00,1.95,2.89,AN1,C32D,2.95,0.00,1.95,2.79,AN2,8A94,2.95,5.89,1.95,3.53,AN3,0323,-0.09,6.04,1.95,3.70,POS,1.46,2.54,1.51,92
DIST,4,AN0,189B,0.00,0.00,1.95,2.89,AN1,C32D,2.95,0.00,1.95,2.84,AN2,8A94,2.95,5.89,1.95,3.51,AN3,0323,-0.09,6.04,1.95,3.68,POS,1.47,2.55,1.45,90
DIST,4,AN0,189B,0.00,0.00,1.95,2.89,AN1,C32D,2.95,0.00,1.95,2.73,AN2,8A94,2.95,5.89,1.95,3.51,AN3,0323,-0.09,6.04,1.95,3.72,POS,1.50,2.54,1.45,93
DIST,4,AN0,C32D,2.95,0.00,1.95,2.82,AN1,189B,0.00,0.00,1.95,2.85,AN2,8A94,2.95,5.89,1.95,3.47,AN3,0323,-0.09,6.04,1.95,3.66,POS,1.50,2.55,1.41,92
DIST,4,AN0,C32D,2.95,0.00,1.95,2.80,AN1,189B,0.00,0.00,1.95,2.90,AN2,8A94,2.95,5.89,1.95,3.51,AN3,0323,-0.09,6.04,1.95,3.68,POS,1.51,2.54,1.40,92
DIST,4,AN0,C32D,2.95,0.00,1.95,2.83,AN1,189B,0.00,0.00,1.95,2.88,AN2,8A94,2.95,5.89,1.95,3.54,AN3,0323,-0.09,6.04,1.95,3.69,POS,1.50,2.54,1.37,90
DIST,4,AN0,C32D,2.95,0.00,1.95,2.83,AN1,189B,0.00,0.00,1.95,2.89,AN2,8A94,2.95,5.89,1.95,3.55,AN3,0323,-0.09,6.04,1.95,3.67,POS,1.50,2.54,1.35,91
DIST,4,AN0,C32D,2.95,0.00,1.95,2.85,AN1,189B,0.00,0.00,1.95,2.89,AN2,8A94,2.95,5.89,1.95,3.46,AN3,0323,-0.09,6.04,1.95,3.68,POS,1.50,2.55,1.33,90
DIST,4,AN0,C32D,2.95,0.00,1.95,2.81,AN1,189B,0.00,0.00,1.95,2.87,AN2,8A94,2.95,5.89,1.95,3.49,AN3,0323,-0.09,6.04,1.95,3.64,POS,1.50,2.55,1.36,94
DIST,4,AN0,C32D,2.95,0.00,1.95,2.85,AN1,189B,0.00,0.00,1.95,2.88,AN2,8A94,2.95,5.89,1.95,3.49,AN3,0323,-0.09,6.04,1.95,3.61,POS,1.49,2.56,1.37,94
DIST,3,AN0,C32D,2.95,0.00,1.95,2.82,AN1,8A94,2.95,5.89,1.95,3.50,AN2,0323,-0.09,6.04,1.95,3.65,POS,1.48,2.56,1.38,93
DIST,4,AN0,C32D,2.95,0.00,1.95,2.85,AN1,189B,0.00,0.00,1.95,2.90,AN2,8A94,2.95,5.89,1.95,3.53,AN3,0323,-0.09,6.04,1.95,3.65,POS,1.48,2.56,1.36,91
DIST,4,AN0,C32D,2.95,0.00,1.95,2.86,AN1,189B,0.00,0.00,1.95,2.85,AN2,8A94,2.95,5.89,1.95,3.53,AN3,0323,-0.09,6.04,1.95,3.69,POS,1.47,2.56,1.32,89
DIST,4,AN0,189B,0.00,0.00,1.95,2.88,AN1,C32D,2.95,0.00,1.95,2.86,AN2,8A94,2.95,5.89,1.95,3.52,AN3,0323,-0.09,6.04,1.95,3.73,POS,1.48,2.56,1.41,97
DIST,4,AN0,C32D,2.95,0.00,1.95,2.92,AN1,189B,0.00,0.00,1.95,2.86,AN2,8A94,2.95,5.89,1.95,3.52,AN3,0323,-0.09,6.04,1.95,3.55,POS,1.45,2.57,1.41,93
DIST,4,AN0,189B,0.00,0.00,1.95,2.92,AN1,C32D,2.95,0.00,1.95,2.89,AN2,8A94,2.95,5.89,1.95,3.48,AN3,0323,-0.09,6.04,1.95,3.51,POS,1.41,2.58,1.50,97
DIST,4,AN0,189B,0.00,0.00,1.95,2.97,AN1,C32D,2.95,0.00,1.95,3.04,AN2,8A94,2.95,5.89,1.95,3.42,AN3,0323,-0.09,6.04,1.95,3.47,POS,1.40,2.61,1.45,92
DIST,4,AN0,189B,0.00,0.00,1.95,3.07,AN1,C32D,2.95,0.00,1.95,3.16,AN2,8A94,2.95,5.89,1.95,3.32,AN3,0323,-0.09,6.04,1.95,3.36,POS,1.39,2.67,1.40,91
DIST,4,AN0,189B,0.00,0.00,1.95,3.18,AN1,C32D,2.95,0.00,1.95,3.19,AN2,8A94,2.95,5.89,1.95,3.24,AN3,0323,-0.09,6.04,1.95,3.29,POS,1.39,2.73,1.38,92
DIST,4,AN0,189B,0.00,0.00,1.95,3.17,AN1,C32D,2.95,0.00,1.95,3.24,AN2,8A94,2.95,5.89,1.95,3.16,AN3,0323,-0.09,6.04,1.95,3.26,POS,1.39,2.80,1.35,92
DIST,4,AN0,189B,0.00,0.00,1.95,3.22,AN1,C32D,2.95,0.00,1.95,3.19,AN2,8A94,2.95,5.89,1.95,3.13,AN3,0323,-0.09,6.04,1.95,3.31,POS,1.42,2.85,1.33,91
DIST,4,AN0,189B,0.00,0.00,1.95,3.22,AN1,C32D,2.95,0.00,1.95,3.17,AN2,8A94,2.95,5.89,1.95,3.21,AN3,0323,-0.09,6.04,1.95,3.36,POS,1.44,2.88,1.30,89
DIST,4,AN0,189B,0.00,0.00,1.95,3.20,AN1,C32D,2.95,0.00,1.95,3.20,AN2,8A94,2.95,5.89,1.95,3.17,AN3,0323,-0.09,6.04,1.95,3.29,POS,1.44,2.91,1.30,92
DIST,4,AN0,189B,0.00,0.00,1.95,3.16,AN1,C32D,2.95,0.00,1.95,3.21,AN2,8A94,2.95,5.89,1.95,3.19,AN3,0323,-0.09,6.04,1.95,3.25,POS,1.43,2.92,1.32,94
DIST,4,AN0,189B,0.00,0.00,1.95,3.20,AN1,C32D,2.95,0.00,1.95,3.17,AN2,8A94,2.95,5.89,1.95,3.18,AN3,0323,-0.09,6.04,1.95,3.19,POS,1.40,2.92,1.27,87
DIST,4,AN0,189B,0.00,0.00,1.95,3.25,AN1,C32D,2.95,0.00,1.95,3.23,AN2,8A94,2.95,5.89,1.95,3.17,AN3,0323,-0.09,6.04,1.95,3.22,POS,1.42,2.96,1.30,94
DIST,4,AN0,189B,0.00,0.00,1.95,3.29,AN1,8A94,2.95,5.89,1.95,3.14,AN2,C32D,2.95,0.00,1.95,3.21,AN3,0323,-0.09,6.04,1.95,3.20,POS,1.46,2.99,1.37,97
DIST,4,AN0,8A94,2.95,5.89,1.95,3.14,AN1,189B,0.00,0.00,1.95,3.26,AN2,C32D,2.95,0.00,1.95,3.25,AN3,0323,-0.09,6.04,1.95,3.26,POS,1.46,3.00,1.34,91
DIST,4,AN0,8A94,2.95,5.89,1.95,3.11,AN1,189B,0.00,0.00,1.95,3.26,AN2,C32D,2.95,0.00,1.95,3.25,AN3,0323,-0.09,6.04,1.95,3.24,POS,1.46,3.02,1.33,92
DIST,4,AN0,8A94,2.95,5.89,1.95,3.14,AN1,189B,0.00,0.00,1.95,3.28,AN2,C32D,2.95,0.00,1.95,3.19,AN3,0323,-0.09,6.04,1.95,3.26,POS,1.49,3.03,1.35,94
DIST,4,AN0,8A94,2.95,5.89,1.95,3.10,AN1,C32D,2.95,0.00,1.95,3.22,AN2,189B,0.00,0.00,1.95,3.26,AN3,0323,-0.09,6.04,1.95,3.26,POS,1.49,3.03,1.35,93
DIST,4,AN0,8A94,2.95,5.89,1.95,3.07,AN1,C32D,2.95,0.00,1.95,3.15,AN2,189B,0.00,0.00,1.95,3.26,AN3,0323,-0.09,6.04,1.95,3.25,POS,1.50,3.04,1.42,98
DIST,4,AN0,8A94,2.95,5.89,1.95,3.13,AN1,C32D,2.95,0.00,1.95,3.15,AN2,189B,0.00,0.00,1.95,3.33,AN3,0323,-0.09,6.04,1.95,3.26,POS,1.48,3.02,1.45,97
DIST,4,AN0,8A94,2.95,5.89,1.95,3.12,AN1,C32D,2.95,0.00,1.95,3.20,AN2,189B,0.00,0.00,1.95,3.31,AN3,0323,-0.09,6.04,1.95,3.29,POS,1.50,3.03,1.41,92
DIST,4,AN0,8A94,2.95,5.89,1.95,3.14,AN1,C32D,2.95,0.00,1.95,3.16,AN2,189B,0.00,0.00,1.95,3.29,AN3,0323,-0.09,6.04,1.95,3.29,POS,1.53,3.03,1.41,94
DIST,4,AN0,8A94,2.95,5.89,1.95,3.14,AN1,C32D,2.95,0.00,1.95,3.21,AN2,189B,0.00,0.00,1.95,3.27,AN3,0323,-0.09,6.04,1.95,3.29,POS,1.52,3.03,1.38,92
DIST,4,AN0,8A94,2.95,5.89,1.95,3.10,AN1,C32D,2.95,0.00,1.95,3.20,AN2,189B,0.00,0.00,1.95,3.24,AN3,0323,-0.09,6.04,1.95,3.36,POS,1.53,3.02,1.35,91
DIST,4,AN0,8A94,2.95,5.89,1.95,3.10,AN1,C32D,2.95,0.00,1.95,3.19,AN2,189B,0.00,0.00,1.95,3.30,AN3,0323,-0.09,6.04,1.95,3.20,POS,1.55,3.04,1.42,97
DIST,4,AN0,8A94,2.95,5.89,1.95,3.12,AN1,C32D,2.95,0.00,1.95,3.19,AN2,189B,0.00,0.00,1.95,3.29,AN3,0323,-0.09,6.04,1.95,3.24,POS,1.56,3.05,1.44,95
DIST,4,AN0,8A94,2.95,5.89,1.95,3.07,AN1,C32D,2.95,0.00,1.95,3.26,AN2,0323,-0.09,6.04,1.95,3.24,AN3,189B,0.00,0.00,1.95,3.30,POS,1.54,3.06,1.40,92
DIST,4,AN0,8A94,2.95,5.89,1.95,3.09,AN1,C32D,2.95,0.00,1.95,3.26,AN2,0323,-0.09,6.04,1.95,3.25,AN3,189B,0.00,0.00,1.95,3.31,POS,1.53,3.06,1.36,91
DIST,4,AN0,8A94,2.95,5.89,1.95,3.02,AN1,C32D,2.95,0.00,1.95,3.25,AN2,0323,-0.09,6.04,1.95,3.20,AN3,189B,0.00,0.00,1.95,3.34,POS,1.53,3.08,1.38,94
DIST,4,AN0,8A94,2.95,5.89,1.95,3.06,AN1,0323,-0.09,6.04,1.95,3.24,AN2,C32D,2.95,0.00,1.95,3.22,AN3,189B,0.00,0.00,1.95,3.31,POS,1.53,3.08,1.38,94
DIST,4,AN0,8A94,2.95,5.89,1.95,3.10,AN1,0323,-0.09,6.04,1.95,3.34,AN2,C32D,2.95,0.00,1.95,3.19,AN3,189B,0.00,0.00,1.95,3.32,POS,1.55,3.07,1.34,90
DIST,4,AN0,8A94,2.95,5.89,1.95,3.05,AN1,C32D,2.95,0.00,1.95,3.24,AN2,0323,-0.09,6.04,1.95,3.29,AN3,189B,0.00,0.00,1.95,3.33,POS,1.55,3.07,1.30,90
DIST,4,AN0,8A94,2.95,5.89,1.95,3.01,AN1,C32D,2.95,0.00,1.95,3.25,AN2,0323,-0.09,6.04,1.95,3.19,AN3,189B,0.00,0.00,1.95,3.34,POS,1.55,3.08,1.35,95
DIST,4,AN0,8A94,2.95,5.89,1.95,3.01,AN1,0323,-0.09,6.04,1.95,3.12,AN2,C32D,2.95,0.00,1.95,3.30,AN3,189B,0.00,0.00,1.95,3.36,POS,1.55,3.11,1.39,96
DIST,4,AN0,8A94,2.95,5.89,1.95,2.98,AN1,0323,-0.09,6.04,1.95,3.13,AN2,C32D,2.95,0.00,1.95,3.38,AN3,189B,0.00,0.00,1.95,3.39,POS,1.53,3.13,1.35,91
DIST,4,AN0,8A94,2.95,5.89,1.95,3.02,AN1,0323,-0.09,6.04,1.95,3.13,AN2,C32D,2.95,0.00,1.95,3.33,AN3,189B,0.00,0.00,1.95,3.40,POS,1.54,3.15,1.37,94
DIST,4,AN0,8A94,2.95,5.89,1.95,2.98,AN1,0323,-0.09,6.04,1.95,3.08,AN2,C32D,2.95,0.00,1.95,3.34,AN3,189B,0.00,0.00,1.95,3.41,POS,1.54,3.17,1.41,96
DIST,4,AN0,8A94,2.95,5.89,1.95,3.01,AN1,0323,-0.09,6.04,1.95,3.08,AN2,C32D,2.95,0.00,1.95,3.33,AN3,189B,0.00,0.00,1.95,3.38,POS,1.54,3.18,1.45,96
DIST,4,AN0,8A94,2.95,5.89,1.95,2.93,AN1,0323,-0.09,6.04,1.95,3.17,AN2,C32D,2.95,0.00,1.95,3.33,AN3,189B,0.00,0.00,1.95,3.39,POS,1.54,3.18,1.42,92
DIST,4,AN0,8A94,2.95,5.89,1.95,2.89,AN1,0323,-0.09,6.04,1.95,3.09,AN2,C32D,2.95,0.00,1.95,3.35,AN3,189B,0.00,0.00,1.95,3.45,POS,1.54,3.20,1.43,95
DIST,4,AN0,8A94,2.95,5.89,1.95,2.88,AN1,0323,-0.09,6.04,1.95,3.03,AN2,C32D,2.95,0.00,1.95,3.41,AN3,189B,0.00,0.00,1.95,3.46,POS,1.53,3.22,1.44,95
DIST,4,AN0,8A94,2.95,5.89,1.95,2.82,AN1,0323,-0.09,6.04,1.95,2.97,AN2,C32D,2.95,0.00,1.95,3.56,AN3,189B,0.00,0.00,1.95,3.55,POS,1.51,3.26,1.38,89
DIST,4,AN0,8A94,2.95,5.89,1.95,2.74,AN1,0323,-0.09,6.04,1.95,2.97,AN2,C32D,2.95,0.00,1.95,3.59,AN3,189B,0.00,0.00,1.95,3.62,POS,1.51,3.30,1.34,89
DIST,4,AN0,8A94,2.95,5.89,1.95,2.70,AN1,0323,-0.09,6.04,1.95,2.83,AN2,C32D,2.95,0.00,1.95,3.58,AN3,189B,0.00,0.00,1.95,3.65,POS,1.53,3.35,1.43,96
DIST,4,AN0,8A94,2.95,5.89,1.95,2.71,AN1,0323,-0.09,6.04,1.95,2.88,AN2,C32D,2.95,0.00,1.95,3.59,AN3,189B,0.00,0.00,1.95,3.64,POS,1.52,3.38,1.43,94
DIST,4,AN0,8A94,2.95,5.89,1.95,2.69,AN1,0323,-0.09,6.04,1.95,2.87,AN2,C32D,2.95,0.00,1.95,3.56,AN3,189B,0.00,0.00,1.95,3.69,POS,1.55,3.42,1.49,95
DIST,4,AN0,8A94,2.95,5.89,1.95,2.66,AN1,0323,-0.09,6.04,1.95,2.86,AN2,C32D,2.95,0.00,1.95,3.49,AN3,189B,0.00,0.00,1.95,3.60,POS,1.55,3.43,1.43,89
DIST,4,AN0,8A94,2.95,5.89,1.95,2.68,AN1,0323,-0.09,6.04,1.95,2.92,AN2,C32D,2.95,0.00,1.95,3.53,AN3,189B,0.00,0.00,1.95,3.63,POS,1.56,3.44,1.45,95
DIST,4,AN0,8A94,2.95,5.89,1.95,2.70,AN1,0323,-0.09,6.04,1.95,2.88,AN2,C32D,2.95,0.00,1.95,3.56,AN3,189B,0.00,0.00,1.95,3.61,POS,1.55,3.44,1.47,95
DIST,4,AN0,8A94,2.95,5.89,1.95,2.74,AN1,0323,-0.09,6.04,1.95,2.89,AN2,C32D,2.95,0.00,1.95,3.55,AN3,189B,0.00,0.00,1.95,3.62,POS,1.54,3.45,1.49,95
DIST,4,AN0,8A94,2.95,5.89,1.95,2.68,AN1,0323,-0.09,6.04,1.95,2.91,AN2,C32D,2.95,0.00,1.95,3.48,AN3,189B,0.00,0.00,1.95,3.62,POS,1.53,3.43,1.57,98
DIST,4,AN0,8A94,2.95,5.89,1.95,2.74,AN1,0323,-0.09,6.04,1.95,2.90,AN2,C32D,2.95,0.00,1.95,3.49,AN3,189B,0.00,0.00,1.95,3.67,POS,1.52,3.41,1.60,97
DIST,4,AN0,8A94,2.95,5.89,1.95,2.69,AN1,0323,-0.09,6.04,1.95,2.85,AN2,C32D,2.95,0.00,1.95,3.57,AN3,189B,0.00,0.00,1.95,3.64,POS,1.51,3.43,1.60,96
DIST,4,AN0,8A94,2.95,5.89,1.95,2.68,AN1,0323,-0.09,6.04,1.95,2.87,AN2,C32D,2.95,0.00,1.95,3.57,AN3,189B,0.00,0.00,1.95,3.67,POS,1.54,3.45,1.59,95
DIST,4,AN0,8A94,2.95,5.89,1.95,2.67,AN1,0323,-0.09,6.04,1.95,2.93,AN2,C32D,2.95,0.00,1.95,3.63,AN3,189B,0.00,0.00,1.95,3.67,POS,1.54,3.46,1.51,90
DIST,4,AN0,8A94,2.95,5.89,1.95,2.63,AN1,0323,-0.09,6.04,1.95,2.85,AN2,C32D,2.95,0.00,1.95,3.67,AN3,189B,0.00,0.00,1.95,3.73,POS,1.54,3.48,1.46,91
DIST,4,AN0,8A94,2.95,5.89,1.95,2.60,AN1,0323,-0.09,6.04,1.95,2.79,AN2,C32D,2.95,0.00,1.95,3.65,AN3,189B,0.00,0.00,1.95,3.75,POS,1.56,3.51,1.52,95
DIST,3,AN0,8A94,2.95,5.89,1.95,2.59,AN1,0323,-0.09,6.04,1.95,2.85,AN2,C32D,2.95,0.00,1.95,3.66,POS,1.56,3.52,1.47,91
DIST,4,AN0,8A94,2.95,5.89,1.95,2.54,AN1,0323,-0.09,6.04,1.95,2.77,AN2,C32D,2.95,0.00,1.95,3.62,AN3,189B,0.00,0.00,1.95,3.76,POS,1.59,3.55,1.41,87
DIST,4,AN0,8A94,2.95,5.89,1.95,2.52,AN1,0323,-0.09,6.04,1.95,2.81,AN2,C32D,2.95,0.00,1.95,3.77,AN3,189B,0.00,0.00,1.95,3.82,POS,1.58,3.58,1.38,89
DIST,4,AN0,8A94,2.95,5.89,1.95,2.53,AN1,0323,-0.09,6.04,1.95,2.81,AN2,C32D,2.95,0.00,1.95,3.76,AN3,189B,0.00,0.00,1.95,3.79,POS,1.57,3.59,1.37,90
DIST,4,AN0,8A94,2.95,5.89,1.95,2.55,AN1,0323,-0.09,6.04,1.95,2.78,AN2,C32D,2.95,0.00,1.95,3.69,AN3,189B,0.00,0.00,1.95,3.80,POS,1.59,3.60,1.42,93
DIST,4,AN0,8A94,2.95,5.89,1.95,2.54,AN1,0323,-0.09,6.04,1.95,2.80,AN2,C32D,2.95,0.00,1.95,3.72,AN3,189B,0.00,0.00,1.95,3.82,POS,1.59,3.61,1.41,91
DIST,4,AN0,8A94,2.95,5.89,1.95,2.60,AN1,0323,-0.09,6.04,1.95,2.86,AN2,C32D,2.95,0.00,1.95,3.76,AN3,189B,0.00,0.00,1.95,3.75,POS,1.57,3.61,1.38,90
DIST,4,AN0,8A94,2.95,5.89,1.95,2.58,AN1,0323,-0.09,6.04,1.95,2.82,AN2,C32D,2.95,0.00,1.95,3.72,AN3,189B,0.00,0.00,1.95,3.79,POS,1.56,3.61,1.35,89
DIST,4,AN0,8A94,2.95,5.89,1.95,2.63,AN1,0323,-0.09,6.04,1.95,2.81,AN2,C32D,2.95,0.00,1.95,3.67,AN3,189B,0.00,0.00,1.95,3.72,POS,1.55,3.60,1.37,93
DIST,4,AN0,8A94,2.95,5.89,1.95,2.67,AN1,0323,-0.09,6.04,1.95,2.79,AN2,C32D,2.95,0.00,1.95,3.59,AN3,189B,0.00,0.00,1.95,3.68,POS,1.56,3.59,1.32,87
DIST,4,AN0,8A94,2.95,5.89,1.95,2.65,AN1,0323,-0.09,6.04,1.95,2.87,AN2,C32D,2.95,0.00,1.95,3.58,AN3,189B,0.00,0.00,1.95,3.71,POS,1.58,3.58,1.38,94
DIST,4,AN0,8A94,2.95,5.89,1.95,2.68,AN1,0323,-0.09,6.04,1.95,2.79,AN2,C32D,2.95,0.00,1.95,3.54,AN3,189B,0.00,0.00,1.95,3.71,POS,1.54,3.54,1.34,89
DIST,4,AN0,8A94,2.95,5.89,1.95,2.66,AN1,0323,-0.09,6.04,1.95,2.89,AN2,C32D,2.95,0.00,1.95,3.54,AN3,189B,0.00,0.00,1.95,3.64,POS,1.55,3.53,1.42,96
DIST,4,AN0,8A94,2.95,5.89,1.95,2.68,AN1,0323,-0.09,6.04,1.95,2.87,AN2,C32D,2.95,0.00,1.95,3.58,AN3,189B,0.00,0.00,1.95,3.65,POS,1.54,3.52,1.43,94
DIST,4,AN0,8A94,2.95,5.89,1.95,2.73,AN1,0323,-0.09,6.04,1.95,2.89,AN2,C32D,2.95,0.00,1.95,3.61,AN3,189B,0.00,0.00,1.95,3.64,POS,1.53,3.51,1.40,91
DIST,4,AN0,8A94,2.95,5.89,1.95,2.74,AN1,0323,-0.09,6.04,1.95,2.88,AN2,C32D,2.95,0.00,1.95,3.60,AN3,189B,0.00,0.00,1.95,3.64,POS,1.52,3.50,1.40,93
DIST,4,AN0,8A94,2.95,5.89,1.95,2.74,AN1,0323,-0.09,6.04,1.95,2.95,AN2,C32D,2.95,0.00,1.95,3.58,AN3,189B,0.00,0.00,1.95,3.67,POS,1.53,3.49,1.37,90
DIST,4,AN0,8A94,2.95,5.89,1.95,2.78,AN1,0323,-0.09,6.04,1.95,2.90,AN2,C32D,2.95,0.00,1.95,3.54,AN3,189B,0.00,0.00,1.95,3.53,POS,1.51,3.47,1.40,95
DIST,4,AN0,8A94,2.95,5.89,1.95,2.73,AN1,0323,-0.09,6.04,1.95,2.82,AN2,C32D,2.95,0.00,1.95,3.61,AN3,189B,0.00,0.00,1.95,3.68,POS,1.52,3.48,1.45,95
DIST,4,AN0,8A94,2.95,5.89,1.95,2.70,AN1,0323,-0.09,6.04,1.95,2.87,AN2,C32D,2.95,0.00,1.95,3.59,AN3,189B,0.00,0.00,1.95,3.65,POS,1.52,3.49,1.46,94
DIST,4,AN0,8A94,2.95,5.89,1.95,2.71,AN1,0323,-0.09,6.04,1.95,2.85,AN2,C32D,2.95,0.00,1.95,3.57,AN3,189B,0.00,0.00,1.95,3.65,POS,1.53,3.49,1.50,96
DIST,4,AN0,8A94,2.95,5.89,1.95,2.75,AN1,0323,-0.09,6.04,1.95,2.94,AN2,C32D,2.95,0.00,1.95,3.62,AN3,189B,0.00,0.00,1.95,3.69,POS,1.53,3.49,1.43,89
DIST,4,AN0,8A94,2.95,5.89,1.95,2.73,AN1,0323,-0.09,6.04,1.95,2.86,AN2,C32D,2.95,0.00,1.95,3.59,AN3,189B,0.00,0.00,1.95,3.62,POS,1.52,3.48,1.44,94
DIST,4,AN0,8A94,2.95,5.89,1.95,2.72,AN1,0323,-0.09,6.04,1.95,2.77,AN2,C32D,2.95,0.00,1.95,3.69,AN3,189B,0.00,0.00,1.95,3.61,POS,1.48,3.49,1.43,92
DIST,4,AN0,8A94,2.95,5.89,1.95,2.69,AN1,0323,-0.09,6.04,1.95,2.80,AN2,C32D,2.95,0.00,1.95,3.71,AN3,189B,0.00,0.00,1.95,3.70,POS,1.47,3.51,1.40,90
DIST,4,AN0,8A94,2.95,5.89,1.95,2.73,AN1,0323,-0.09,6.04,1.95,2.75,AN2,189B,0.00,0.00,1.95,3.64,AN3,C32D,2.95,0.00,1.95,3.75,POS,1.43,3.52,1.38,89
DIST,4,AN0,8A94,2.95,5.89,1.95,2.74,AN1,0323,-0.09,6.04,1.95,2.78,AN2,189B,0.00,0.00,1.95,3.72,AN3,C32D,2.95,0.00,1.95,3.70,POS,1.45,3.53,1.39,93
DIST,4,AN0,8A94,2.95,5.89,1.95,2.70,AN1,0323,-0.09,6.04,1.95,2.75,AN2,189B,0.00,0.00,1.95,3.71,AN3,C32D,2.95,0.00,1.95,3.70,POS,1.46,3.55,1.42,95
DIST,4,AN0,8A94,2.95,5.89,1.95,2.73,AN1,0323,-0.09,6.04,1.95,2.76,AN2,189B,0.00,0.00,1.95,3.72,AN3,C32D,2.95,0.00,1.95,3.65,POS,1.43,3.53,1.45,94
DIST,4,AN0,8A94,2.95,5.89,1.95,2.61,AN1,0323,-0.09,6.04,1.95,2.74,AN2,189B,0.00,0.00,1.95,3.85,AN3,C32D,2.95,0.00,1.95,3.81,POS,1.44,3.57,1.40,88
DIST,4,AN0,8A94,2.95,5.89,1.95,2.53,AN1,0323,-0.09,6.04,1.95,2.56,AN2,189B,0.00,0.00,1.95,3.87,AN3,C32D,2.95,0.00,1.95,3.88,POS,1.45,3.62,1.45,94
DIST,4,AN0,8A94,2.95,5.89,1.95,2.52,AN1,0323,-0.09,6.04,1.95,2.59,AN2,189B,0.00,0.00,1.95,3.87,AN3,C32D,2.95,0.00,1.95,3.96,POS,1.43,3.66,1.42,88
DIST,4,AN0,8A94,2.95,5.89,1.95,2.48,AN1,0323,-0.09,6.04,1.95,2.56,AN2,189B,0.00,0.00,1.95,3.92,AN3,C32D,2.95,0.00,1.95,3.89,POS,1.45,3.70,1.46,94
DIST,4,AN0,8A94,2.95,5.89,1.95,2.58,AN1,0323,-0.09,6.04,1.95,2.58,AN2,189B,0.00,0.00,1.95,3.85,AN3,C32D,2.95,0.00,1.95,3.91,POS,1.42,3.72,1.44,89
DIST,4,AN0,8A94,2.95,5.89,1.95,2.50,AN1,0323,-0.09,6.04,1.95,2.53,AN2,189B,0.00,0.00,1.95,3.90,AN3,C32D,2.95,0.00,1.95,3.93,POS,1.42,3.74,1.45,91
DIST,4,AN0,8A94,2.95,5.89,1.95,2.51,AN1,0323,-0.09,6.04,1.95,2.52,AN2,189B,0.00,0.00,1.95,3.88,AN3,C32D,2.95,0.00,1.95,3.87,POS,1.44,3.76,1.39,86
DIST,4,AN0,8A94,2.95,5.89,1.95,2.50,AN1,0323,-0.09,6.04,1.95,2.48,AN2,189B,0.00,0.00,1.95,3.97,AN3,C32D,2.95,0.00,1.95,3.97,POS,1.44,3.79,1.44,94
DIST,4,AN0,8A94,2.95,5.89,1.95,2.45,AN1,0323,-0.09,6.04,1.95,2.40,AN2,189B,0.00,0.00,1.95,3.99,AN3,C32D,2.95,0.00,1.95,4.13,POS,1.40,3.83,1.41,84
DIST,4,AN0,8A94,2.95,5.89,1.95,2.33,AN1,0323,-0.09,6.04,1.95,2.31,AN2,189B,0.00,0.00,1.95,4.04,AN3,C32D,2.95,0.00,1.95,4.17,POS,1.38,3.88,1.45,89
DIST,4,AN0,8A94,2.95,5.89,1.95,2.31,AN1,0323,-0.09,6.04,1.95,2.23,AN2,189B,0.00,0.00,1.95,4.14,AN3,C32D,2.95,0.00,1.95,4.25,POS,1.36,3.94,1.45,85
DIST,4,AN0,8A94,2.95,5.89,1.95,2.37,AN1,0323,-0.09,6.04,1.95,2.29,AN2,189B,0.00,0.00,1.95,4.10,AN3,C32D,2.95,0.00,1.95,4.18,POS,1.35,3.97,1.47,88
DIST,4,AN0,8A94,2.95,5.89,1.95,2.32,AN1,0323,-0.09,6.04,1.95,2.28,AN2,189B,0.00,0.00,1.95,4.11,AN3,C32D,2.95,0.00,1.95,4.18,POS,1.34,3.99,1.49,88
DIST,4,AN0,8A94,2.95,5.89,1.95,2.30,AN1,0323,-0.09,6.04,1.95,2.30,AN2,189B,0.00,0.00,1.95,4.15,AN3,C32D,2.95,0.00,1.95,4.19,POS,1.35,4.02,1.50,88
DIST,4,AN0,8A94,2.95,5.89,1.95,2.27,AN1,0323,-0.09,6.04,1.95,2.27,AN2,189B,0.00,0.00,1.95,4.10,AN3,C32D,2.95,0.00,1.95,4.20,POS,1.35,4.03,1.51,88
DIST,4,AN0,8A94,2.95,5.89,1.95,2.28,AN1,0323,-0.09,6.04,1.95,2.28,AN2,189B,0.00,0.00,1.95,4.12,AN3,C32D,2.95,0.00,1.95,4.14,POS,1.37,4.05,1.43,82
DIST,4,AN0,8A94,2.95,5.89,1.95,2.27,AN1,0323,-0.09,6.04,1.95,2.31,AN2,189B,0.00,0.00,1.95,4.13,AN3,C32D,2.95,0.00,1.95,4.20,POS,1.37,4.05,1.43,86
DIST,4,AN0,8A94,2.95,5.89,1.95,2.27,AN1,0323,-0.09,6.04,1.95,2.34,AN2,189B,0.00,0.00,1.95,4.11,AN3,C32D,2.95,0.00,1.95,4.18,POS,1.37,4.05,1.44,88
DIST,4,AN0,8A94,2.95,5.89,1.95,2.26,AN1,0323,-0.09,6.04,1.95,2.30,AN2,189B,0.00,0.00,1.95,4.10,AN3,C32D,2.95,0.00,1.95,4.12,POS,1.38,4.06,1.46,89
DIST,4,AN0,8A94,2.95,5.89,1.95,2.28,AN1,0323,-0.09,6.04,1.95,2.37,AN2,189B,0.00,0.00,1.95,4.04,AN3,C32D,2.95,0.00,1.95,4.11,POS,1.39,4.04,1.50,91
DIST,4,AN0,8A94,2.95,5.89,1.95,2.29,AN1,0323,-0.09,6.04,1.95,2.33,AN2,189B,0.00,0.00,1.95,4.13,AN3,C32D,2.95,0.00,1.95,4.16,POS,1.39,4.05,1.51,89
DIST,4,AN0,8A94,2.95,5.89,1.95,2.26,AN1,0323,-0.09,6.04,1.95,2.30,AN2,189B,0.00,0.00,1.95,4.16,AN3,C32D,2.95,0.00,1.95,4.16,POS,1.41,4.06,1.57,93
DIST,4,AN0,8A94,2.95,5.89,1.95,2.28,AN1,0323,-0.09,6.04,1.95,2.31,AN2,189B,0.00,0.00,1.95,4.14,AN3,C32D,2.95,0.00,1.95,4.16,POS,1.41,4.06,1.58,90
DIST,4,AN0,8A94,2.95,5.89,1.95,2.25,AN1,0323,-0.09,6.04,1.95,2.31,AN2,189B,0.00,0.00,1.95,4.11,AN3,C32D,2.95,0.00,1.95,4.07,POS,1.44,4.07,1.51,86
DIST,4,AN0,8A94,2.95,5.89,1.95,2.21,AN1,0323,-0.09,6.04,1.95,2.30,AN2,189B,0.00,0.00,1.95,4.14,AN3,C32D,2.95,0.00,1.95,4.07,POS,1.48,4.08,1.49,87
DIST,4,AN0,8A94,2.95,5.89,1.95,2.20,AN1,0323,-0.09,6.04,1.95,2.32,AN2,C32D,2.95,0.00,1.95,4.15,AN3,189B,0.00,0.00,1.95,4.19,POS,1.49,4.09,1.58,93
DIST,4,AN0,8A94,2.95,5.89,1.95,2.21,AN1,0323,-0.09,6.04,1.95,2.35,AN2,C32D,2.95,0.00,1.95,4.17,AN3,189B,0.00,0.00,1.95,4.15,POS,1.48,4.09,1.55,89
DIST,4,AN0,8A94,2.95,5.89,1.95,2.20,AN1,0323,-0.09,6.04,1.95,2.40,AN2,C32D,2.95,0.00,1.95,4.12,AN3,189B,0.00,0.00,1.95,4.17,POS,1.49,4.08,1.55,90
DIST,4,AN0,8A94,2.95,5.89,1.95,2.20,AN1,0323,-0.09,6.04,1.95,2.38,AN2,C32D,2.95,0.00,1.95,4.16,AN3,189B,0.00,0.00,1.95,4.17,POS,1.49,4.08,1.51,88
DIST,4,AN0,8A94,2.95,5.89,1.95,2.20,AN1,0323,-0.09,6.04,1.95,2.36,AN2,C32D,2.95,0.00,1.95,4.20,AN3,189B,0.00,0.00,1.95,4.19,POS,1.48,4.08,1.48,87
DIST,4,AN0,8A94,2.95,5.89,1.95,2.21,AN1,0323,-0.09,6.04,1.95,2.38,AN2,C32D,2.95,0.00,1.95,4.10,AN3,189B,0.00,0.00,1.95,4.22,POS,1.48,4.07,1.50,91
DIST,4,AN0,8A94,2.95,5.89,1.95,2.19,AN1,0323,-0.09,6.04,1.95,2.34,AN2,C32D,2.95,0.00,1.95,4.19,AN3,189B,0.00,0.00,1.95,4.17,POS,1.47,4.08,1.49,89
DIST,4,AN0,8A94,2.95,5.89,1.95,2.20,AN1,0323,-0.09,6.04,1.95,2.34,AN2,189B,0.00,0.00,1.95,4.22,AN3,C32D,2.95,0.00,1.95,4.20,POS,1.47,4.09,1.48,88
DIST,4,AN0,8A94,2.95,5.89,1.95,2.20,AN1,0323,-0.09,6.04,1.95,2.39,AN2,189B,0.00,0.00,1.95,4.19,AN3,C32D,2.95,0.00,1.95,4.16,POS,1.48,4.09,1.46,88
DIST,4,AN0,8A94,2.95,5.89,1.95,2.15,AN1,0323,-0.09,6.04,1.95,2.37,AN2,C32D,2.95,0.00,1.95,4.20,AN3,189B,0.00,0.00,1.95,4.17,POS,1.48,4.09,1.50,91
DIST,4,AN0,8A94,2.95,5.89,1.95,2.16,AN1,0323,-0.09,6.04,1.95,2.37,AN2,C32D,2.95,0.00,1.95,4.13,AN3,189B,0.00,0.00,1.95,4.19,POS,1.49,4.09,1.53,91
DIST,4,AN0,8A94,2.95,5.89,1.95,2.18,AN1,0323,-0.09,6.04,1.95,2.42,AN2,C32D,2.95,0.00,1.95,4.16,AN3,189B,0.00,0.00,1.95,4.21,POS,1.51,4.09,1.48,86
DIST,4,AN0,8A94,2.95,5.89,1.95,2.17,AN1,0323,-0.09,6.04,1.95,2.40,AN2,C32D,2.95,0.00,1.95,4.14,AN3,189B,0.00,0.00,1.95,4.17,POS,1.51,4.09,1.48,89
DIST,4,AN0,8A94,2.95,5.89,1.95,2.16,AN1,0323,-0.09,6.04,1.95,2.41,AN2,C32D,2.95,0.00,1.95,4.17,AN3,189B,0.00,0.00,1.95,4.15,POS,1.49,4.09,1.52,91
DIST,4,AN0,8A94,2.95,5.89,1.95,2.17,AN1,0323,-0.09,6.04,1.95,2.36,AN2,C32D,2.95,0.00,1.95,4.17,AN3,189B,0.00,0.00,1.95,4.16,POS,1.49,4.09,1.54,91
DIST,4,AN0,8A94,2.95,5.89,1.95,2.18,AN1,0323,-0.09,6.04,1.95,2.41,AN2,C32D,2.95,0.00,1.95,4.18,AN3,189B,0.00,0.00,1.95,4.20,POS,1.50,4.09,1.50,87
DIST,4,AN0,8A94,2.95,5.89,1.95,2.19,AN1,0323,-0.09,6.04,1.95,2.36,AN2,C32D,2.95,0.00,1.95,4.15,AN3,189B,0.00,0.00,1.95,4.18,POS,1.50,4.09,1.51,91
DIST,4,AN0,8A94,2.95,5.89,1.95,2.16,AN1,0323,-0.09,6.04,1.95,2.45,AN2,C32D,2.95,0.00,1.95,4.13,AN3,189B,0.00,0.00,1.95,4.17,POS,1.51,4.08,1.50,89
DIST,4,AN0,8A94,2.95,5.89,1.95,2.20,AN1,0323,-0.09,6.04,1.95,2.45,AN2,C32D,2.95,0.00,1.95,4.20,AN3,189B,0.00,0.00,1.95,4.23,POS,1.51,4.09,1.43,84
DIST,4,AN0,8A94,2.95,5.89,1.95,2.22,AN1,0323,-0.09,6.04,1.95,2.33,AN2,C32D,2.95,0.00,1.95,4.17,AN3,189B,0.00,0.00,1.95,4.15,POS,1.50,4.09,1.45,89
DIST,4,AN0,8A94,2.95,5.89,1.95,2.18,AN1,0323,-0.09,6.04,1.95,2.44,AN2,C32D,2.95,0.00,1.95,4.17,AN3,189B,0.00,0.00,1.95,4.17,POS,1.50,4.09,1.45,89
