DIST,4,AN0,8A94,2.82,5.87,1.95,2.41,AN1,0323,-0.27,6.01,1.95,2.48,AN2,189B,0.00,0.00,1.95,4.16,AN3,C32D,2.84,0.00,1.95,3.99,POS,1.24,3.86,1.56,89
DIST,4,AN0,8A94,2.82,5.87,1.95,2.42,AN1,0323,-0.27,6.01,1.95,2.49,AN2,189B,0.00,0.00,1.95,4.21,AN3,C32D,2.84,0.00,1.95,3.96,POS,1.24,3.85,1.56,91
DIST,4,AN0,8A94,2.82,5.87,1.95,2.43,AN1,0323,-0.27,6.01,1.95,2.44,AN2,189B,0.00,0.00,1.95,4.22,AN3,C32D,2.84,0.00,1.95,4.06,POS,1.23,3.86,1.52,86
DIST,4,AN0,8A94,2.82,5.87,1.95,2.43,AN1,0323,-0.27,6.01,1.95,2.45,AN2,189B,0.00,0.00,1.95,4.18,AN3,C32D,2.84,0.00,1.95,4.10,POS,1.22,3.87,1.46,83
DIST,4,AN0,8A94,2.82,5.87,1.95,2.37,AN1,0323,-0.27,6.01,1.95,2.45,AN2,189B,0.00,0.00,1.95,4.15,AN3,C32D,2.84,0.00,1.95,4.11,POS,1.23,3.89,1.41,84
DIST,4,AN0,8A94,2.82,5.87,1.95,2.38,AN1,0323,-0.27,6.01,1.95,2.40,AN2,189B,0.00,0.00,1.95,4.13,AN3,C32D,2.84,0.00,1.95,4.03,POS,1.22,3.89,1.47,90
DIST,4,AN0,8A94,2.82,5.87,1.95,2.37,AN1,0323,-0.27,6.01,1.95,2.43,AN2,189B,0.00,0.00,1.95,4.19,AN3,C32D,2.84,0.00,1.95,4.00,POS,1.22,3.89,1.52,91
DIST,4,AN0,8A94,2.82,5.87,1.95,2.37,AN1,0323,-0.27,6.01,1.95,2.44,AN2,189B,0.00,0.00,1.95,4.21,AN3,C32D,2.84,0.00,1.95,4.06,POS,1.23,3.89,1.49,87
DIST,4,AN0,8A94,2.82,5.87,1.95,2.35,AN1,0323,-0.27,6.01,1.95,2.48,AN2,189B,0.00,0.00,1.95,4.23,AN3,C32D,2.84,0.00,1.95,4.08,POS,1.24,3.90,1.44,85
DIST,4,AN0,8A94,2.82,5.87,1.95,2.35,AN1,0323,-0.27,6.01,1.95,2.43,AN2,189B,0.00,0.00,1.95,4.22,AN3,C32D,2.84,0.00,1.95,4.03,POS,1.24,3.90,1.47,90
DIST,4,AN0,8A94,2.82,5.87,1.95,2.37,AN1,0323,-0.27,6.01,1.95,2.42,AN2,189B,0.00,0.00,1.95,4.23,AN3,C32D,2.84,0.00,1.95,4.03,POS,1.24,3.90,1.50,90
DIST,4,AN0,8A94,2.82,5.87,1.95,2.37,AN1,0323,-0.27,6.01,1.95,2.44,AN2,189B,0.00,0.00,1.95,4.23,AN3,C32D,2.84,0.00,1.95,4.01,POS,1.24,3.89,1.51,90
DIST,4,AN0,8A94,2.82,5.87,1.95,2.40,AN1,0323,-0.27,6.01,1.95,2.41,AN2,189B,0.00,0.00,1.95,4.22,AN3,C32D,2.84,0.00,1.95,4.06,POS,1.23,3.89,1.50,88
DIST,4,AN0,8A94,2.82,5.87,1.95,2.37,AN1,0323,-0.27,6.01,1.95,2.42,AN2,189B,0.00,0.00,1.95,4.22,AN3,C32D,2.84,0.00,1.95,4.04,POS,1.22,3.90,1.51,89
DIST,4,AN0,8A94,2.82,5.87,1.95,2.38,AN1,0323,-0.27,6.01,1.95,2.42,AN2,189B,0.00,0.00,1.95,4.24,AN3,C32D,2.84,0.00,1.95,4.04,POS,1.22,3.89,1.52,89
DIST,4,AN0,8A94,2.82,5.87,1.95,2.37,AN1,0323,-0.27,6.01,1.95,2.44,AN2,189B,0.00,0.00,1.95,4.22,AN3,C32D,2.84,0.00,1.95,4.03,POS,1.23,3.89,1.51,89
DIST,4,AN0,8A94,2.82,5.87,1.95,2.38,AN1,0323,-0.27,6.01,1.95,2.39,AN2,189B,0.00,0.00,1.95,4.20,AN3,C32D,2.84,0.00,1.95,4.11,POS,1.22,3.91,1.48,86
DIST,4,AN0,8A94,2.82,5.87,1.95,2.37,AN1,0323,-0.27,6.01,1.95,2.40,AN2,189B,0.00,0.00,1.95,4.17,AN3,C32D,2.84,0.00,1.95,4.05,POS,1.22,3.91,1.50,89
DIST,4,AN0,8A94,2.82,5.87,1.95,2.40,AN1,0323,-0.27,6.01,1.95,2.41,AN2,189B,0.00,0.00,1.95,4.22,AN3,C32D,2.84,0.00,1.95,4.08,POS,1.21,3.91,1.48,87
DIST,4,AN0,8A94,2.82,5.87,1.95,2.39,AN1,0323,-0.27,6.01,1.95,2.39,AN2,189B,0.00,0.00,1.95,4.04,AN3,C32D,2.84,0.00,1.95,4.08,POS,1.25,3.93,1.53,92
DIST,4,AN0,8A94,2.82,5.87,1.95,2.34,AN1,0323,-0.27,6.01,1.95,2.42,AN2,189B,0.00,0.00,1.95,4.12,AN3,C32D,2.84,0.00,1.95,4.14,POS,1.29,3.96,1.50,88
DIST,4,AN0,8A94,2.82,5.87,1.95,2.39,AN1,0323,-0.27,6.01,1.95,2.43,AN2,189B,0.00,0.00,1.95,4.17,AN3,C32D,2.84,0.00,1.95,4.09,POS,1.27,3.96,1.47,85
DIST,4,AN0,8A94,2.82,5.87,1.95,2.42,AN1,0323,-0.27,6.01,1.95,2.43,AN2,189B,0.00,0.00,1.95,4.16,AN3,C32D,2.84,0.00,1.95,4.13,POS,1.25,3.95,1.41,82
DIST,4,AN0,8A94,2.82,5.87,1.95,2.40,AN1,0323,-0.27,6.01,1.95,2.46,AN2,189B,0.00,0.00,1.95,4.19,AN3,C32D,2.84,0.00,1.95,4.05,POS,1.25,3.94,1.40,86
DIST,4,AN0,8A94,2.82,5.87,1.95,2.41,AN1,0323,-0.27,6.01,1.95,2.47,AN2,189B,0.00,0.00,1.95,4.16,AN3,C32D,2.84,0.00,1.95,3.95,POS,1.24,3.91,1.46,92
DIST,4,AN0,8A94,2.82,5.87,1.95,2.42,AN1,0323,-0.27,6.01,1.95,2.41,AN2,189B,0.00,0.00,1.95,4.24,AN3,C32D,2.84,0.00,1.95,4.09,POS,1.23,3.91,1.44,85
DIST,4,AN0,8A94,2.82,5.87,1.95,2.42,AN1,0323,-0.27,6.01,1.95,2.40,AN2,189B,0.00,0.00,1.95,4.22,AN3,C32D,2.84,0.00,1.95,4.12,POS,1.21,3.92,1.41,84
DIST,4,AN0,8A94,2.82,5.87,1.95,2.39,AN1,0323,-0.27,6.01,1.95,2.45,AN2,189B,0.00,0.00,1.95,4.10,AN3,C32D,2.84,0.00,1.95,3.99,POS,1.22,3.90,1.46,91
DIST,4,AN0,8A94,2.82,5.87,1.95,2.39,AN1,0323,-0.27,6.01,1.95,2.45,AN2,189B,0.00,0.00,1.95,4.12,AN3,C32D,2.84,0.00,1.95,4.00,POS,1.22,3.89,1.49,90
DIST,4,AN0,8A94,2.82,5.87,1.95,2.37,AN1,0323,-0.27,6.01,1.95,2.41,AN2,189B,0.00,0.00,1.95,4.22,AN3,C32D,2.84,0.00,1.95,4.00,POS,1.22,3.88,1.58,92
DIST,4,AN0,8A94,2.82,5.87,1.95,2.39,AN1,0323,-0.27,6.01,1.95,2.42,AN2,189B,0.00,0.00,1.95,4.19,AN3,C32D,2.84,0.00,1.95,4.11,POS,1.22,3.90,1.51,84
DIST,4,AN0,8A94,2.82,5.87,1.95,2.36,AN1,0323,-0.27,6.01,1.95,2.40,AN2,189B,0.00,0.00,1.95,4.19,AN3,C32D,2.84,0.00,1.95,4.04,POS,1.22,3.90,1.54,90
DIST,4,AN0,8A94,2.82,5.87,1.95,2.36,AN1,0323,-0.27,6.01,1.95,2.42,AN2,189B,0.00,0.00,1.95,4.18,AN3,C32D,2.84,0.00,1.95,4.11,POS,1.22,3.91,1.50,85
DIST,4,AN0,8A94,2.82,5.87,1.95,2.37,AN1,0323,-0.27,6.01,1.95,2.40,AN2,189B,0.00,0.00,1.95,4.18,AN3,C32D,2.84,0.00,1.95,4.11,POS,1.22,3.92,1.47,86
DIST,4,AN0,8A94,2.82,5.87,1.95,2.42,AN1,0323,-0.27,6.01,1.95,2.40,AN2,189B,0.00,0.00,1.95,4.10,AN3,C32D,2.84,0.00,1.95,4.12,POS,1.21,3.93,1.43,84
DIST,4,AN0,8A94,2.82,5.87,1.95,2.45,AN1,0323,-0.27,6.01,1.95,2.38,AN2,189B,0.00,0.00,1.95,4.13,AN3,C32D,2.84,0.00,1.95,4.06,POS,1.19,3.91,1.46,87
DIST,4,AN0,8A94,2.82,5.87,1.95,2.39,AN1,0323,-0.27,6.01,1.95,2.41,AN2,189B,0.00,0.00,1.95,4.08,AN3,C32D,2.84,0.00,1.95,4.08,POS,1.19,3.91,1.45,87
DIST,4,AN0,8A94,2.82,5.87,1.95,2.39,AN1,0323,-0.27,6.01,1.95,2.42,AN2,189B,0.00,0.00,1.95,4.16,AN3,C32D,2.84,0.00,1.95,4.08,POS,1.19,3.91,1.44,86
DIST,4,AN0,8A94,2.82,5.87,1.95,2.45,AN1,0323,-0.27,6.01,1.95,2.40,AN2,189B,0.00,0.00,1.95,4.15,AN3,C32D,2.84,0.00,1.95,4.06,POS,1.18,3.90,1.45,87
DIST,4,AN0,0323,-0.27,6.01,1.95,2.43,AN1,8A94,2.82,5.87,1.95,2.46,AN2,189B,0.00,0.00,1.95,4.13,AN3,C32D,2.84,0.00,1.95,4.05,POS,1.17,3.90,1.44,86
DIST,4,AN0,0323,-0.27,6.01,1.95,2.45,AN1,8A94,2.82,5.87,1.95,2.43,AN2,189B,0.00,0.00,1.95,4.10,AN3,C32D,2.84,0.00,1.95,4.17,POS,1.21,3.93,1.38,82
DIST,4,AN0,8A94,2.82,5.87,1.95,2.38,AN1,0323,-0.27,6.01,1.95,2.40,AN2,189B,0.00,0.00,1.95,4.15,AN3,C32D,2.84,0.00,1.95,4.11,POS,1.21,3.93,1.38,85
DIST,4,AN0,8A94,2.82,5.87,1.95,2.45,AN1,0323,-0.27,6.01,1.95,2.37,AN2,189B,0.00,0.00,1.95,4.20,AN3,C32D,2.84,0.00,1.95,4.08,POS,1.19,3.92,1.41,87
DIST,4,AN0,8A94,2.82,5.87,1.95,2.39,AN1,0323,-0.27,6.01,1.95,2.42,AN2,189B,0.00,0.00,1.95,4.11,AN3,C32D,2.84,0.00,1.95,4.10,POS,1.19,3.92,1.39,85
DIST,4,AN0,8A94,2.82,5.87,1.95,2.43,AN1,0323,-0.27,6.01,1.95,2.40,AN2,189B,0.00,0.00,1.95,4.10,AN3,C32D,2.84,0.00,1.95,4.10,POS,1.18,3.92,1.38,84
DIST,4,AN0,0323,-0.27,6.01,1.95,2.41,AN1,8A94,2.82,5.87,1.95,2.43,AN2,189B,0.00,0.00,1.95,4.11,AN3,C32D,2.84,0.00,1.95,4.01,POS,1.18,3.91,1.45,90
DIST,4,AN0,0323,-0.27,6.01,1.95,2.40,AN1,8A94,2.82,5.87,1.95,2.44,AN2,189B,0.00,0.00,1.95,4.14,AN3,C32D,2.84,0.00,1.95,4.06,POS,1.17,3.90,1.46,87
DIST,4,AN0,0323,-0.27,6.01,1.95,2.40,AN1,8A94,2.82,5.87,1.95,2.44,AN2,189B,0.00,0.00,1.95,4.16,AN3,C32D,2.84,0.00,1.95,4.13,POS,1.17,3.91,1.42,83
DIST,4,AN0,0323,-0.27,6.01,1.95,2.37,AN1,8A94,2.82,5.87,1.95,2.43,AN2,189B,0.00,0.00,1.95,4.18,AN3,C32D,2.84,0.00,1.95,4.15,POS,1.16,3.92,1.39,83
DIST,4,AN0,0323,-0.27,6.01,1.95,2.37,AN1,8A94,2.82,5.87,1.95,2.43,AN2,189B,0.00,0.00,1.95,4.13,AN3,C32D,2.84,0.00,1.95,4.07,POS,1.16,3.91,1.43,88
DIST,4,AN0,0323,-0.27,6.01,1.95,2.41,AN1,8A94,2.82,5.87,1.95,2.37,AN2,189B,0.00,0.00,1.95,4.17,AN3,C32D,2.84,0.00,1.95,4.08,POS,1.17,3.92,1.43,87
DIST,4,AN0,0323,-0.27,6.01,1.95,2.38,AN1,8A94,2.82,5.87,1.95,2.40,AN2,189B,0.00,0.00,1.95,4.16,AN3,C32D,2.84,0.00,1.95,4.09,POS,1.17,3.92,1.44,87
DIST,4,AN0,0323,-0.27,6.01,1.95,2.43,AN1,8A94,2.82,5.87,1.95,2.36,AN2,189B,0.00,0.00,1.95,4.09,AN3,C32D,2.84,0.00,1.95,4.11,POS,1.23,3.95,1.45,89
DIST,4,AN0,8A94,2.82,5.87,1.95,2.37,AN1,0323,-0.27,6.01,1.95,2.39,AN2,189B,0.00,0.00,1.95,4.13,AN3,C32D,2.84,0.00,1.95,4.12,POS,1.22,3.95,1.43,85
DIST,4,AN0,8A94,2.82,5.87,1.95,2.33,AN1,0323,-0.27,6.01,1.95,2.48,AN2,189B,0.00,0.00,1.95,4.14,AN3,C32D,2.84,0.00,1.95,4.05,POS,1.24,3.94,1.41,87
DIST,4,AN0,8A94,2.82,5.87,1.95,2.40,AN1,0323,-0.27,6.01,1.95,2.56,AN2,189B,0.00,0.00,1.95,4.11,AN3,C32D,2.84,0.00,1.95,4.00,POS,1.26,3.92,1.38,86
DIST,4,AN0,8A94,2.82,5.87,1.95,2.33,AN1,0323,-0.27,6.01,1.95,2.56,AN2,189B,0.00,0.00,1.95,4.07,AN3,C32D,2.84,0.00,1.95,4.06,POS,1.30,3.93,1.35,85
DIST,4,AN0,8A94,2.82,5.87,1.95,2.35,AN1,0323,-0.27,6.01,1.95,2.59,AN2,189B,0.00,DIST,4,AN0,8A94,2.82,5.87,1.95,2.27,AN1,0323,-0.27,6.01,1.95,2.48,AN2,C32D,2.84,0.00,1.95,4.09,AN3,189B,0.00,0.00,1.95,4.20,POS,1.45,4.04,1.39,86
DIST,4,AN0,8A94,2.82,5.87,1.95,2.26,AN1,0323,-0.27,6.01,1.95,2.47,AN2,C32D,2.84,0.00,1.95,4.09,AN3,189B,0.00,0.00,1.95,4.20,POS,1.43,4.03,1.37,86
DIST,4,AN0,8A94,2.82,5.87,1.95,2.27,AN1,0323,-0.27,6.01,1.95,2.47,AN2,C32D,2.84,0.00,1.95,4.07,AN3,189B,0.00,0.00,1.95,4.16,POS,1.41,4.01,1.38,88
DIST,4,AN0,8A94,2.82,5.87,1.95,2.26,AN1,0323,-0.27,6.01,1.95,2.45,AN2,189B,0.00,0.00,1.95,4.23,AN3,C32D,2.84,0.00,1.95,4.17,POS,1.44,4.04,1.39,84
DIST,4,AN0,8A94,2.82,5.87,1.95,2.23,AN1,0323,-0.27,6.01,1.95,2.42,AN2,C32D,2.84,0.00,1.95,4.19,AN3,189B,0.00,0.00,1.95,4.25,POS,1.46,4.07,1.41,85
DIST,4,AN0,8A94,2.82,5.87,1.95,2.17,AN1,0323,-0.27,6.01,1.95,2.39,AN2,C32D,2.84,0.00,1.95,4.26,AN3,189B,0.00,0.00,1.95,4.32,POS,1.47,4.11,1.40,82
DIST,4,AN0,8A94,2.82,5.87,1.95,2.20,AN1,0323,-0.27,6.01,1.95,2.38,AN2,C32D,2.84,0.00,1.95,4.20,AN3,189B,0.00,0.00,1.95,4.22,POS,1.44,4.10,1.38,85
DIST,4,AN0,8A94,2.82,5.87,1.95,2.17,AN1,0323,-0.27,6.01,1.95,2.39,AN2,C32D,2.84,0.00,1.95,4.16,AN3,189B,0.00,0.00,1.95,4.18,POS,1.42,4.09,1.39,88
DIST,4,AN0,8A94,2.82,5.87,1.95,2.24,AN1,0323,-0.27,6.01,1.95,2.37,AN2,C32D,2.84,0.00,1.95,4.17,AN3,189B,0.00,0.00,1.95,4.21,POS,1.44,4.11,1.47,89
DIST,4,AN0,8A94,2.82,5.87,1.95,2.28,AN1,0323,-0.27,6.01,1.95,2.40,AN2,C32D,2.84,0.00,1.95,4.18,AN3,189B,0.00,0.00,1.95,4.16,POS,1.42,4.10,1.45,86
DIST,4,AN0,8A94,2.82,5.87,1.95,2.36,AN1,0323,-0.27,6.01,1.95,2.31,AN2,C32D,2.84,0.00,1.95,4.16,AN3,189B,0.00,0.00,1.95,4.07,POS,1.39,4.09,1.49,89
DIST,4,AN0,8A94,2.82,5.87,1.95,2.44,AN1,0323,-0.27,6.01,1.95,2.35,AN2,189B,0.00,0.00,1.95,3.96,AN3,C32D,2.84,0.00,1.95,4.14,POS,1.32,4.06,1.47,84
DIST,4,AN0,8A94,2.82,5.87,1.95,2.46,AN1,0323,-0.27,6.01,1.95,2.31,AN2,189B,0.00,0.00,1.95,3.93,AN3,C32D,2.84,0.00,1.95,4.14,POS,1.26,4.03,1.49,85
DIST,4,AN0,8A94,2.82,5.87,1.95,2.52,AN1,0323,-0.27,6.01,1.95,2.31,AN2,189B,0.00,0.00,1.95,3.94,AN3,C32D,2.84,0.00,1.95,4.21,POS,1.20,4.02,1.44,79
DIST,4,AN0,8A94,2.82,5.87,1.95,2.65,AN1,0323,-0.27,6.01,1.95,2.31,AN2,189B,0.00,0.00,1.95,3.85,AN3,C32D,2.84,0.00,1.95,4.16,POS,1.13,3.98,1.42,80
DIST,4,AN0,0323,-0.27,6.01,1.95,2.26,AN1,8A94,2.82,5.87,1.95,2.74,AN2,189B,0.00,0.00,1.95,3.83,AN3,C32D,2.84,0.00,1.95,4.13,POS,1.09,3.96,1.50,86
DIST,4,AN0,0323,-0.27,6.01,1.95,2.23,AN1,8A94,2.82,5.87,1.95,2.74,AN2,189B,0.00,0.00,1.95,3.84,AN3,C32D,2.84,0.00,1.95,4.16,POS,1.06,3.95,1.55,85
DIST,4,AN0,0323,-0.27,6.01,1.95,2.24,AN1,8A94,2.82,5.87,1.95,2.73,AN2,189B,0.00,0.00,1.95,3.86,AN3,C32D,2.84,0.00,1.95,4.13,POS,0.98,3.91,1.64,83
DIST,4,AN0,0323,-0.27,6.01,1.95,2.25,AN1,8A94,2.82,5.87,1.95,2.65,AN2,189B,0.00,0.00,1.95,3.90,AN3,C32D,2.84,0.00,1.95,4.09,POS,0.95,3.89,1.53,75
DIST,4,AN0,0323,-0.27,6.01,1.95,2.23,AN1,8A94,2.82,5.87,1.95,2.64,AN2,189B,0.00,0.00,1.95,3.91,AN3,C32D,2.84,0.00,1.95,4.15,POS,0.92,3.88,1.57,83
DIST,4,AN0,0323,-0.27,6.01,1.95,2.24,AN1,8A94,2.82,5.87,1.95,2.52,AN2,189B,0.00,0.00,1.95,3.99,AN3,C32D,2.84,0.00,1.95,4.22,POS,0.96,3.92,1.55,84
DIST,4,AN0,0323,-0.27,6.01,1.95,2.20,AN1,8A94,2.82,5.87,1.95,2.45,AN2,189B,0.00,0.00,1.95,4.00,AN3,C32D,2.84,0.00,1.95,4.29,POS,0.97,3.95,1.52,80
DIST,4,AN0,0323,-0.27,6.01,1.95,2.29,AN1,8A94,2.82,5.87,1.95,2.39,AN2,189B,0.00,0.00,1.95,4.06,AN3,C32D,2.84,0.00,1.95,4.33,POS,0.97,3.99,1.49,79
DIST,4,AN0,0323,-0.27,6.01,1.95,2.27,AN1,8A94,2.82,5.87,1.95,2.42,AN2,189B,0.00,0.00,1.95,3.99,AN3,C32D,2.84,0.00,1.95,4.23,POS,1.00,4.00,1.47,82
DIST,4,AN0,0323,-0.27,6.01,1.95,2.37,AN1,8A94,2.82,5.87,1.95,2.46,AN2,189B,0.00,0.00,1.95,4.05,AN3,C32D,2.84,0.00,1.95,4.15,POS,1.06,4.00,1.45,86
DIST,4,AN0,0323,-0.27,6.01,1.95,2.51,AN1,8A94,2.82,5.87,1.95,2.48,AN2,189B,0.00,0.00,1.95,3.80,AN3,C32D,2.84,0.00,1.95,4.10,POS,1.04,3.98,1.40,78
DIST,4,AN0,0323,-0.27,6.01,1.95,2.70,AN1,8A94,2.82,5.87,1.95,2.62,AN2,189B,0.00,0.00,1.95,4.23,AN3,C32D,2.84,0.00,1.95,3.92,POS,1.09,3.90,1.46,93
DIST,4,AN0,0323,-0.27,6.01,1.95,2.89,AN1,8A94,2.82,5.87,1.95,2.67,AN2,189B,0.00,0.00,1.95,3.96,AN3,C32D,2.84,0.00,1.95,3.79,POS,1.17,3.82,1.44,92
DIST,4,AN0,0323,-0.27,6.01,1.95,3.20,AN1,8A94,2.82,5.87,1.95,2.90,AN2,189B,0.00,0.00,1.95,3.88,AN3,C32D,2.84,0.00,1.95,3.76,POS,1.25,3.73,1.34,83
DIST,4,AN0,8A94,2.82,5.87,1.95,3.02,AN1,0323,-0.27,6.01,1.95,2.99,AN2,189B,0.00,0.00,1.95,3.86,AN3,C32D,2.84,0.00,1.95,3.76,POS,1.22,3.64,1.30,85
DIST,4,AN0,8A94,2.82,5.87,1.95,2.92,AN1,0323,-0.27,6.01,1.95,2.96,AN2,189B,0.00,0.00,1.95,3.79,AN3,C32D,2.84,0.00,1.95,3.79,POS,1.22,3.59,1.27,86
DIST,4,AN0,8A94,2.82,5.87,1.95,2.98,AN1,0323,-0.27,6.01,1.95,2.93,AN2,189B,0.00,0.00,1.95,3.82,AN3,C32D,2.84,0.00,1.95,3.75,POS,1.19,3.54,1.28,89
DIST,4,AN0,8A94,2.82,5.87,1.95,2.99,AN1,0323,-0.27,6.01,1.95,2.88,AN2,189B,0.00,0.00,1.95,3.81,AN3,C32D,2.84,0.00,1.95,3.81,POS,1.15,3.51,1.29,87
DIST,4,AN0,0323,-0.27,6.01,1.95,2.85,AN1,8A94,2.82,5.87,1.95,3.01,AN2,189B,0.00,0.00,1.95,3.82,AN3,C32D,2.84,0.00,1.95,3.77,POS,1.12,3.48,1.36,91
DIST,4,AN0,0323,-0.27,6.01,1.95,2.88,AN1,8A94,2.82,5.87,1.95,3.03,AN2,189B,0.00,0.00,1.95,3.81,AN3,C32D,2.84,0.00,1.95,3.86,POS,1.09,3.46,1.32,84
DIST,4,AN0,0323,-0.27,6.01,1.95,2.99,AN1,8A94,2.82,5.87,1.95,3.04,AN2,189B,0.00,0.00,1.95,3.82,AN3,C32D,2.84,0.00,1.95,3.81,POS,1.18,3.49,1.27,86
DIST,4,AN0,8A94,2.82,5.87,1.95,3.09,AN1,0323,-0.27,6.01,1.95,2.96,AN2,189B,0.00,0.00,1.95,3.82,AN3,C32D,2.84,0.00,1.95,3.84,POS,1.14,3.50,1.20,77
DIST,4,AN0,0323,-0.27,6.01,1.95,2.90,AN1,8A94,2.82,5.87,1.95,3.10,AN2,189B,0.00,0.00,1.95,3.87,AN3,C32D,2.84,0.00,1.95,3.88,POS,1.10,3.53,1.13,74
DIST,4,AN0,0323,-0.27,6.01,1.95,2.88,AN1,8A94,2.82,5.87,1.95,3.16,AN2,189B,0.00,0.00,1.95,3.89,AN3,C32D,2.84,0.00,1.95,3.87,POS,1.04,3.49,1.15,82
DIST,4,AN0,0323,-0.27,6.01,1.95,2.84,AN1,8A94,2.82,5.87,1.95,3.11,AN2,189B,0.00,0.00,1.95,3.88,AN3,C32D,2.84,0.00,1.95,3.90,POS,1.00,3.47,1.16,82
DIST,4,AN0,0323,-0.27,6.01,1.95,2.81,AN1,8A94,2.82,5.87,1.95,3.26,AN2,189B,0.00,0.00,1.95,3.97,AN3,C32D,2.84,0.00,1.95,3.94,POS,0.93,3.44,1.19,80
DIST,4,AN0,0323,-0.27,6.01,1.95,2.81,AN1,8A94,2.82,5.87,1.95,3.18,AN2,189B,0.00,0.00,1.95,3.98,AN3,C32D,2.84,0.00,1.95,3.93,POS,0.89,3.43,1.20,81
DIST,4,AN0,0323,-0.27,6.01,1.95,2.81,AN1,8A94,2.82,5.87,1.95,3.23,AN2,189B,0.00,0.00,1.95,3.93,AN3,C32D,2.84,0.00,1.95,3.92,POS,0.85,3.41,1.22,81
DIST,4,AN0,0323,-0.27,6.01,1.95,2.79,AN1,8A94,2.82,5.87,1.95,3.15,AN2,189B,0.00,0.00,1.95,3.92,AN3,C32D,2.84,0.00,1.95,3.88,POS,0.84,3.40,1.27,85
DIST,4,AN0,0323,-0.27,6.01,1.95,2.82,AN1,8A94,2.82,5.87,1.95,3.18,AN2,189B,0.00,0.00,1.95,3.93,AN3,C32D,2.84,0.00,1.95,3.85,POS,0.83,3.39,1.31,85
DIST,4,AN0,0323,-0.27,6.01,1.95,2.79,AN1,8A94,2.82,5.87,1.95,3.19,AN2,189B,0.00,0.00,1.95,3.95,AN3,C32D,2.84,0.00,1.95,3.90,POS,0.81,3.38,1.33,84
DIST,4,AN0,0323,-0.27,6.01,1.95,2.79,AN1,8A94,2.82,5.87,1.95,3.19,AN2,189B,0.00,0.00,1.95,3.95,AN3,C32D,2.84,0.00,1.95,3.85,POS,0.80,3.37,1.39,87
DIST,4,AN0,0323,-0.27,6.01,1.95,2.83,AN1,8A94,2.82,5.87,1.95,3.16,AN2,189B,0.00,0.00,1.95,4.01,AN3,C32D,2.84,0.00,1.95,3.89,POS,0.81,3.37,1.36,83
DIST,4,AN0,0323,-0.27,6.01,1.95,2.81,AN1,8A94,2.82,5.87,1.95,3.12,AN2,189B,0.00,0.00,1.95,3.95,AN3,C32D,2.84,0.00,1.95,3.82,POS,0.82,3.37,1.41,88
DIST,4,AN0,0323,-0.27,6.01,1.95,2.82,AN1,8A94,2.82,5.87,1.95,3.11,AN2,189B,0.00,0.00,1.95,3.84,AN3,C32D,2.84,0.00,1.95,3.86,POS,0.83,3.37,1.41,86
DIST,4,AN0,0323,-0.27,6.01,1.95,2.79,AN1,8A94,2.82,5.87,1.95,3.12,AN2,189B,0.00,0.00,1.95,3.92,AN3,C32D,2.84,0.00,1.95,3.83,POS,0.83,3.37,1.46,89
DIST,4,AN0,0323,-0.27,6.01,1.95,2.80,AN1,8A94,2.82,5.87,1.95,3.15,AN2,189B,0.00,0.00,1.95,3.95,AN3,C32D,2.84,0.00,1.95,3.87,POS,0.82,3.37,1.45,85
DIST,4,AN0,0323,-0.27,6.01,1.95,2.77,AN1,8A94,2.82,5.87,1.95,3.09,AN2,189B,0.00,0.00,1.95,3.92,AN3,C32D,2.84,0.00,1.95,3.85,POS,0.83,3.37,1.50,89
DIST,4,AN0,0323,-0.27,6.01,1.95,2.79,AN1,8A94,2.82,5.87,1.95,3.05,AN2,189B,0.00,0.00,1.95,3.94,AN3,C32D,2.84,0.00,1.95,3.86,POS,0.85,3.39,1.48,87
DIST,4,AN0,0323,-0.27,6.01,1.95,2.80,AN1,8A94,2.82,5.87,1.95,3.11,AN2,189B,0.00,0.00,1.95,3.93,AN3,C32D,2.84,0.00,1.95,3.86,POS,0.85,3.39,1.47,86
DIST,4,AN0,0323,-0.27,6.01,1.95,2.79,AN1,8A94,2.82,5.87,1.95,3.09,AN2,189B,0.00,0.00,1.95,3.89,AN3,C32D,2.84,0.00,1.95,3.86,POS,0.85,3.39,1.46,86
DIST,4,AN0,0323,-0.27,6.01,1.95,2.82,AN1,8A94,2.82,5.87,1.95,3.10,AN2,189B,0.00,0.00,1.95,3.90,AN3,C32D,2.84,0.00,1.95,3.83,POS,0.86,3.38,1.46,88
DIST,4,AN0,0323,-0.27,6.01,1.95,2.82,AN1,8A94,2.82,5.87,1.95,3.12,AN2,189B,0.00,0.00,1.95,3.90,AN3,C32D,2.84,0.00,1.95,3.96,POS,0.87,3.45,1.33,71
DIST,4,AN0,0323,-0.27,6.01,1.95,2.82,AN1,8A94,2.82,5.87,1.95,3.05,AN2,189B,0.00,0.00,1.95,3.94,AN3,C32D,2.84,0.00,1.95,3.90,POS,0.88,3.45,1.30,83
DIST,4,AN0,0323,-0.27,6.01,1.95,2.80,AN1,8A94,2.82,5.87,1.95,3.13,AN2,189B,0.00,0.00,1.95,3.95,AN3,C32D,2.84,0.00,1.95,3.87,POS,0.87,3.44,1.33,85
DIST,4,AN0,0323,-0.27,6.01,1.95,2.83,AN1,8A94,2.82,5.87,1.95,3.08,AN2,189B,0.00,0.00,1.95,3.91,AN3,C32D,2.84,0.00,1.95,3.92,POS,0.88,3.44,1.29,81
DIST,4,AN0,0323,-0.27,6.01,1.95,2.84,AN1,8A94,2.82,5.87,1.95,3.06,AN2,189B,0.00,0.00,1.95,3.94,AN3,C32D,2.84,0.00,1.95,3.90,POS,0.90,3.44,1.27,82
DIST,4,AN0,0323,-0.27,6.01,1.95,2.83,AN1,8A94,2.82,5.87,1.95,3.04,AN2,189B,0.00,0.00,1.95,3.91,AN3,C32D,2.84,0.00,1.95,3.87,POS,0.91,3.44,1.27,84
DIST,4,AN0,0323,-0.27,6.01,1.95,2.90,AN1,8A94,2.82,5.87,1.95,3.05,AN2,189B,0.00,0.00,1.95,3.83,AN3,C32D,2.84,0.00,1.95,3.91,POS,0.94,3.47,1.21,78
DIST,4,AN0,0323,-0.27,6.01,1.95,2.86,AN1,8A94,2.82,5.87,1.95,3.10,AN2,189B,0.00,0.00,1.95,3.86,AN3,C32D,2.84,0.00,1.95,3.87,POS,0.93,3.45,1.21,83
DIST,4,AN0,0323,-0.27,6.01,1.95,2.85,AN1,8A94,2.82,5.87,1.95,3.04,AN2,189B,0.00,0.00,1.95,3.85,AN3,C32D,2.84,0.00,1.95,3.88,POS,0.94,3.45,1.21,83
DIST,4,AN0,0323,-0.27,6.01,1.95,2.82,AN1,8A94,2.82,5.87,1.95,3.08,AN2,189B,0.00,0.00,1.95,3.78,AN3,C32D,2.84,0.00,1.95,3.86,POS,0.94,3.44,1.24,85
DIST,4,AN0,0323,-0.27,6.01,1.95,2.82,AN1,8A94,2.82,5.87,1.95,3.03,AN2,189B,0.00,0.00,1.95,3.84,AN3,C32D,2.84,0.00,1.95,3.86,POS,0.94,3.44,1.27,86
DIST,4,AN0,0323,-0.27,6.01,1.95,2.75,AN1,8A94,2.82,5.87,1.95,2.98,AN2,189B,0.00,0.00,1.95,3.80,AN3,C32D,2.84,0.00,1.95,3.80,POS,0.94,3.43,1.24,81
DIST,4,AN0,0323,-0.27,6.01,1.95,2.85,AN1,8A94,2.82,5.87,1.95,3.01,AN2,189B,0.00,0.00,1.95,3.76,AN3,C32D,2.84,0.00,1.95,3.77,POS,0.95,3.42,1.32,91
DIST,4,AN0,8A94,2.82,5.87,1.95,1.42,AN1,C32D,2.84,0.00,1.95,5.69,AN2,0323,-0.27,6.01,1.95,3.90,AN3,189B,0.00,0.00,1.95,6.66,POS,3.40,5.56,0.69,70
DIST,4,AN0,8A94,2.82,5.87,1.95,1.41,AN1,C32D,2.84,0.00,1.95,5.72,AN2,0323,-0.27,6.01,1.95,3.94,AN3,189B,0.00,0.00,1.95,6.63,POS,3.41,5.56,0.70,70
DIST,4,AN0,8A94,2.82,5.87,1.95,1.40,AN1,C32D,2.84,0.00,1.95,5.71,AN2,0323,-0.27,6.01,1.95,3.92,AN3,189B,0.00,0.00,1.95,6.64,POS,3.42,5.55,0.71,71
DIST,4,AN0,8A94,2.82,5.87,1.95,1.43,AN1,C32D,2.84,0.00,1.95,5.65,AN2,0323,-0.27,6.01,1.95,3.92,AN3,189B,0.00,0.00,1.95,6.61,POS,3.42,5.54,0.71,70
DIST,4,AN0,8A94,2.82,5.87,1.95,1.43,AN1,C32D,2.84,0.00,1.95,5.70,AN2,0323,-0.27,6.01,1.95,3.86,AN3,189B,0.00,0.00,1.95,6.67,POS,3.40,5.54,0.69,66
DIST,4,AN0,8A94,2.82,5.87,1.95,1.43,AN1,C32D,2.84,0.00,1.95,5.69,AN2,0323,-0.27,6.01,1.95,3.92,AN3,189B,0.00,0.00,1.95,6.58,POS,3.40,5.53,0.69,69
DIST,4,AN0,8A94,2.82,5.87,1.95,1.42,AN1,C32D,2.84,0.00,1.95,5.65,AN2,0323,-0.27,6.01,1.95,3.93,AN3,189B,0.00,0.00,1.95,6.56,POS,3.40,5.52,0.70,70
DIST,4,AN0,8A94,2.82,5.87,1.95,1.41,AN1,C32D,2.84,0.00,1.95,5.71,AN2,0323,-0.27,6.01,1.95,3.89,AN3,189B,0.00,0.00,1.95,6.55,POS,3.40,5.53,0.70,69
DIST,4,AN0,8A94,2.82,5.87,1.95,1.44,AN1,C32D,2.84,0.00,1.95,5.72,AN2,0323,-0.27,6.01,1.95,3.92,AN3,189B,0.00,0.00,1.95,6.64,POS,3.40,5.53,0.70,70
DIST,4,AN0,8A94,2.82,5.87,1.95,1.38,AN1,C32D,2.84,0.00,1.95,5.72,AN2,0323,-0.27,6.01,1.95,3.93,AN3,189B,0.00,0.00,1.95,6.65,POS,3.41,5.54,0.71,71
DIST,4,AN0,8A94,2.82,5.87,1.95,1.39,AN1,C32D,2.84,0.00,1.95,5.67,AN2,0323,-0.27,6.01,1.95,3.90,AN3,189B,0.00,0.00,1.95,6.60,POS,3.41,5.53,0.72,70
DIST,4,AN0,8A94,2.82,5.87,1.95,1.41,AN1,C32D,2.84,0.00,1.95,5.72,AN2,0323,-0.27,6.01,1.95,3.88,AN3,189B,0.00,0.00,1.95,6.58,POS,3.40,5.54,0.71,67
DIST,4,AN0,8A94,2.82,5.87,1.95,1.41,AN1,C32D,2.84,0.00,1.95,5.72,AN2,0323,-0.27,6.01,1.95,3.94,AN3,189B,0.00,0.00,1.95,6.57,POS,3.41,5.54,0.72,71
DIST,4,AN0,8A94,2.82,5.87,1.95,1.41,AN1,C32D,2.84,0.00,1.95,5.73,AN2,0323,-0.27,6.01,1.95,3.88,AN3,189B,0.00,0.00,1.95,6.67,POS,3.41,5.55,0.71,69
DIST,4,AN0,8A94,2.82,5.87,1.95,1.45,AN1,C32D,2.84,0.00,1.95,5.71,AN2,0323,-0.27,6.01,1.95,3.92,AN3,189B,0.00,0.00,1.95,6.59,POS,3.40,5.54,0.70,68
DIST,4,AN0,8A94,2.82,5.87,1.95,1.40,AN1,C32D,2.84,0.00,1.95,5.73,AN2,0323,-0.27,6.01,1.95,3.89,AN3,189B,0.00,0.00,1.95,6.54,POS,3.40,5.55,0.70,68
DIST,4,AN0,8A94,2.82,5.87,1.95,1.44,AN1,C32D,2.84,0.00,1.95,5.73,AN2,0323,-0.27,6.01,1.95,3.94,AN3,189B,0.00,0.00,1.95,6.57,POS,3.41,5.55,0.70,70
DIST,4,AN0,8A94,2.82,5.87,1.95,1.41,AN1,C32D,2.84,0.00,1.95,5.72,AN2,0323,-0.27,6.01,1.95,3.93,AN3,189B,0.00,0.00,1.95,6.57,POS,3.41,5.55,0.70,70
DIST,4,AN0,8A94,2.82,5.87,1.95,1.41,AN1,C32D,2.84,0.00,1.95,5.67,AN2,0323,-0.27,6.01,1.95,3.93,AN3,189B,0.00,0.00,1.95,6.60,POS,3.42,5.54,0.71,70
DIST,4,AN0,8A94,2.82,5.87,1.95,1.44,AN1,C32D,2.84,0.00,1.95,5.73,AN2,0323,-0.27,6.01,1.95,3.94,AN3,189B,0.00,0.00,1.95,6.65,POS,3.42,5.55,0.71,70
DIST,4,AN0,8A94,2.82,5.87,1.95,1.43,AN1,C32D,2.84,0.00,1.95,5.72,AN2,0323,-0.27,6.01,1.95,3.89,AN3,189B,0.00,0.00,1.95,6.61,POS,3.41,5.55,0.70,68
DIST,4,AN0,8A94,2.82,5.87,1.95,1.45,AN1,C32D,2.84,0.00,1.95,5.72,AN2,0323,-0.27,6.01,1.95,3.96,AN3,189B,0.00,0.00,1.95,6.58,POS,3.42,5.55,0.70,71
DIST,4,AN0,8A94,2.82,5.87,1.95,1.36,AN1,C32D,2.84,0.00,1.95,5.75,AN2,0323,-0.27,6.01,1.95,3.94,AN3,189B,0.00,0.00,1.95,6.57,POS,3.43,5.56,0.72,73
DIST,4,AN0,8A94,2.82,5.87,1.95,1.48,AN1,C32D,2.84,0.00,1.95,5.75,AN2,0323,-0.27,6.01,1.95,3.86,AN3,189B,0.00,0.00,1.95,6.55,POS,3.40,5.56,0.69,65
DIST,4,AN0,8A94,2.82,5.87,1.95,1.41,AN1,C32D,2.84,0.00,1.95,5.72,AN2,0323,-0.27,6.01,1.95,3.95,AN3,189B,0.00,0.00,1.95,6.57,POS,3.42,5.56,0.70,72
DIST,4,AN0,8A94,2.82,5.87,1.95,1.41,AN1,C32D,2.84,0.00,1.95,5.72,AN2,0323,-0.27,6.01,1.95,3.92,AN3,189B,0.00,0.00,1.95,6.57,POS,3.42,5.56,0.70,70
DIST,4,AN0,8A94,2.82,5.87,1.95,1.41,AN1,C32D,2.84,0.00,1.95,5.63,AN2,0323,-0.27,6.01,1.95,3.95,AN3,189B,0.00,0.00,1.95,6.58,POS,3.43,5.54,0.72,71
DIST,4,AN0,8A94,2.82,5.87,1.95,1.43,AN1,C32D,2.84,0.00,1.95,5.71,AN2,0323,-0.27,6.01,1.95,3.89,AN3,189B,0.00,0.00,1.95,6.55,POS,3.41,5.54,0.71,68
DIST,4,AN0,8A94,2.82,5.87,1.95,1.45,AN1,C32D,2.84,0.00,1.95,5.70,AN2,0323,-0.27,6.01,1.95,3.93,AN3,189B,0.00,0.00,1.95,6.60,POS,3.41,5.53,0.70,69
DIST,4,AN0,8A94,2.82,5.87,1.95,1.46,AN1,C32D,2.84,0.00,1.95,5.70,AN2,0323,-0.27,6.01,1.95,4.00,AN3,189B,0.00,0.00,1.95,6.57,POS,3.43,5.53,0.70,73
DIST,4,AN0,8A94,2.82,5.87,1.95,1.41,AN1,C32D,2.84,0.00,1.95,5.69,AN2,0323,-0.27,6.01,1.95,3.94,AN3,189B,0.00,0.00,1.95,6.60,POS,3.43,5.53,0.71,70
DIST,4,AN0,8A94,2.82,5.87,1.95,1.41,AN1,C32D,2.84,0.00,1.95,5.70,AN2,0323,-0.27,6.01,1.95,3.93,AN3,189B,0.00,0.00,1.95,6.66,POS,3.44,5.53,0.72,72
DIST,4,AN0,8A94,2.82,5.87,1.95,1.45,AN1,C32D,2.84,0.00,1.95,5.71,AN2,0323,-0.27,6.01,1.95,3.86,AN3,189B,0.00,0.00,1.95,6.62,POS,3.42,5.53,0.69,67
DIST,4,AN0,8A94,2.82,5.87,1.95,1.42,AN1,C32D,2.84,0.00,1.95,5.71,AN2,0323,-0.27,6.01,1.95,3.95,AN3,189B,0.00,0.00,1.95,6.60,POS,3.42,5.53,0.70,70
DIST,4,AN0,8A94,2.82,5.87,1.95,1.43,AN1,C32D,2.84,0.00,1.95,5.72,AN2,0323,-0.27,6.01,1.95,3.93,AN3,189B,0.00,0.00,1.95,6.56,POS,3.42,5.54,0.70,70
DIST,4,AN0,8A94,2.82,5.87,1.95,1.43,AN1,C32D,2.84,0.00,1.95,5.77,AN2,0323,-0.27,6.01,1.95,3.86,AN3,189B,0.00,0.00,1.95,6.62,POS,3.39,5.55,0.69,65
DIST,4,AN0,8A94,2.82,5.87,1.95,1.41,AN1,C32D,2.84,0.00,1.95,5.72,AN2,0323,-0.27,6.01,1.95,3.90,AN3,189B,0.00,0.00,1.95,6.54,POS,3.39,5.55,0.69,69
DIST,4,AN0,8A94,2.82,5.87,1.95,1.39,AN1,C32D,2.84,0.00,1.95,5.72,AN2,0323,-0.27,6.01,1.95,3.92,AN3,189B,0.00,0.00,1.95,6.53,POS,3.40,5.55,0.70,70
DIST,4,AN0,8A94,2.82,5.87,1.95,1.44,AN1,C32D,2.84,0.00,1.95,5.68,AN2,0323,-0.27,6.01,1.95,3.93,AN3,189B,0.00,0.00,1.95,6.58,POS,3.40,5.54,0.70,69
DIST,4,AN0,8A94,2.82,5.87,1.95,1.41,AN1,C32D,2.84,0.00,1.95,5.72,AN2,0323,-0.27,6.01,1.95,3.91,AN3,189B,0.00,0.00,1.95,6.58,POS,3.40,5.55,0.71,70
DIST,4,AN0,8A94,2.82,5.87,1.95,1.43,AN1,C32D,2.84,0.00,1.95,5.72,AN2,0323,-0.27,6.01,1.95,3.99,AN3,189B,0.00,0.00,1.95,6.63,POS,3.42,5.55,0.71,72
DIST,4,AN0,8A94,2.82,5.87,1.95,1.41,AN1,C32D,2.84,0.00,1.95,5.72,AN2,0323,-0.27,6.01,1.95,3.92,AN3,189B,0.00,0.00,1.95,6.65,POS,3.42,5.55,0.71,70
DIST,4,AN0,8A94,2.82,5.87,1.95,1.43,AN1,C32D,2.84,0.00,1.95,5.72,AN2,0323,-0.27,6.01,1.95,3.94,AN3,189B,0.00,0.00,1.95,6.68,POS,3.43,5.55,0.71,72
DIST,4,AN0,8A94,2.82,5.87,1.95,1.41,AN1,C32D,2.84,0.00,1.95,5.39,AN2,0323,-0.27,6.01,1.95,3.98,AN3,189B,0.00,0.00,1.95,6.63,POS,3.45,5.47,0.75,73
DIST,4,AN0,8A94,2.82,5.87,1.95,1.38,AN1,C32D,2.84,0.00,1.95,5.53,AN2,0323,-0.27,6.01,1.95,3.91,AN3,189B,0.00,0.00,1.95,6.48,POS,3.44,5.45,0.77,71
DIST,4,AN0,8A94,2.82,5.87,1.95,1.37,AN1,C32D,2.84,0.00,1.95,5.56,AN2,0323,-0.27,6.01,1.95,3.93,AN3,189B,0.00,0.00,1.95,6.49,POS,3.44,5.44,0.78,71
DIST,3,AN0,C32D,2.84,0.00,1.95,5.70,AN1,0323,-0.27,6.01,1.95,3.73,AN2,189B,0.00,0.00,1.95,6.45,POS,3.33,5.44,0.65,89
DIST,4,AN0,8A94,2.82,5.87,1.95,0.94,AN1,C32D,2.84,0.00,1.95,5.66,AN2,0323,-0.27,6.01,1.95,3.51,AN3,189B,0.00,0.00,1.95,7.17,POS,3.28,5.48,0.77,55
DIST,4,AN0,8A94,2.82,5.87,1.95,0.77,AN1,C32D,2.84,0.00,1.95,5.37,AN2,0323,-0.27,6.01,1.95,3.36,AN3,189B,0.00,0.00,1.95,6.68,POS,3.20,5.44,0.93,44
DIST,4,AN0,8A94,2.82,5.87,1.95,0.69,AN1,C32D,2.84,0.00,1.95,5.82,AN2,0323,-0.27,6.01,1.95,3.30,AN3,189B,0.00,0.00,1.95,6.46,POS,3.14,5.53,1.01,39
DIST,4,AN0,8A94,2.82,5.87,1.95,0.76,AN1,C32D,2.84,0.00,1.95,5.97,AN2,0323,-0.27,6.01,1.95,3.19,AN3,189B,0.00,0.00,1.95,6.44,POS,3.06,5.63,1.06,24
DIST,4,AN0,8A94,2.82,5.87,1.95,0.91,AN1,C32D,2.84,0.00,1.95,5.40,AN2,0323,-0.27,6.01,1.95,3.17,AN3,189B,0.00,0.00,1.95,6.27,POS,2.98,5.56,1.10,44
DIST,4,AN0,8A94,2.82,5.87,1.95,1.08,AN1,C32D,2.84,0.00,1.95,5.36,AN2,0323,-0.27,6.01,1.95,3.13,AN3,189B,0.00,0.00,1.95,6.08,POS,2.90,5.49,1.09,39
DIST,4,AN0,8A94,2.82,5.87,1.95,1.15,AN1,C32D,2.84,0.00,1.95,5.11,AN2,0323,-0.27,6.01,1.95,3.10,AN3,189B,0.00,0.00,1.95,5.96,POS,2.82,5.38,1.11,59
DIST,4,AN0,8A94,2.82,5.87,1.95,1.39,AN1,0323,-0.27,6.01,1.95,3.17,AN2,C32D,2.84,0.00,1.95,5.19,AN3,189B,0.00,0.00,1.95,5.73,POS,2.74,5.30,1.05,38
DIST,4,AN0,8A94,2.82,5.87,1.95,1.47,AN1,0323,-0.27,6.01,1.95,3.26,AN2,C32D,2.84,0.00,1.95,4.99,AN3,189B,0.00,0.00,1.95,5.63,POS,2.71,5.19,1.01,50
DIST,4,AN0,8A94,2.82,5.87,1.95,1.64,AN1,0323,-0.27,6.01,1.95,3.26,AN2,C32D,2.84,0.00,1.95,5.00,AN3,189B,0.00,0.00,1.95,5.38,POS,2.66,5.10,0.93,40
DIST,4,AN0,8A94,2.82,5.87,1.95,1.84,AN1,0323,-0.27,6.01,1.95,3.25,AN2,C32D,2.84,0.00,1.95,4.56,AN3,189B,0.00DIST,4,AN0,8A94,2.82,5.87,1.95,2.30,AN1,0323,-0.27,6.01,1.95,2.45,AN2,189B,0.00,0.00,1.95,4.14,AN3,C32D,2.84,0.00,1.95,4.17,POS,1.36,4.02,1.34,83
DIST,4,AN0,8A94,2.82,5.87,1.95,2.32,AN1,0323,-0.27,6.01,1.95,2.41,AN2,189B,0.00,0.00,1.95,4.16,AN3,C32D,2.84,0.00,1.95,4.17,POS,1.37,4.04,1.34,86
DIST,4,AN0,8A94,2.82,5.87,1.95,2.30,AN1,0323,-0.27,6.01,1.95,2.42,AN2,189B,0.00,0.00,1.95,4.12,AN3,C32D,2.84,0.00,1.95,4.10,POS,1.39,4.04,1.42,90
DIST,4,AN0,8A94,2.82,5.87,1.95,2.30,AN1,0323,-0.27,6.01,1.95,2.48,AN2,189B,0.00,0.00,1.95,4.17,AN3,C32D,2.84,0.00,1.95,4.07,POS,1.38,4.02,1.41,87
DIST,4,AN0,8A94,2.82,5.87,1.95,2.35,AN1,0323,-0.27,6.01,1.95,2.42,AN2,189B,0.00,0.00,1.95,4.18,AN3,C32D,2.84,0.00,1.95,4.12,POS,1.34,4.01,1.39,85
DIST,4,AN0,8A94,2.82,5.87,1.95,2.39,AN1,0323,-0.27,6.01,1.95,2.37,AN2,189B,0.00,0.00,1.95,4.18,AN3,C32D,2.84,0.00,1.95,4.13,POS,1.30,3.99,1.39,85
DIST,4,AN0,8A94,2.82,5.87,1.95,2.28,AN1,0323,-0.27,6.01,1.95,2.41,AN2,189B,0.00,0.00,1.95,4.13,AN3,C32D,2.84,0.00,1.95,4.17,POS,1.31,4.01,1.38,85
DIST,4,AN0,8A94,2.82,5.87,1.95,2.35,AN1,0323,-0.27,6.01,1.95,2.40,AN2,189B,0.00,0.00,1.95,4.15,AN3,C32D,2.84,0.00,1.95,4.13,POS,1.29,4.00,1.37,85
DIST,4,AN0,8A94,2.82,5.87,1.95,2.30,AN1,0323,-0.27,6.01,1.95,2.36,AN2,189B,0.00,0.00,1.95,4.14,AN3,C32D,2.84,0.00,1.95,4.16,POS,1.31,4.02,1.43,90
DIST,4,AN0,8A94,2.82,5.87,1.95,2.29,AN1,0323,-0.27,6.01,1.95,2.45,AN2,189B,0.00,0.00,1.95,4.16,AN3,C32D,2.84,0.00,1.95,4.15,POS,1.35,4.04,1.41,86
DIST,4,AN0,8A94,2.82,5.87,1.95,2.33,AN1,0323,-0.27,6.01,1.95,2.40,AN2,189B,0.00,0.00,1.95,4.20,AN3,C32D,2.84,0.00,1.95,4.14,POS,1.32,4.03,1.39,85
DIST,4,AN0,8A94,2.82,5.87,1.95,2.28,AN1,0323,-0.27,6.01,1.95,2.43,AN2,189B,0.00,0.00,1.95,4.17,AN3,C32D,2.84,0.00,1.95,4.11,POS,1.37,4.04,1.47,89
DIST,4,AN0,8A94,2.82,5.87,1.95,2.35,AN1,0323,-0.27,6.01,1.95,2.39,AN2,189B,0.00,0.00,1.95,4.16,AN3,C32D,2.84,0.00,1.95,4.16,POS,1.38,4.06,1.48,88
DIST,4,AN0,8A94,2.82,5.87,1.95,2.34,AN1,0323,-0.27,6.01,1.95,2.44,AN2,189B,0.00,0.00,1.95,4.17,AN3,C32D,2.84,0.00,1.95,4.15,POS,1.40,4.06,1.46,86
DIST,4,AN0,8A94,2.82,5.87,1.95,2.29,AN1,0323,-0.27,6.01,1.95,2.41,AN2,189B,0.00,0.00,1.95,4.15,AN3,C32D,2.84,0.00,1.95,4.30,POS,1.36,4.07,1.48,87
DIST,4,AN0,8A94,2.82,5.87,1.95,2.28,AN1,0323,-0.27,6.01,1.95,2.38,AN2,189B,0.00,0.00,1.95,4.13,AN3,C32D,2.84,0.00,1.95,4.25,POS,1.34,4.08,1.42,82
DIST,4,AN0,8A94,2.82,5.87,1.95,2.34,AN1,0323,-0.27,6.01,1.95,2.31,AN2,189B,0.00,0.00,1.95,4.08,AN3,C32D,2.84,0.00,1.95,4.14,POS,1.33,4.07,1.54,92
DIST,4,AN0,8A94,2.82,5.87,1.95,2.34,AN1,0323,-0.27,6.01,1.95,2.22,AN2,189B,0.00,0.00,1.95,4.08,AN3,C32D,2.84,0.00,1.95,4.22,POS,1.30,4.08,1.61,89
DIST,4,AN0,8A94,2.82,5.87,1.95,2.47,AN1,0323,-0.27,6.01,1.95,2.14,AN2,189B,0.00,0.00,1.95,4.01,AN3,C32D,2.84,0.00,1.95,4.26,POS,1.24,4.08,1.65,85
DIST,4,AN0,8A94,2.82,5.87,1.95,2.52,AN1,0323,-0.27,6.01,1.95,2.16,AN2,189B,0.00,0.00,1.95,4.00,AN3,C32D,2.84,0.00,1.95,4.24,POS,1.19,4.07,1.68,85
DIST,4,AN0,0323,-0.27,6.01,1.95,2.11,AN1,8A94,2.82,5.87,1.95,2.54,AN2,189B,0.00,0.00,1.95,3.97,AN3,C32D,2.84,0.00,1.95,4.26,POS,1.14,4.08,1.55,74
DIST,4,AN0,0323,-0.27,6.01,1.95,2.17,AN1,8A94,2.82,5.87,1.95,2.69,AN2,189B,0.00,0.00,1.95,3.96,AN3,C32D,2.84,0.00,1.95,4.27,POS,1.09,4.07,1.55,81
DIST,4,AN0,0323,-0.27,6.01,1.95,2.23,AN1,8A94,2.82,5.87,1.95,2.74,AN2,189B,0.00,0.00,1.95,3.85,AN3,C32D,2.84,0.00,1.95,4.24,POS,1.01,4.03,1.50,76
DIST,4,AN0,0323,-0.27,6.01,1.95,2.13,AN1,8A94,2.82,5.87,1.95,2.95,AN2,189B,0.00,0.00,1.95,3.69,AN3,C32D,2.84,0.00,1.95,4.26,POS,0.91,3.98,1.59,77
DIST,4,AN0,0323,-0.27,6.01,1.95,2.22,AN1,8A94,2.82,5.87,1.95,3.06,AN2,189B,0.00,0.00,1.95,3.67,AN3,C32D,2.84,0.00,1.95,4.30,POS,0.79,3.94,1.53,78
DIST,4,AN0,0323,-0.27,6.01,1.95,2.21,AN1,8A94,2.82,5.87,1.95,3.17,AN2,189B,0.00,0.00,1.95,3.69,AN3,C32D,2.84,0.00,1.95,4.37,POS,0.70,3.90,1.46,78
DIST,4,AN0,0323,-0.27,6.01,1.95,2.22,AN1,8A94,2.82,5.87,1.95,3.27,AN2,189B,0.00,0.00,1.95,3.62,AN3,C32D,2.84,0.00,1.95,4.37,POS,0.60,3.86,1.42,78
DIST,4,AN0,0323,-0.27,6.01,1.95,2.25,AN1,8A94,2.82,5.87,1.95,3.36,AN2,189B,0.00,0.00,1.95,3.57,AN3,C32D,2.84,0.00,1.95,4.43,POS,0.48,3.82,1.37,79
DIST,4,AN0,0323,-0.27,6.01,1.95,2.31,AN1,8A94,2.82,5.87,1.95,3.49,AN2,189B,0.00,0.00,1.95,3.58,AN3,C32D,2.84,0.00,1.95,4.41,POS,0.36,3.76,1.38,78
DIST,4,AN0,0323,-0.27,6.01,1.95,2.33,AN1,8A94,2.82,5.87,1.95,3.57,AN2,189B,0.00,0.00,1.95,3.46,AN3,C32D,2.84,0.00,1.95,4.46,POS,0.25,3.72,1.34,73
DIST,4,AN0,0323,-0.27,6.01,1.95,2.38,AN1,8A94,2.82,5.87,1.95,3.71,AN2,189B,0.00,0.00,1.95,3.37,AN3,C32D,2.84,0.00,1.95,4.48,POS,0.13,3.66,1.36,71
DIST,4,AN0,0323,-0.27,6.01,1.95,2.36,AN1,8A94,2.82,5.87,1.95,3.71,AN2,189B,0.00,0.00,1.95,3.50,AN3,C32D,2.84,0.00,1.95,4.48,POS,0.04,3.62,1.39,73
DIST,4,AN0,0323,-0.27,6.01,1.95,2.36,AN1,8A94,2.82,5.87,1.95,3.68,AN2,189B,0.00,0.00,1.95,3.44,AN3,C32D,2.84,0.00,1.95,4.43,POS,0.03,3.61,1.35,75
DIST,4,AN0,0323,-0.27,6.01,1.95,2.37,AN1,8A94,2.82,5.87,1.95,3.69,AN2,189B,0.00,0.00,1.95,3.45,AN3,C32D,2.84,0.00,1.95,4.57,POS,-0.04,3.60,1.32,68
DIST,4,AN0,0323,-0.27,6.01,1.95,2.41,AN1,189B,0.00,0.00,1.95,3.47,AN2,8A94,2.82,5.87,1.95,3.66,AN3,C32D,2.84,0.00,1.95,4.56,POS,-0.06,3.58,1.37,77
DIST,4,AN0,0323,-0.27,6.01,1.95,2.40,AN1,189B,0.00,0.00,1.95,3.48,AN2,8A94,2.82,5.87,1.95,3.58,AN3,C32D,2.84,0.00,1.95,4.57,POS,-0.06,3.58,1.41,78
DIST,4,AN0,0323,-0.27,6.01,1.95,2.38,AN1,189B,0.00,0.00,1.95,3.44,AN2,8A94,2.82,5.87,1.95,3.62,AN3,C32D,2.84,0.00,1.95,4.59,POS,-0.07,3.57,1.51,78
DIST,4,AN0,0323,-0.27,6.01,1.95,2.34,AN1,189B,0.00,0.00,1.95,3.55,AN2,8A94,2.82,5.87,1.95,3.66,AN3,C32D,2.84,0.00,1.95,4.47,POS,-0.10,3.55,1.50,74
DIST,4,AN0,0323,-0.27,6.01,1.95,2.35,AN1,189B,0.00,0.00,1.95,3.47,AN2,8A94,2.82,5.87,1.95,3.63,AN3,C32D,2.84,0.00,1.95,4.55,POS,-0.10,3.56,1.58,79
DIST,4,AN0,0323,-0.27,6.01,1.95,2.31,AN1,189B,0.00,0.00,1.95,3.49,AN2,8A94,2.82,5.87,1.95,3.62,AN3,C32D,2.84,0.00,1.95,4.55,POS,-0.12,3.57,1.49,70
DIST,4,AN0,0323,-0.27,6.01,1.95,2.39,AN1,189B,0.00,0.00,1.95,3.56,AN2,8A94,2.82,5.87,1.95,3.61,AN3,C32D,2.84,0.00,1.95,4.53,POS,-0.10,3.58,1.45,77
DIST,4,AN0,0323,-0.27,6.01,1.95,2.40,AN1,189B,0.00,0.00,1.95,3.50,AN2,8A94,2.82,5.87,1.95,3.58,AN3,C32D,2.84,0.00,1.95,4.55,POS,-0.09,3.58,1.46,78
DIST,4,AN0,0323,-0.27,6.01,1.95,2.38,AN1,189B,0.00,0.00,1.95,3.51,AN2,8A94,2.82,5.87,1.95,3.57,AN3,C32D,2.84,0.00,1.95,4.51,POS,-0.07,3.58,1.48,78
DIST,4,AN0,0323,-0.27,6.01,1.95,2.43,AN1,189B,0.00,0.00,1.95,3.51,AN2,8A94,2.82,5.87,1.95,3.58,AN3,C32D,2.84,0.00,1.95,4.47,POS,-0.05,3.58,1.46,78
DIST,4,AN0,0323,-0.27,6.01,1.95,2.39,AN1,189B,0.00,0.00,1.95,3.47,AN2,8A94,2.82,5.87,1.95,3.59,AN3,C32D,2.84,0.00,1.95,4.51,POS,-0.05,3.57,1.50,78
DIST,4,AN0,0323,-0.27,6.01,1.95,2.39,AN1,189B,0.00,0.00,1.95,3.48,AN2,8A94,2.82,5.87,1.95,3.59,AN3,C32D,2.84,0.00,1.95,4.49,POS,-0.04,3.57,1.52,78
DIST,4,AN0,0323,-0.27,6.01,1.95,2.38,AN1,189B,0.00,0.00,1.95,3.53,AN2,8A94,2.82,5.87,1.95,3.56,AN3,C32D,2.84,0.00,1.95,4.45,POS,-0.02,3.57,1.52,78
DIST,4,AN0,0323,-0.27,6.01,1.95,2.37,AN1,189B,0.00,0.00,1.95,3.50,AN2,8A94,2.82,5.87,1.95,3.56,AN3,C32D,2.84,0.00,1.95,4.50,POS,-0.02,3.58,1.54,78
DIST,4,AN0,0323,-0.27,6.01,1.95,2.37,AN1,189B,0.00,0.00,1.95,3.46,AN2,8A94,2.82,5.87,1.95,3.53,AN3,C32D,2.84,0.00,1.95,4.45,POS,-0.01,3.57,1.62,78
DIST,4,AN0,0323,-0.27,6.01,1.95,2.42,AN1,189B,0.00,0.00,1.95,3.51,AN2,8A94,2.82,5.87,1.95,3.57,AN3,C32D,2.84,0.00,1.95,4.53,POS,-0.02,3.57,1.56,78
DIST,4,AN0,0323,-0.27,6.01,1.95,2.39,AN1,189B,0.00,0.00,1.95,3.48,AN2,8A94,2.82,5.87,1.95,3.57,AN3,C32D,2.84,0.00,1.95,4.48,POS,-0.02,3.57,1.58,78
DIST,4,AN0,0323,-0.27,6.01,1.95,2.37,AN1,189B,0.00,0.00,1.95,3.50,AN2,8A94,2.82,5.87,1.95,3.58,AN3,C32D,2.84,0.00,1.95,4.44,POS,-0.01,3.57,1.60,78
DIST,4,AN0,0323,-0.27,6.01,1.95,2.32,AN1,189B,0.00,0.00,1.95,3.56,AN2,8A94,2.82,5.87,1.95,3.54,AN3,C32D,2.84,0.00,1.95,4.54,POS,-0.01,3.59,1.58,79
DIST,4,AN0,0323,-0.27,6.01,1.95,2.33,AN1,189B,0.00,0.00,1.95,3.50,AN2,8A94,2.82,5.87,1.95,3.47,AN3,C32D,2.84,0.00,1.95,4.47,POS,-0.01,3.60,1.50,76
DIST,4,AN0,0323,-0.27,6.01,1.95,2.34,AN1,189B,0.00,0.00,1.95,3.53,AN2,8A94,2.82,5.87,1.95,3.50,AN3,C32D,2.84,0.00,1.95,4.55,POS,-0.01,3.60,1.53,78
DIST,4,AN0,0323,-0.27,6.01,1.95,2.40,AN1,189B,0.00,0.00,1.95,3.49,AN2,8A94,2.82,5.87,1.95,3.49,AN3,C32D,2.84,0.00,1.95,4.53,POS,0.02,3.59,1.53,77
DIST,4,AN0,0323,-0.27,6.01,1.95,2.39,AN1,189B,0.00,0.00,1.95,3.53,AN2,8A94,2.82,5.87,1.95,3.49,AN3,C32D,2.84,0.00,1.95,4.47,POS,0.03,3.60,1.54,78
DIST,4,AN0,0323,-0.27,6.01,1.95,2.38,AN1,189B,0.00,0.00,1.95,3.49,AN2,8A94,2.82,5.87,1.95,3.56,AN3,C32D,2.84,0.00,1.95,4.57,POS,-0.02,3.61,1.54,76
DIST,4,AN0,0323,-0.27,6.01,1.95,2.36,AN1,189B,0.00,0.00,1.95,3.50,AN2,8A94,2.82,5.87,1.95,3.54,AN3,C32D,2.84,0.00,1.95,4.54,POS,-0.03,3.61,1.57,78
DIST,4,AN0,0323,-0.27,6.01,1.95,2.39,AN1,189B,0.00,0.00,1.95,3.53,AN2,8A94,2.82,5.87,1.95,3.55,AN3,C32D,2.84,0.00,1.95,4.49,POS,-0.01,3.60,1.53,78
DIST,4,AN0,0323,-0.27,6.01,1.95,2.36,AN1,189B,0.00,0.00,1.95,3.52,AN2,8A94,2.82,5.87,1.95,3.53,AN3,C32D,2.84,0.00,1.95,4.55,POS,-0.02,3.60,1.54,78
DIST,4,AN0,0323,-0.27,6.01,1.95,2.34,AN1,189B,0.00,0.00,1.95,3.51,AN2,8A94,2.82,5.87,1.95,3.50,AN3,C32D,2.84,0.00,1.95,4.53,POS,-0.02,3.60,1.58,78
DIST,4,AN0,0323,-0.27,6.01,1.95,2.35,AN1,189B,0.00,0.00,1.95,3.49,AN2,8A94,2.82,5.87,1.95,3.52,AN3,C32D,2.84,0.00,1.95,4.48,POS,-0.01,3.60,1.62,78
DIST,4,AN0,0323,-0.27,6.01,1.95,2.35,AN1,189B,0.00,0.00,1.95,3.49,AN2,8A94,2.82,5.87,1.95,3.53,AN3,C32D,2.84,0.00,1.95,4.49,POS,-0.01,3.59,1.67,78
DIST,4,AN0,0323,-0.27,6.01,1.95,2.36,AN1,189B,0.00,0.00,1.95,3.51,AN2,8A94,2.82,5.87,1.95,3.43,AN3,C32D,2.84,0.00,1.95,4.45,POS,0.02,3.60,1.67,77
DIST,4,AN0,0323,-0.27,6.01,1.95,2.38,AN1,189B,0.00,0.00,1.95,3.56,AN2,8A94,2.82,5.87,1.95,3.41,AN3,C32D,2.84,0.00,1.95,4.39,POS,0.06,3.60,1.62,77
DIST,4,AN0,0323,-0.27,6.01,1.95,2.37,AN1,8A94,2.82,5.87,1.95,3.41,AN2,189B,0.00,0.00,1.95,3.46,AN3,C32D,2.84,0.00,1.95,4.38,POS,0.07,3.60,1.54,78
DIST,4,AN0,0323,-0.27,6.01,1.95,2.50,AN1,8A94,2.82,5.87,1.95,3.42,AN2,189B,0.00,0.00,1.95,3.46,AN3,C32D,2.84,0.00,1.95,4.20,POS,0.15,3.58,1.56,75
DIST,4,AN0,0323,-0.27,6.01,1.95,2.54,AN1,8A94,2.82,5.87,1.95,3.44,AN2,189B,0.00,0.00,1.95,3.28,AN3,C32D,2.84,0.00,1.95,4.12,POS,0.18,3.54,1.49,75
DIST,4,AN0,0323,-0.27,6.01,1.95,2.61,AN1,8A94,2.82,5.87,1.95,3.44,AN2,189B,0.00,0.00,1.95,3.20,AN3,C32D,2.84,0.00,1.95,3.94,POS,0.20,3.47,1.60,77
DIST,4,AN0,0323,-0.27,6.01,1.95,2.78,AN1,189B,0.00,0.00,1.95,3.11,AN2,8A94,2.82,5.87,1.95,3.50,AN3,C32D,2.84,0.00,1.95,3.90,POS,0.25,3.40,1.51,73
DIST,4,AN0,0323,-0.27,6.01,1.95,2.91,AN1,189B,0.00,0.00,1.95,3.04,AN2,8A94,2.82,5.87,1.95,3.45,AN3,C32D,2.84,0.00,1.95,3.63,POS,0.32,3.31,1.51,84
DIST,4,AN0,0323,-0.27,6.01,1.95,3.02,AN1,189B,0.00,0.00,1.95,3.01,AN2,8A94,2.82,5.87,1.95,3.43,AN3,C32D,2.84,0.00,1.95,3.50,POS,0.41,3.22,1.50,87
DIST,4,AN0,0323,-0.27,6.01,1.95,3.12,AN1,189B,0.00,0.00,1.95,2.97,AN2,8A94,2.82,5.87,1.95,3.42,AN3,C32D,2.84,0.00,1.95,3.31,POS,0.57,3.16,1.51,94
DIST,4,AN0,0323,-0.27,6.01,1.95,3.30,AN1,189B,0.00,0.00,1.95,2.89,AN2,8A94,2.82,5.87,1.95,3.47,AN3,C32D,2.84,0.00,1.95,3.09,POS,0.72,3.08,1.57,98
DIST,4,AN0,0323,-0.27,6.01,1.95,3.41,AN1,189B,0.00,0.00,1.95,2.89,AN2,8A94,2.82,5.87,1.95,3.48,AN3,C32D,2.84,0.00,1.95,3.05,POS,0.81,2.98,1.55,94
DIST,4,AN0,189B,0.00,0.00,1.95,2.78,AN1,0323,-0.27,6.01,1.95,3.55,AN2,8A94,2.82,5.87,1.95,3.58,AN3,C32D,2.84,0.00,1.95,2.90,POS,0.88,2.87,1.56,95
DIST,4,AN0,189B,0.00,0.00,1.95,2.79,AN1,0323,-0.27,6.01,1.95,3.59,AN2,C32D,2.84,0.00,1.95,2.75,AN3,8A94,2.82,5.87,1.95,3.51,POS,0.96,2.77,1.48,89
DIST,4,AN0,189B,0.00,0.00,1.95,2.77,AN1,C32D,2.84,0.00,1.95,2.78,AN2,0323,-0.27,6.01,1.95,3.67,AN3,8A94,2.82,5.87,1.95,3.60,POS,1.02,2.69,1.49,95
DIST,4,AN0,189B,0.00,0.00,1.95,2.77,AN1,C32D,2.84,0.00,1.95,2.73,AN2,0323,-0.27,6.01,1.95,3.70,AN3,8A94,2.82,5.87,1.95,3.50,POS,1.12,2.64,1.50,95
DIST,4,AN0,189B,0.00,0.00,1.95,2.79,AN1,C32D,2.84,0.00,1.95,2.73,AN2,0323,-0.27,6.01,1.95,3.70,AN3,8A94,2.82,5.87,1.95,3.54,POS,1.17,2.60,1.51,96
DIST,4,AN0,189B,0.00,0.00,1.95,2.80,AN1,C32D,2.84,0.00,1.95,2.74,AN2,8A94,2.82,5.87,1.95,3.52,AN3,0323,-0.27,6.01,1.95,3.65,POS,1.20,2.57,1.59,98
DIST,4,AN0,189B,0.00,0.00,1.95,2.82,AN1,C32D,2.84,0.00,1.95,2.74,AN2,8A94,2.82,5.87,1.95,3.52,AN3,0323,-0.27,6.01,1.95,3.70,POS,1.23,2.55,1.56,95
DIST,4,AN0,189B,0.00,0.00,1.95,2.83,AN1,C32D,2.84,0.00,1.95,2.74,AN2,8A94,2.82,5.87,1.95,3.45,AN3,0323,-0.27,6.01,1.95,3.60,POS,1.25,2.54,1.48,89
DIST,4,AN0,189B,0.00,0.00,1.95,2.88,AN1,C32D,2.84,0.00,1.95,2.78,AN2,8A94,2.82,5.87,1.95,3.56,AN3,0323,-0.27,6.01,1.95,3.70,POS,1.32,2.56,1.44,92
DIST,4,AN0,189B,0.00,0.00,1.95,2.88,AN1,C32D,2.84,0.00,1.95,2.75,AN2,8A94,2.82,5.87,1.95,3.57,AN3,0323,-0.27,6.01,1.95,3.63,POS,1.29,2.53,1.38,88
DIST,4,AN0,189B,0.00,0.00,1.95,2.89,AN1,C32D,2.84,0.00,1.95,2.80,AN2,8A94,2.82,5.87,1.95,3.56,AN3,0323,-0.27,6.01,1.95,3.64,POS,1.34,2.56,1.40,94
DIST,4,AN0,189B,0.00,0.00,1.95,2.87,AN1,C32D,2.84,0.00,1.95,2.76,AN2,8A94,2.82,5.87,1.95,3.49,AN3,0323,-0.27,6.01,1.95,3.62,POS,1.39,2.58,1.49,98
DIST,4,AN0,189B,0.00,0.00,1.95,2.82,AN1,C32D,2.84,0.00,1.95,2.76,AN2,8A94,2.82,5.87,1.95,3.49,AN3,0323,-0.27,6.01,1.95,3.58,POS,1.42,2.60,1.41,88
DIST,4,AN0,189B,0.00,0.00,1.95,2.86,AN1,C32D,2.84,0.00,1.95,2.74,AN2,8A94,2.82,5.87,1.95,3.50,AN3,0323,-0.27,6.01,1.95,3.68,POS,1.40,2.57,1.44,96
DIST,4,AN0,189B,0.00,0.00,1.95,2.84,AN1,C32D,2.84,0.00,1.95,2.71,AN2,8A94,2.82,5.87,1.95,3.55,AN3,0323,-0.27,6.01,1.95,3.72,POS,1.38,2.54,1.46,95
DIST,4,AN0,189B,0.00,0.00,1.95,2.89,AN1,C32D,2.84,0.00,1.95,2.74,AN2,8A94,2.82,5.87,1.95,3.49,AN3,0323,-0.27,6.01,1.95,3.70,POS,1.38,2.53,1.47,95
DIST,4,AN0,189B,0.00,0.00,1.95,2.87,AN1,C32D,2.84,0.00,1.95,2.74,AN2,8A94,2.82,5.87,1.95,3.49,AN3,0323,-0.27,6.01,1.95,3.71,POS,1.38,2.53,1.47,95
DIST,4,AN0,189B,0.00,0.00,1.95,2.94,AN1,C32D,2.84,0.00,1.95,2.69,AN2,8A94,2.82,5.87,1.95,3.42,AN3,0323,-0.27,6.01,1.95,3.72,POS,1.40,2.53,1.50,96
DIST,4,AN0,189B,0.00,0.00,1.95,2.97,AN1,C32D,2.84,0.00,1.95,2.66,AN2,8A94,2.82,5.87,1.95,3.49,AN3,0323,-0.27,6.01,1.95,3.70,POS,1.49,2.56,1.43,86
DIST,4,AN0,C32D,2.84,0.00,1.95,2.60,AN1,189B,0.00,0.00,1.95,2.88,AN2,8A94,2.82,5.87,1.95,3.49,AN3,0323,-0.27,6.01,1.95,3.79,POS,1.49,2.53,1.48,96
DIST,4,AN0,C32D,2.84,0.00,1.95,2.50,AN1,189B,0.00,0.00,1.95,2.95,AN2,8A94,2.82,5.87,1.95,3.61,AN3,0323,-0.27,6.01,1.95,3.90,POS,1.60,2.52,1.40,82
DIST,4,AN0,C32D,2.84,0.00,1.95,2.45,AN1,189B,0.00,0.00,1.95,2.91,AN2,8A94,2.82,5.87,1.95,3.60,AN3,0323,-0.27,6.01,1.95,4.01,POS,1.67,2.50,1.42,88
DIST,4,AN0,C32D,2.84,0.00,1.95,2.38,AN1,189B,0.00,0.00,1.95,2.92,AN2,8A94,2.82,5.87,1.95,3.65,AN3,0323,-0.27,6.01,1.95,4.06,POS,1.74,2.47,1.46,88
DIST,4,AN0,C32D,2.84,0.00,1.95,2.22,AN1,189B,0.00,0.00,1.95,2.99,AN2,8A94,2.82,5.87,1.95,3.68,AN3,0323,-0.27,6.01,1.95,4.24,POS,1.85,2.43,1.51,82
DIST,4,AN0,C32D,2.84,0.00,1.95,2.10,AN1,189B,0.00,0.00,1.95,3.06,AN2,8A94,2.82,5.87,1.95,3.79,AN3,0323,-0.27,6.01,1.95,4.40,POS,1.98,2.39,1.57,76
DIST,4,AN0,C32D,2.84,0.00,1.95,2.03,AN1,189B,0.00,0.00,1.95,3.12,AN2,8A94,2.82,5.87,1.95,3.85,AN3,0323,-0.27,6.01,1.95,4.49,POS,2.11,2.34,1.49,76
DIST,4,AN0,C32D,2.84,0.00,1.95,1.97,AN1,189B,0.00,0.00,1.95,3.24,AN2,8A94,2.82,5.87,1.95,3.90,AN3,0323,-0.27,6.01,1.95,4.70,POS,2.26,2.28,1.49,77
DIST,4,AN0,C32D,2.84,0.00,1.95,1.90,AN1,189B,0.00,0.00,1.95,3.23,AN2,8A94,2.82,5.87,1.95,3.94,AN3,0323,-0.27,6.01,1.95,4.88,POS,2.36,2.21,1.58,78
DIST,4,AN0,C32D,2.84,0.00,1.95,1.75,AN1,189B,0.00,0.00,1.95,3.22,AN2,8A94,2.82,5.87,1.95,4.04,AN3,0323,-0.27,6.01,1.95,4.96,POS,2.47,2.13,1.56,76
DIST,4,AN0,C32D,2.84,0.00,1.95,1.68,AN1,189B,0.00,0.00,1.95,3.26,AN2,8A94,2.82,5.87,1.95,4.11,AN3,0323,-0.27,6.01,1.95,5.07,POS,2.58,2.06,1.56,73
DIST,4,AN0,C32D,2.84,0.00,1.95,1.62,AN1,189B,0.00,0.00,1.95,3.27,AN2,8A94,2.82,5.87,1.95,4.23,AN3,0323,-0.27,6.01,1.95,5.01,POS,2.69,2.01,1.54,67
DIST,4,AN0,C32D,2.84,0.00,1.95,1.54,AN1,189B,0.00,0.00,1.95,3.30,AN2,8A94,2.82,5.87,1.95,4.23,AN3,0323,-0.27,6.01,1.95,5.19,POS,2.80,1.94,1.50,62
DIST,4,AN0,C32D,2.84,0.00,1.95,1.51,AN1,189B,0.00,0.00,1.95,3.40,AN2,8A94,2.82,5.87,1.95,4.35,AN3,0323,-0.27,6.01,1.95,5.33,POS,2.91,1.87,1.47,66
DIST,4,AN0,C32D,2.84,0.00,1.95,1.44,AN1,8A94,2.82,5.87,1.95,4.32,AN2,189B,0.00,0.00,1.95,3.45,AN3,0323,-0.27,6.01,1.95,5.30,POS,3.04,1.82,1.48,71
DIST,4,AN0,C32D,2.84,0.00,1.95,1.44,AN1,8A94,2.82,5.87,1.95,4.30,AN2,189B,0.00,0.00,1.95,3.42,AN3,0323,-0.27,6.01,1.95,5.24,POS,3.13,1.80,1.53,70
DIST,4,AN0,C32D,2.84,0.00,1.95,1.42,AN1,8A94,2.82,5.87,1.95,4.22,AN2,189B,0.00,0.00,1.95,3.36,AN3,0323,-0.27,6.01,1.95,5.25,POS,3.18,1.77,1.51,68
DIST,4,AN0,C32D,2.84,0.00,1.95,1.55,AN1,8A94,2.82,5.87,1.95,4.30,AN2,189B,0.00,0.00,1.95,3.40,AN3,0323,-0.27,6.01,1.95,5.21,POS,3.19,1.77,1.51,65
DIST,4,AN0,C32D,2.84,0.00,1.95,1.54,AN1,8A94,2.82,5.87,1.95,4.22,AN2,189B,0.00,0.00,1.95,3.37,AN3,0323,-0.27,6.01,1.95,5.26,POS,3.19,1.75,1.48,65
DIST,4,AN0,C32D,2.84,0.00,1.95,1.57,AN1,8A94,2.82,5.87,1.95,4.30,AN2,189B,0.00,0.00,1.95,3.31,AN3,0323,-0.27,6.01,1.95,5.24,POS,3.15,1.74,1.49,67
DIST,4,AN0,C32D,2.84,0.00,1.95,1.55,AN1,8A94,2.82,5.87,1.95,4.26,AN2,189B,0.00,0.00,1.95,3.32,AN3,0323,-0.27,6.01,1.95,5.19,POS,3.15,1.74,1.46,63
DIST,4,AN0,C32D,2.84,0.00,1.95,1.52,AN1,8A94,2.82,5.87,1.95,4.30,AN2,189B,0.00,0.00,1.95,3.23,AN3,0323,-0.27,6.01,1.95,5.23,POS,3.10,1.72,1.49,71
DIST,4,AN0,C32D,2.84,0.00,1.95,1.48,AN1,8A94,2.82,5.87,1.95,4.30,AN2,189B,0.00,0.00,1.95,3.26,AN3,0323,-0.27,6.01,1.95,5.23,POS,3.10,1.71,1.46,61
DIST,4,AN0,C32D,2.84,0.00,1.95,1.44,AN1,8A94,2.82,5.87,1.95,4.30,AN2,189B,0.00,0.00,1.95,3.26,AN3,0323,-0.27,6.01,1.95,5.28,POS,3.11,1.69,1.44,61
DIST,4,AN0,C32D,2.84,0.00,1.95,1.48,AN1,8A94,2.82,5.87,1.95,4.34,AN2,189B,0.00,0.00,1.95,3.30,AN3,0323,-0.27,6.01,1.95,5.29,POS,3.10,1.68,1.54,69
DIST,4,AN0,C32D,2.84,0.00,1.95,1.46,AN1,8A94,2.82,5.87,1.95,4.31,AN2,189B,0.00,0.00,1.95,3.30,AN3,0323,-0.27,6.01,1.95,5.22,POS,3.11,1.68,1.55,62
DIST,4,AN0,C32D,2.84,0.00,1.95,1.48,AN1,8A94,2.82,5.87,1.95,4.37,AN2,189B,0.00,0.00,1.95,3.32,AN3,0323,-0.27,6.01,1.95,5.23,POS,3.13,1.69,1.55,63
DIST,4,AN0,C32D,2.84,0.00,1.95,1.43,AN1,8A94,2.82,5.87,1.95,4.32,AN2,189B,0.00,0.00,1.95,3.29,AN3,0323,-0.27,6.01,1.95,5.24,POS,3.14,1.68,1.57,63
DIST,4,AN0,C32D,2.84,0.00,1.95,1.43,AN1,8A94,2.82,5.87,1.95,4.35,AN2,189B,0.00,0.00,1.95,3.21,AN3,0323,-0.27,6.01,1.95,5.29,POS,3.10,1.66,1.61,72
DIST,4,AN0,C32D,2.84,0.00,1.95,1.41,AN1,8A94,2.82,5.87,1.95,4.37,AN2,189B,0.00,0.00,1.95,3.25,AN3,0323,-0.27,6.01,1.95,5.35,POS,3.09,1.64,1.63,69
DIST,4,AN0,C32D,2.84,0.00,1.95,1.41,AN1,8A94,2.82,5.87,1.95,4.40,AN2,189B,0.00,0.00,1.95,3.21,AN3,0323,-0.27,6.01,1.95,5.31,POS,3.07,1.63,1.66,72
DIST,4,AN0,C32D,2.84,0.00,1.95,1.36,AN1,8A94,2.82,5.87,1.95,4.45,AN2,189B,0.00,0.00,1.95,3.16,AN3,0323,-0.27,6.01,1.95,5.22,POS,3.07,1.62,1.65,68
DIST,4,AN0,C32D,2.84,0.00,1.95,1.33,AN1,8A94,2.82,5.87,1.95,4.49,AN2,189B,0.00,0.00,1.95,3.07,AN3,0323,-0.27,6.01,1.95,5.25,POS,3.04,1.60,1.58,67
DIST,4,AN0,C32D,2.84,0.00,1.95,1.34,AN1,8A94,2.82,5.87,1.95,4.49,AN2,189B,0.00,0.00,1.95,2.98,AN3,0323,-0.27,6.01,1.95,5.21,POS,2.99,1.58,1.51,70
DIST,4,AN0,C32D,2.84,0.00,1.95,1.27,AN1,8A94,2.82,5.87,1.95,4.47,AN2,189B,0.00,0.00,1.95,2.81,AN3,0323,-0.27,6.01,1.95,5.02,POS,2.93,1.57,1.46,75
DIST,4,AN0,C32D,2.84,0.00,1.95,1.26,AN1,8A94,2.82,5.87,1.95,4.57,AN2,189B,0.00,0.00,1.95,2.66,AN3,0323,-0.27,6.01,1.95,5.07,POS,2.83,1.54,1.46,81
DIST,4,AN0,C32D,2.84,0.00,1.95,1.26,AN1,189B,0.00,0.00,1.95,2.45,AN2,8A94,2.82,5.87,1.95,4.63,AN3,0323,-0.27,6.01,1.95,5.13,POS,2.69,1.49,1.52,81
DIST,4,AN0,C32D,2.84,0.00,1.95,1.27,AN1,189B,0.00,0.00,1.95,2.34,AN2,8A94,2.82,5.87,1.95,4.73,AN3,0323,-0.27,6.01,1.95,5.12,POS,2.56,1.44,1.58,80
DIST,4,AN0,C32D,2.84,0.00,1.95,1.26,AN1,189B,0.00,0.00,1.95,2.21,AN2,8A94,2.82,5.87,1.95,4.80,AN3,0323,-0.27,6.01,1.95,5.22,POS,2.44,1.36,1.55,65
DIST,4,AN0,C32D,2.84,0.00,1.95,1.30,AN1,189B,0.00,0.00,1.95,2.13,AN2,8A94,2.82,5.87,1.95,4.88,AN3,0323,-0.27,6.01,1.95,5.21,POS,2.33,1.30,1.52,59
DIST,4,AN0,C32D,2.84,0.00,1.95,1.44,AN1,189B,0.00,0.00,1.95,1.98,AN2,8A94,2.82,5.87,1.95,5.00,AN3,0323,-0.27,6.01,1.95,5.16,POS,2.19,1.25,1.48,62
DIST,4,AN0,C32D,2.84,0.00,1.95,1.49,AN1,189B,0.00,0.00,1.95,1.85,AN2,8A94,2.82,5.87,1.95,5.03,AN3,0323,-0.27,6.01,1.95,5.16,POS,2.06,1.20,1.44,64
DIST,4,AN0,C32D,2.84,0.00,1.95,1.51,AN1,189B,0.00,0.00,1.95,1.79,AN2,8A94,2.82,5.87,1.95,5.01,AN3,0323,-0.27,6.01,1.95,5.17,POS,1.94,1.15,1.42,64
DIST,4,AN0,C32D,2.84,0.00,1.95,1.52,AN1,189B,0.00,0.00,1.95,1.75,AN2,8A94,2.82,5.87,1.95,5.00,AN3,0323,-0.27,6.01,1.95,5.21,POS,1.81,1.09,1.45,69
DIST,4,AN0,C32D,2.84,0.00,1.95,1.54,AN1,189B,0.00,0.00,1.95,1.73,AN2,8A94,2.82,5.87,1.95,5.02,AN3,0323,-0.27,6.01,1.95,5.17,POS,1.74,1.06,1.43,65
DIST,4,AN0,C32D,2.84,0.00,1.95,1.54,AN1,189B,0.00,0.00,1.95,1.69,AN2,8A94,2.82,5.87,1.95,5.08,AN3,0323,-0.27,6.01,1.95,5.22,POS,1.63,0.99,1.40,58
DIST,4,AN0,C32D,2.84,0.00,1.95,1.57,AN1,189B,0.00,0.00,1.95,1.74,AN2,8A94,2.82,5.87,1.95,5.01,AN3,0323,-0.27,6.01,1.95,5.18,POS,1.61,0.98,1.37,63
DIST,4,AN0,C32D,2.84,0.00,1.95,1.56,AN1,189B,0.00,0.00,1.95,1.65,AN2,8A94,2.82,5.87,1.95,5.08,AN3,0323,-0.27,6.01,1.95,5.20,POS,1.57,0.97,1.36,65
DIST,4,AN0,C32D,2.84,0.00,1.95,1.54,AN1,189B,0.00,0.00,1.95,1.67,AN2,8A94,2.82,5.87,1.95,5.09,AN3,0323,-0.27,6.01,1.95,5.17,POS,1.56,0.97,1.38,67
DIST,4,AN0,C32D,2.84,0.00,1.95,1.53,AN1,189B,0.00,0.00,1.95,1.70,AN2,8A94,2.82,5.87,1.95,5.07,AN3,0323,-0.27,6.01,1.95,5.26,POS,1.51,0.93,1.42,68
DIST,4,AN0,C32D,2.84,0.00,1.95,1.57,AN1,189B,0.00,0.00,1.95,1.63,AN2,8A94,2.82,5.87,1.95,5.09,AN3,0323,-0.27,6.01,1.95,5.19,POS,1.50,0.94,1.40,66
DIST,4,AN0,C32D,2.84,0.00,1.95,1.55,AN1,189B,0.00,0.00,1.95,1.62,AN2,8A94,2.82,5.87,1.95,5.16,AN3,0323,-0.27,6.01,1.95,5.23,POS,1.49,0.93,1.39,64
DIST,4,AN0,C32D,2.84,0.00,1.95,1.53,AN1,189B,0.00,0.00,1.95,1.64,AN2,8A94,2.82,5.87,1.95,5.17,AN3,0323,-0.27,6.01,1.95,5.25,POS,1.49,0.92,1.38,63
DIST,4,AN0,C32D,2.84,0.00,1.95,1.62,AN1,189B,0.00,0.00,1.95,1.57,AN2,8A94,2.82,5.87,1.95,5.18,AN3,0323,-0.27,6.01,1.95,5.18,POS,1.46,0.92,1.37,67
DIST,4,AN0,C32D,2.84,0.00,1.95,1.77,AN1,189B,0.00,0.00,1.95,1.50,AN2,8A94,2.82,5.87,1.95,5.15,AN3,0323,-0.27,6.01,1.95,5.17,POS,1.41,0.93,1.46,73
DIST,4,AN0,189B,0.00,0.00,1.95,1.45,AN1,C32D,2.84,0.00,1.95,1.87,AN2,8A94,2.82,5.87,1.95,5.18,AN3,0323,-0.27,6.01,1.95,5.06,POS,1.34,0.95,1.42,63
DIST,4,AN0,189B,0.00,0.00,1.95,1.36,AN1,C32D,2.84,0.00,1.95,1.99,AN2,8A94,2.82,5.87,1.95,5.19,AN3,0323,-0.27,6.01,1.95,5.03,POS,1.26,0.96,1.38,59
DIST,4,AN0,189B,0.00,0.00,1.95,1.29,AN1,C32D,2.84,0.00,1.95,2.13,AN2,8A94,2.82,5.87,1.95,5.32,AN3,0323,-0.27,6.01,1.95,4.90,POS,1.16,0.98,1.38,60
DIST,4,AN0,189B,0.00,0.00,1.95,1.29,AN1,C32D,2.84,0.00,1.95,2.35,AN2,8A94,2.82,5.87,1.95,5.14,AN3,0323,-0.27,6.01,1.95,4.73,POS,1.04,1.04,1.38,65
DIST,4,AN0,189B,0.00,0.00,1.95,1.24,AN1,C32D,2.84,0.00,1.95,2.49,AN2,0323,-0.27,6.01,1.95,4.68,AN3,8A94,2.82,5.87,1.95,5.17,POS,0.91,1.09,1.38,72
DIST,4,AN0,189B,0.00,0.00,1.95,1.22,AN1,C32D,2.84,0.00,1.95,2.63,AN2,0323,-0.27,6.01,1.95,4.64,AN3,8A94,2.82,5.87,1.95,5.06,POS,0.78,1.13,1.38,78
DIST,4,AN0,189B,0.00,0.00,1.95,1.31,AN1,C32D,2.84,0.00,1.95,2.81,AN2,0323,-0.27,6.01,1.95,4.51,AN3,8A94,2.82,5.87,1.95,5.19,POS,0.65,1.19,1.38,81
DIST,4,AN0,189B,0.00,0.00,1.95,1.37,AN1,C32D,2.84,0.00,1.95,2.98,AN2,0323,-0.27,6.01,1.95,4.44,AN3,8A94,2.82,5.87,1.95,5.08,POS,0.50,1.24,1.38,76
DIST,4,AN0,189B,0.00,0.00,1.95,1.43,AN1,C32D,2.84,0.00,1.95,3.04,AN2,0323,-0.27,6.01,1.95,4.38,AN3,8A94,2.82,5.87,1.95,5.15,POS,0.39,1.31,1.36,74
DIST,4,AN0,189B,0.00,0.00,1.95,1.43,AN1,C32D,2.84,0.00,1.95,3.15,AN2,0323,-0.27,6.01,1.95,4.33,AN3,8A94,2.82,5.87,1.95,5.18,POS,0.28,1.36,1.36,71
DIST,4,AN0,189B,0.00,0.00,1.95,1.46,AN1,C32D,2.84,0.00,1.95,3.08,AN2,0323,-0.27,6.01,1.95,4.32,AN3,8A94,2.82,5.87,1.95,5.10,POS,0.16,1.37,1.40,68
DIST,4,AN0,189B,0.00,0.00,1.95,1.45,AN1,C32D,2.84,0.00,1.95,3.14,AN2,0323,-0.27,6.01,1.95,4.27,AN3,8A94,2.82,5.87,1.95,5.11,POS,0.11,1.42,1.42,75
DIST,4,AN0,189B,0.00,0.00,1.95,1.44,AN1,C32D,2.84,0.00,1.95,3.22,AN2,0323,-0.27,6.01,1.95,4.21,AN3,8A94,2.82,5.87,1.95,5.14,POS,0.05,1.47,1.48,75
DIST,4,AN0,189B,0.00,0.00,1.95,1.49,AN1,C32D,2.84,0.00,1.95,3.18,AN2,0323,-0.27,6.01,1.95,4.26,AN3,8A94,2.82,5.87,1.95,5.19,POS,0.02,1.50,1.45,70
DIST,4,AN0,189B,0.00,0.00,1.95,1.46,AN1,C32D,2.84,0.00,1.95,3.19,AN2,0323,-0.27,6.01,1.95,4.29,AN3,8A94,2.82,5.87,1.95,5.19,POS,-0.01,1.51,1.44,71
DIST,4,AN0,189B,0.00,0.00,1.95,1.51,AN1,0323,-0.27,6.01,1.95,4.26,AN2,8A94,2.82,5.87,1.95,5.21,AN3,C32D,2.84,0.00,1.95,3.18,POS,-0.02,1.54,1.42,70
DIST,4,AN0,189B,0.00,0.00,1.95,1.46,AN1,0323,-0.27,6.01,1.95,4.31,AN2,8A94,2.82,5.87,1.95,5.18,AN3,C32D,2.84,0.00,1.95,3.19,POS,-0.04,1.54,1.40,69
DIST,4,AN0,189B,0.00,0.00,1.95,1.55,AN1,0323,-0.27,6.01,1.95,4.34,AN2,8A94,2.82,5.87,1.95,5.19,AN3,C32D,2.84,0.00,1.95,3.17,POS,-0.02,1.55,1.44,79
DIST,4,AN0,189B,0.00,0.00,1.95,1.48,AN1,0323,-0.27,6.01,1.95,4.32,AN2,8A94,2.82,5.87,1.95,5.26,AN3,C32D,2.84,0.00,1.95,3.19,POS,-0.04,1.55,1.40,67
DIST,4,AN0,189B,0.00,0.00,1.95,1.51,AN1,0323,-0.27,6.01,1.95,4.30,AN2,8A94,2.82,5.87,1.95,5.21,AN3,C32D,2.84,0.00,1.95,3.13,POS,-0.03,1.55,1.36,69
DIST,4,AN0,189B,0.00,0.00,1.95,1.56,AN1,0323,-0.27,6.01,1.95,4.30,AN2,8A94,2.82,5.87,1.95,5.09,AN3,C32D,2.84,0.00,1.95,3.25,POS,-0.05,1.57,1.42,75
DIST,4,AN0,189B,0.00,0.00,1.95,1.60,AN1,0323,-0.27,6.01,1.95,4.27,AN2,8A94,2.82,5.87,1.95,5.12,AN3,C32D,2.84,0.00,1.95,3.12,POS,-0.12,1.53,1.38,61
DIST,4,AN0,189B,0.00,0.00,1.95,1.55,AN1,0323,-0.27,6.01,1.95,4.23,AN2,8A94,2.82,5.87,1.95,5.03,AN3,C32D,2.84,0.00,1.95,3.12,POS,-0.14,1.52,1.40,67
DIST,4,AN0,189B,0.00,0.00,1.95,1.54,AN1,0323,-0.27,6.01,1.95,4.22,AN2,8A94,2.82,5.87,1.95,4.97,AN3,C32D,2.84,0.00,1.95,3.16,POS,-0.11,1.55,1.39,72
DIST,4,AN0,189B,0.00,0.00,1.95,1.57,AN1,0323,-0.27,6.01,1.95,4.21,AN2,8A94,2.82,5.87,1.95,4.95,AN3,C32D,2.84,0.00,1.95,3.14,POS,-0.08,1.57,1.44,79
DIST,4,AN0,189B,0.00,0.00,1.95,1.63,AN1,0323,-0.27,6.01,1.95,4.12,AN2,8A94,2.82,5.87,1.95,4.96,AN3,C32D,2.84,0.00,1.95,3.18,POS,-0.06,1.61,1.43,75
DIST,4,AN0,189B,0.00,0.00,1.95,1.63,AN1,0323,-0.27,6.01,1.95,4.10,AN2,8A94,2.82,5.87,1.95,4.88,AN3,C32D,2.84,0.00,1.95,3.21,POS,-0.06,1.64,1.42,73
DIST,4,AN0,189B,0.00,0.00,1.95,1.72,AN1,0323,-0.27,6.01,1.95,4.08,AN2,8A94,2.82,5.87,1.95,4.77,AN3,C32D,2.84,0.00,1.95,3.24,POS,-0.04,1.68,1.38,71
DIST,4,AN0,189B,0.00,0.00,1.95,1.76,AN1,0323,-0.27,6.01,1.95,4.15,AN2,8A94,2.82,5.87,1.95,4.75,AN3,C32D,2.84,0.00,1.95,3.19,POS,0.01,1.71,1.43,77
DIST,4,AN0,189B,0.00,0.00,1.95,1.85,AN1,C32D,2.84,0.00,1.95,3.11,AN2,0323,-0.27,6.01,1.95,4.01,AN3,8A94,2.82,5.87,1.95,4.60,POS,0.07,1.76,1.38,77
DIST,4,AN0,189B,0.00,0.00,1.95,1.86,AN1,C32D,2.84,0.00,1.95,2.95,AN2,0323,-0.27,6.01,1.95,4.01,AN3,8A94,2.82,5.87,1.95,4.50,POS,0.15,1.79,1.37,76
DIST,4,AN0,189B,0.00,0.00,1.95,1.97,AN1,C32D,2.84,0.00,1.95,2.92,AN2,0323,-0.27,6.01,1.95,3.94,AN3,8A94,2.82,5.87,1.95,4.36,POS,0.24,1.84,1.37,75
DIST,4,AN0,189B,0.00,0.00,1.95,2.11,AN1,C32D,2.84,0.00,1.95,2.90,AN2,0323,-0.27,6.01,1.95,3.86,AN3,8A94,2.82,5.87,1.95,4.19,POS,0.35,1.91,1.35,78
DIST,4,AN0,189B,0.00,0.00,1.95,2.20,AN1,C32D,2.84,0.00,1.95,2.89,AN2,0323,-0.27,6.01,1.95,3.87,AN3,8A94,2.82,5.87,1.95,4.04,POS,0.48,1.97,1.35,83
DIST,4,AN0,189B,0.00,0.00,1.95,2.35,AN1,C32D,2.84,0.00,1.95,2.84,AN2,0323,-0.27,6.01,1.95,3.76,AN3,8A94,2.82,5.87,1.95,3.95,POS,0.59,2.05,1.35,86
DIST,4,AN0,189B,0.00,0.00,1.95,2.47,AN1,C32D,2.84,0.00,1.95,2.83,AN2,0323,-0.27,6.01,1.95,3.81,AN3,8A94,2.82,5.87,1.95,3.87,POS,0.71,2.11,1.42,93
DIST,4,AN0,189B,0.00,0.00,1.95,2.54,AN1,C32D,2.84,0.00,1.95,2.81,AN2,0323,-0.27,6.01,1.95,3.78,AN3,8A94,2.82,5.87,1.95,3.82,POS,0.81,2.17,1.38,87
DIST,4,AN0,189B,0.00,0.00,1.95,2.60,AN1,C32D,2.84,0.00,1.95,2.78,AN2,0323,-0.27,6.01,1.95,3.82,AN3,8A94,2.82,5.87,1.95,3.68,POS,0.92,2.22,1.49,98
DIST,4,AN0,189B,0.00,0.00,1.95,2.67,AN1,C32D,2.84,0.00,1.95,2.82,AN2,0323,-0.27,6.01,1.95,3.76,AN3,8A94,2.82,5.87,1.95,3.62,POS,1.01,2.28,1.42,89
DIST,4,AN0,189B,0.00,0.00,1.95,2.72,AN1,C32D,2.84,0.00,1.95,2.78,AN2,0323,-0.27,6.01,1.95,3.72,AN3,8A94,2.82,5.87,1.95,3.62,POS,1.08,2.32,1.41,93
DIST,4,AN0,189B,0.00,0.00,1.95,2.74,AN1,C32D,2.84,0.00,1.95,2.79,AN2,0323,-0.27,6.01,1.95,3.69,AN3,8A94,2.82,5.87,1.95,3.54,POS,1.15,2.37,1.40,93
DIST,4,AN0,189B,0.00,0.00,1.95,2.76,AN1,C32D,2.84,0.00,1.95,2.85,AN2,8A94,2.82,5.87,1.95,3.58,AN3,0323,-0.27,6.01,1.95,3.69,POS,1.18,2.40,1.35,89
DIST,4,AN0,189B,0.00,0.00,1.95,2.75,AN1,C32D,2.84,0.00,1.95,2.83,AN2,8A94,2.82,5.87,1.95,3.52,AN3,0323,-0.27,6.01,1.95,3.71,POS,1.22,2.43,1.32,90
DIST,4,AN0,189B,0.00,0.00,1.95,2.78,AN1,C32D,2.84,0.00,1.95,2.77,AN2,8A94,2.82,5.87,1.95,3.55,AN3,0323,-0.27,6.01,1.95,3.66,POS,1.23,2.44,1.38,96
DIST,4,AN0,189B,0.00,0.00,1.95,2.77,AN1,C32D,2.84,0.00,1.95,2.81,AN2,8A94,2.82,5.87,1.95,3.57,AN3,0323,-0.27,6.01,1.95,3.64,POS,1.23,2.45,1.42,95
DIST,4,AN0,189B,0.00,0.00,1.95,2.76,AN1,C32D,2.84,0.00,1.95,2.78,AN2,8A94,2.82,5.87,1.95,3.55,AN3,0323,-0.27,6.01,1.95,3.71,POS,1.26,2.46,1.40,92
DIST,4,AN0,189B,0.00,0.00,1.95,2.75,AN1,C32D,2.84,0.00,1.95,2.82,AN2,8A94,2.82,5.87,1.95,3.55,AN3,0323,-0.27,6.01,1.95,3.75,POS,1.28,2.47,1.35,89
DIST,4,AN0,189B,0.00,0.00,1.95,2.74,AN1,C32D,2.84,0.00,1.95,2.80,AN2,8A94,2.82,5.87,1.95,3.54,AN3,0323,-0.27,6.01,1.95,3.69,POS,1.30,2.48,1.35,92
DIST,4,AN0,189B,0.00,0.00,1.95,2.76,AN1,C32D,2.84,0.00,1.95,2.78,AN2,8A94,2.82,5.87,1.95,3.54,AN3,0323,-0.27,6.01,1.95,3.65,POS,1.29,2.48,1.40,96
DIST,4,AN0,189B,0.00,0.00,1.95,2.78,AN1,C32D,2.84,0.00,1.95,2.80,AN2,8A94,2.82,5.87,1.95,3.51,AN3,0323,-0.27,6.01,1.95,3.74,POS,1.32,2.49,1.35,89
DIST,4,AN0,189B,0.00,0.00,1.95,2.76,AN1,C32D,2.84,0.00,1.95,2.74,AN2,8A94,2.82,5.87,1.95,3.53,AN3,0323,-0.27,6.01,1.95,3.75,POS,1.34,2.49,1.35,91
DIST,4,AN0,189B,0.00,0.00,1.95,2.79,AN1,C32D,2.84,0.00,1.95,2.75,AN2,8A94,2.82,5.87,1.95,3.49,AN3,0323,-0.27,6.01,1.95,3.64,POS,1.33,2.50,1.43,98
DIST,4,AN0,189B,0.00,0.00,1.95,2.78,AN1,C32D,2.84,0.00,1.95,2.74,AN2,8A94,2.82,5.87,1.95,3.49,AN3,0323,-0.27,6.01,1.95,3.78,POS,1.37,2.50,1.39,90
DIST,4,AN0,189B,0.00,0.00,1.95,2.80,AN1,C32D,2.84,0.00,1.95,2.71,AN2,8A94,2.82,5.87,1.95,3.52,AN3,0323,-0.27,6.01,1.95,3.77,POS,1.39,2.49,1.38,91
DIST,4,AN0,189B,0.00,0.00,1.95,2.89,AN1,C32D,2.84,0.00,1.95,2.74,AN2,8A94,2.82,5.87,1.95,3.47,AN3,0323,-0.27,6.01,1.95,3.79,POS,1.43,2.50,1.33,88
DIST,4,AN0,C32D,2.84,0.00,1.95,2.77,AN1,189B,0.00,0.00,1.95,2.99,AN2,8A94,2.82,5.87,1.95,3.41,AN3,0323,-0.27,6.01,1.95,3.74,POS,1.47,2.52,1.31,89
DIST,4,AN0,C32D,2.84,0.00,1.95,2.85,AN1,189B,0.00,0.00,1.95,3.12,AN2,8A94,2.82,5.87,1.95,3.26,AN3,0323,-0.27,6.01,1.95,3.59,POS,1.54,2.59,1.38,95
DIST,4,AN0,C32D,2.84,0.00,1.95,2.84,AN1,189B,0.00,0.00,1.95,3.26,AN2,8A94,2.82,5.87,1.95,3.12,AN3,0323,-0.27,6.01,1.95,3.57,POS,1.56,2.64,1.44,96
DIST,4,AN0,C32D,2.84,0.00,1.95,2.89,AN1,189B,0.00,0.00,1.95,3.34,AN2,8A94,2.82,5.87,1.95,3.01,AN3,0323,-0.27,6.01,1.95,3.64,POS,1.65,2.71,1.45,91
DIST,4,AN0,C32D,2.84,0.00,1.95,2.89,AN1,189B,0.00,0.00,1.95,3.51,AN2,8A94,2.82,5.87,1.95,2.91,AN3,0323,-0.27,6.01,1.95,3.62,POS,1.72,2.76,1.46,92
DIST,4,AN0,C32D,2.84,0.00,1.95,2.93,AN1,189B,0.00,0.00,1.95,3.72,AN2,8A94,2.82,5.87,1.95,2.91,AN3,0323,-0.27,6.01,1.95,3.73,POS,1.89,2.85,1.39,73
DIST,4,AN0,C32D,2.84,0.00,1.95,3.00,AN1,8A94,2.82,5.87,1.95,2.77,AN2,189B,0.00,0.00,1.95,3.82,AN3,0323,-0.27,6.01,1.95,3.77,POS,2.03,2.93,1.44,78
DIST,4,AN0,C32D,2.84,0.00,1.95,3.09,AN1,8A94,2.82,5.87,1.95,2.64,AN2,189B,0.00,0.00,1.95,3.89,AN3,0323,-0.27,6.01,1.95,3.65,POS,2.08,2.99,1.41,80
DIST,4,AN0,8A94,2.82,5.87,1.95,2.58,AN1,C32D,2.84,0.00,1.95,3.23,AN2,189B,0.00,0.00,1.95,4.07,AN3,0323,-0.27,6.01,1.95,3.84,POS,2.19,3.06,1.42,73
DIST,4,AN0,8A94,2.82,5.87,1.95,2.46,AN1,C32D,2.84,0.00,1.95,3.24,AN2,189B,0.00,0.00,1.95,4.22,AN3,0323,-0.27,6.01,1.95,3.79,POS,2.34,3.15,1.51,76
DIST,4,AN0,8A94,2.82,5.87,1.95,2.41,AN1,C32D,2.84,0.00,1.95,3.33,AN2,0323,-0.27,6.01,1.95,3.72,AN3,189B,0.00,0.00,1.95,4.22,POS,2.38,3.22,1.54,74
DIST,4,AN0,8A94,2.82,5.87,1.95,2.37,AN1,C32D,2.84,0.00,1.95,3.36,AN2,0323,-0.27,6.01,1.95,3.77,AN3,189B,0.00,0.00,1.95,4.43,POS,2.53,3.32,1.53,67
DIST,4,AN0,8A94,2.82,5.87,1.95,2.36,AN1,C32D,2.84,0.00,1.95,3.34,AN2,0323,-0.27,6.01,1.95,3.84,AN3,189B,0.00,0.00,1.95,4.43,POS,2.57,3.35,1.57,75
DIST,4,AN0,8A94,2.82,5.87,1.95,2.32,AN1,C32D,2.84,0.00,1.95,3.37,AN2,0323,-0.27,6.01,1.95,3.86,AN3,189B,0.00,0.00,1.95,4.47,POS,2.61,3.38,1.60,76
DIST,4,AN0,8A94,2.82,5.87,1.95,2.31,AN1,C32D,2.84,0.00,1.95,3.36,AN2,0323,-0.27,6.01,1.95,3.82,AN3,189B,0.00,0.00,1.95,4.55,POS,2.76,3.46,1.56,70
DIST,4,AN0,8A94,2.82,5.87,1.95,2.30,AN1,C32D,2.84,0.00,1.95,3.41,AN2,0323,-0.27,6.01,1.95,3.85,AN3,189B,0.00,0.00,1.95,4.53,POS,2.76,3.47,1.57,77
DIST,4,AN0,8A94,2.82,5.87,1.95,2.30,AN1,C32D,2.84,0.00,1.95,3.42,AN2,0323,-0.27,6.01,1.95,3.83,AN3,189B,0.00,0.00,1.95,4.57,POS,2.85,3.53,1.62,67
DIST,4,AN0,8A94,2.82,5.87,1.95,2.33,AN1,C32D,2.84,0.00,1.95,3.44,AN2,0323,-0.27,6.01,1.95,3.78,AN3,189B,0.00,0.00,1.95,4.50,POS,2.80,3.52,1.57,76
DIST,4,AN0,8A94,2.82,5.87,1.95,2.31,AN1,C32D,2.84,0.00,1.95,3.48,AN2,0323,-0.27,6.01,1.95,3.73,AN3,189B,0.00,0.00,1.95,4.40,POS,2.76,3.52,1.53,77
DIST,4,AN0,8A94,2.82,5.87,1.95,2.36,AN1,C32D,2.84,0.00,1.95,3.45,AN2,0323,-0.27,6.01,1.95,3.70,AN3,189B,0.00,0.00,1.95,4.41,POS,2.70,3.52,1.50,75
DIST,4,AN0,8A94,2.82,5.87,1.95,2.37,AN1,C32D,2.84,0.00,1.95,3.41,AN2,0323,-0.27,6.01,1.95,3.76,AN3,189B,0.00,0.00,1.95,4.28,POS,2.67,3.50,1.48,75
DIST,4,AN0,8A94,2.82,5.87,1.95,2.42,AN1,C32D,2.84,0.00,1.95,3.41,AN2,0323,-0.27,6.01,1.95,3.69,AN3,189B,0.00,0.00,1.95,4.38,POS,2.72,3.54,1.43,68
DIST,4,AN0,8A94,2.82,5.87,1.95,2.32,AN1,C32D,2.84,0.00,1.95,3.40,AN2,0323,-0.27,6.01,1.95,3.72,AN3,189B,0.00,0.00,1.95,4.44,POS,2.78,3.57,1.45,70
DIST,4,AN0,8A94,2.82,5.87,1.95,2.30,AN1,C32D,2.84,0.00,1.95,3.46,AN2,0323,-0.27,6.01,1.95,3.62,AN3,189B,0.00,0.00,1.95,4.42,POS,2.80,3.61,1.44,72
DIST,4,AN0,8A94,2.82,5.87,1.95,2.27,AN1,C32D,2.84,0.00,1.95,3.41,AN2,0323,-0.27,6.01,1.95,3.65,AN3,189B,0.00,0.00,1.95,4.52,POS,2.75,3.59,1.38,76
DIST,4,AN0,8A94,2.82,5.87,1.95,2.22,AN1,C32D,2.84,0.00,1.95,3.52,AN2,0323,-0.27,6.01,1.95,3.71,AN3,189B,0.00,0.00,1.95,4.45,POS,2.74,3.59,1.42,77
DIST,4,AN0,8A94,2.82,5.87,1.95,2.26,AN1,C32D,2.84,0.00,1.95,3.49,AN2,0323,-0.27,6.01,1.95,3.69,AN3,189B,0.00,0.00,1.95,4.57,POS,2.83,3.64,1.37,66
DIST,4,AN0,8A94,2.82,5.87,1.95,2.25,AN1,C32D,2.84,0.00,1.95,3.44,AN2,189B,0.00,0.00,1.95,4.51,AN3,0323,-0.27,6.01,1.95,3.72,POS,2.88,3.67,1.46,70
DIST,4,AN0,8A94,2.82,5.87,1.95,2.27,AN1,C32D,2.84,0.00,1.95,3.42,AN2,0323,-0.27,6.01,1.95,3.71,AN3,189B,0.00,0.00,1.95,4.41,POS,2.81,3.63,1.56,76
DIST,4,AN0,8A94,2.82,5.87,1.95,2.30,AN1,C32D,2.84,0.00,1.95,3.40,AN2,0323,-0.27,6.01,1.95,3.73,AN3,189B,0.00,0.00,1.95,4.46,POS,2.86,3.64,1.59,70
DIST,4,AN0,8A94,2.82,5.87,1.95,2.33,AN1,C32D,2.84,0.00,1.95,3.37,AN2,0323,-0.27,6.01,1.95,3.65,AN3,189B,0.00,0.00,1.95,4.44,POS,2.78,3.60,1.49,76
DIST,4,AN0,8A94,2.82,5.87,1.95,2.31,AN1,C32D,2.84,0.00,1.95,3.43,AN2,0323,-0.27,6.01,1.95,3.69,AN3,189B,0.00,0.00,1.95,4.32,POS,2.73,3.57,1.52,76
DIST,4,AN0,8A94,2.82,5.87,1.95,2.29,AN1,C32D,2.84,0.00,1.95,3.41,AN2,0323,-0.27,6.01,1.95,3.54,AN3,189B,0.00,0.00,1.95,4.33,POS,2.66,3.56,1.45,75
DIST,4,AN0,8A94,2.82,5.87,1.95,2.24,AN1,C32D,2.84,0.00,1.95,3.50,AN2,0323,-0.27,6.01,1.95,3.43,AN3,189B,0.00,0.00,1.95,4.36,POS,2.58,3.57,1.39,76
DIST,4,AN0,8A94,2.82,5.87,1.95,2.20,AN1,C32D,2.84,0.00,1.95,3.54,AN2,0323,-0.27,6.01,1.95,3.30,AN3,189B,0.00,0.00,1.95,4.31,POS,2.49,3.58,1.37,75
DIST,4,AN0,8A94,2.82,5.87,1.95,2.17,AN1,C32D,2.84,0.00,1.95,3.62,AN2,0323,-0.27,6.01,1.95,3.16,AN3,189B,0.00,0.00,1.95,4.40,POS,2.39,3.61,1.36,77
DIST,4,AN0,8A94,2.82,5.87,1.95,2.18,AN1,0323,-0.27,6.01,1.95,3.11,AN2,C32D,2.84,0.00,1.95,3.69,AN3,189B,0.00,0.00,1.95,4.25,POS,2.29,3.64,1.34,77
DIST,4,AN0,8A94,2.82,5.87,1.95,2.21,AN1,0323,-0.27,6.01,1.95,3.06,AN2,C32D,2.84,0.00,1.95,3.69,AN3,189B,0.00,0.00,1.95,4.19,POS,2.26,3.69,1.46,78
DIST,4,AN0,8A94,2.82,5.87,1.95,2.24,AN1,0323,-0.27,6.01,1.95,2.92,AN2,C32D,2.84,0.00,1.95,3.71,AN3,189B,0.00,0.00,1.95,4.16,POS,2.14,3.70,1.45,85
DIST,4,AN0,8A94,2.82,5.87,1.95,2.22,AN1,0323,-0.27,6.01,1.95,2.85,AN2,C32D,2.84,0.00,1.95,3.72,AN3,189B,0.00,0.00,1.95,4.05,POS,2.08,3.73,1.40,78
DIST,4,AN0,8A94,2.82,5.87,1.95,2.30,AN1,0323,-0.27,6.01,1.95,2.76,AN2,C32D,2.84,0.00,1.95,3.79,AN3,189B,0.00,0.00,1.95,4.01,POS,1.99,3.76,1.49,89
DIST,4,AN0,8A94,2.82,5.87,1.95,2.30,AN1,0323,-0.27,6.01,1.95,2.66,AN2,C32D,2.84,0.00,1.95,3.86,AN3,189B,0.00,0.00,1.95,4.07,POS,1.93,3.81,1.43,80
DIST,4,AN0,8A94,2.82,5.87,1.95,2.31,AN1,0323,-0.27,6.01,1.95,2.52,AN2,C32D,2.84,0.00,1.95,4.02,AN3,189B,0.00,0.00,1.95,4.07,POS,1.82,3.85,1.45,89
DIST,4,AN0,8A94,2.82,5.87,1.95,2.27,AN1,0323,-0.27,6.01,1.95,2.53,AN2,C32D,2.84,0.00,1.95,4.12,AN3,189B,0.00,0.00,1.95,4.11,POS,1.72,3.89,1.39,83
DIST,4,AN0,8A94,2.82,5.87,1.95,2.22,AN1,0323,-0.27,6.01,1.95,2.44,AN2,C32D,2.84,0.00,1.95,4.15,AN3,189B,0.00,0.00,1.95,4.19,POS,1.66,3.94,1.40,86
DIST,4,AN0,8A94,2.82,5.87,1.95,2.27,AN1,0323,-0.27,6.01,1.95,2.45,AN2,C32D,2.84,0.00,1.95,4.15,AN3,189B,0.00,0.00,1.95,4.15,POS,1.59,3.97,1.39,86
DIST,4,AN0,8A94,2.82,5.87,1.95,2.24,AN1,0323,-0.27,6.01,1.95,2.45,AN2,C32D,2.84,0.00,1.95,4.11,AN3,189B,0.00,0.00,1.95,4.15,POS,1.56,3.99,1.41,87
DIST,4,AN0,8A94,2.82,5.87,1.95,2.30,AN1,0323,-0.27,6.01,1.95,2.49,AN2,C32D,2.84,0.00,1.95,4.12,AN3,189B,0.00,0.00,1.95,4.12,POS,1.52,4.00,1.38,85
DIST,4,AN0,8A94,2.82,5.87,1.95,2.39,AN1,0323,-0.27,6.01,1.95,2.45,AN2,C32D,2.84,0.00,1.95,4.16,AN3,189B,0.00,0.00,1.95,4.16,POS,1.49,4.02,1.36,85
DIST,4,AN0,8A94,2.82,5.87,1.95,2.40,AN1,0323,-0.27,6.01,1.95,2.43,AN2,C32D,2.84,0.00,1.95,4.16,AN3,189B,0.00,0.00,1.95,4.26,POS,1.42,4.01,1.32,81
DIST,4,AN0,8A94,2.82,5.87,1.95,2.24,AN1,0323,-0.27,6.01,1.95,2.41,AN2,C32D,2.84,0.00,1.95,4.22,AN3,189B,0.00,0.00,1.95,4.27,POS,1.44,4.05,1.33,84
DIST,4,AN0,8A94,2.82,5.87,1.95,2.32,AN1,0323,-0.27,6.01,1.95,2.33,AN2,C32D,2.84,0.00,1.95,4.17,AN3,189B,0.00,0.00,1.95,4.23,POS,1.38,4.04,1.36,85
OSDIST,4,AN0,8A94,2.82,5.87,1.95,2.36,AN1,0323,-0.27,6.01,1.95,2.36,AN2,189B,0.00,0.00,1.95,4.24,AN3,C32D,2.84,0.00,1.95,4.13,POS,1.33,4.02,1.37,86
DIST,4,AN0,8A94,2.82,5.87,1.95,2.39,AN1,0323,-0.27,6.01,1.95,2.32,AN2,189B,0.00,0.00,1.95,4.19,AN3,C32D,2.84,0.00,1.95,4.14,POS,1.28,4.01,1.41,86
DIST,4,AN0,8A94,2.82,5.87,1.95,2.39,AN1,0323,-0.27,6.01,1.95,2.33,AN2,189B,0.00,0.00,1.95,4.16,AN3,C32D,2.84,0.00,1.95,4.10,POS,1.24,3.99,1.46,88
DIST,4,AN0,8A94,2.82,5.87,1.95,2.37,AN1,0323,-0.27,6.01,1.95,2.37,AN2,189B,0.00,0.00,1.95,4.20,AN3,C32D,2.84,0.00,1.95,4.16,POS,1.23,3.99,1.42,83
DIST,4,AN0,8A94,2.82,5.87,1.95,2.39,AN1,0323,-0.27,6.01,1.95,2.38,AN2,189B,0.00,0.00,1.95,4.18,AN3,C32D,2.84,0.00,1.95,4.17,POS,1.22,3.99,1.39,82
DIST,4,AN0,8A94,2.82,5.87,1.95,2.36,AN1,0323,-0.27,6.01,1.95,2.39,AN2,189B,0.00,0.00,1.95,4.20,AN3,C32D,2.84,0.00,1.95,4.19,POS,1.22,3.99,1.35,81
DIST,4,AN0,8A94,2.82,5.87,1.95,2.33,AN1,0323,-0.27,6.01,1.95,2.40,AN2,189B,0.00,0.00,1.95,4.22,AN3,C32D,2.84,0.00,1.95,4.18,POS,1.22,4.00,1.32,82
DIST,4,AN0,8A94,2.82,5.87,1.95,2.26,AN1,0323,-0.27,6.01,1.95,2.44,AN2,189B,0.00,0.00,1.95,4.24,AN3,C32D,2.84,0.00,1.95,4.13,POS,1.25,4.00,1.32,86
DIST,4,AN0,8A94,2.82,5.87,1.95,2.33,AN1,0323,-0.27,6.01,1.95,2.42,AN2,189B,0.00,0.00,1.95,4.23,AN3,C32D,2.84,0.00,1.95,4.21,POS,1.30,4.04,1.33,84
DIST,4,AN0,8A94,2.82,5.87,1.95,2.33,AN1,0323,-0.27,6.01,1.95,2.39,AN2,189B,0.00,0.00,1.95,4.29,AN3,C32D,2.84,0.00,1.95,4.12,POS,1.29,4.02,1.35,86
DIST,4,AN0,8A94,2.82,5.87,1.95,2.33,AN1,0323,-0.27,6.01,1.95,2.35,AN2,189B,0.00,0.00,1.95,4.22,AN3,C32D,2.84,0.00,1.95,4.22,POS,1.27,4.03,1.33,82
DIST,4,AN0,8A94,2.82,5.87,1.95,2.30,AN1,0323,-0.27,6.01,1.95,2.37,AN2,189B,0.00,0.00,1.95,4.27,AN3,C32D,2.84,0.00,1.95,4.16,POS,1.26,4.03,1.34,85
DIST,4,AN0,8A94,2.82,5.87,1.95,2.36,AN1,0323,-0.27,6.01,1.95,2.39,AN2,189B,0.00,0.00,1.95,4.29,AN3,C32D,2.84,0.00,1.95,4.15,POS,1.25,4.01,1.33,84
DIST,4,AN0,8A94,2.82,5.87,1.95,2.33,AN1,0323,-0.27,6.01,1.95,2.35,AN2,189B,0.00,0.00,1.95,4.18,AN3,C32D,2.84,0.00,1.95,4.14,POS,1.24,4.01,1.37,87
DIST,4,AN0,8A94,2.82,5.87,1.95,2.30,AN1,0323,-0.27,6.01,1.95,2.32,AN2,189B,0.00,0.00,1.95,4.25,AN3,C32D,2.84,0.00,1.95,4.15,POS,1.23,4.01,1.41,88
DIST,4,AN0,8A94,2.82,5.87,1.95,2.30,AN1,0323,-0.27,6.01,1.95,2.37,AN2,189B,0.00,0.00,1.95,4.27,AN3,C32D,2.84,0.00,1.95,4.20,POS,1.24,4.02,1.38,82
DIST,4,AN0,8A94,2.82,5.87,1.95,2.32,AN1,0323,-0.27,6.01,1.95,2.37,AN2,189B,0.00,0.00,1.95,4.18,AN3,C32D,2.84,0.00,1.95,4.13,POS,1.23,4.01,1.40,87
DIST,4,AN0,8A94,2.82,5.87,1.95,2.34,AN1,0323,-0.27,6.01,1.95,2.35,AN2,189B,0.00,0.00,1.95,4.20,AN3,C32D,2.84,0.00,1.95,4.16,POS,1.22,4.00,1.40,85
DIST,4,AN0,8A94,2.82,5.87,1.95,2.31,AN1,0323,-0.27,6.01,1.95,2.37,AN2,189B,0.00,0.00,1.95,4.21,AN3,C32D,2.84,0.00,1.95,4.19,POS,1.22,4.01,1.38,83
DIST,4,AN0,8A94,2.82,5.87,1.95,2.32,AN1,0323,-0.27,6.01,1.95,2.37,AN2,189B,0.00,0.00,1.95,4.19,AN3,C32D,2.84,0.00,1.95,4.18,POS,1.28,4.04,1.41,88
DIST,4,AN0,8A94,2.82,5.87,1.95,2.33,AN1,0323,-0.27,6.01,1.95,2.37,AN2,189B,0.00,0.00,1.95,4.20,AN3,C32D,2.84,0.00,1.95,4.17,POS,1.26,4.03,1.39,83
DIST,4,AN0,8A94,2.82,5.87,1.95,2.33,AN1,0323,-0.27,6.01,1.95,2.41,AN2,189B,0.00,0.00,1.95,4.25,AN3,C32D,2.84,0.00,1.95,4.11,POS,1.26,4.02,1.39,86
DIST,4,AN0,8A94,2.82,5.87,1.95,2.33,AN1,0323,-0.27,6.01,1.95,2.35,AN2,189B,0.00,0.00,1.95,4.28,AN3,C32D,2.84,0.00,1.95,4.12,POS,1.24,4.01,1.42,87
DIST,4,AN0,8A94,2.82,5.87,1.95,2.33,AN1,0323,-0.27,6.01,1.95,2.40,AN2,189B,0.00,0.00,1.95,4.23,AN3,C32D,2.84,0.00,1.95,4.12,POS,1.24,4.00,1.41,86
DIST,4,AN0,8A94,2.82,5.87,1.95,2.31,AN1,0323,-0.27,6.01,1.95,2.37,AN2,189B,0.00,0.00,1.95,4.25,AN3,C32D,2.84,0.00,1.95,4.17,POS,1.24,4.00,1.39,84
DIST,4,AN0,8A94,2.82,5.87,1.95,2.33,AN1,0323,-0.27,6.01,1.95,2.35,AN2,189B,0.00,0.00,1.95,4.24,AN3,C32D,2.84,0.00,1.95,4.15,POS,1.23,4.00,1.40,86
DIST,4,AN0,8A94,2.82,5.87,1.95,2.28,AN1,0323,-0.27,6.01,1.95,2.35,AN2,189B,0.00,0.00,1.95,4.29,AN3,C32D,2.84,0.00,1.95,4.18,POS,1.24,4.01,1.40,85
DIST,4,AN0,8A94,2.82,5.87,1.95,2.31,AN1,0323,-0.27,6.01,1.95,2.32,AN2,189B,0.00,0.00,1.95,4.27,AN3,C32D,2.84,0.00,1.95,4.17,POS,1.23,4.01,1.41,86
DIST,4,AN0,8A94,2.82,5.87,1.95,2.28,AN1,0323,-0.27,6.01,1.95,2.36,AN2,189B,0.00,0.00,1.95,4.25,AN3,C32D,2.84,0.00,1.95,4.22,POS,1.24,4.03,1.37,82
DIST,4,AN0,8A94,2.82,5.87,1.95,2.33,AN1,0323,-0.27,6.01,1.95,2.37,AN2,189B,0.00,0.00,1.95,4.26,AN3,C32D,2.84,0.00,1.95,4.18,POS,1.23,4.03,1.36,83
DIST,4,AN0,8A94,2.82,5.87,1.95,2.33,AN1,0323,-0.27,6.01,1.95,2.37,AN2,189B,0.00,0.00,1.95,4.18,AN3,C32D,2.84,0.00,1.95,4.08,POS,1.23,4.01,1.41,89
DIST,4,AN0,8A94,2.82,5.87,1.95,2.33,AN1,0323,-0.27,6.01,1.95,2.35,AN2,189B,0.00,0.00,1.95,4.22,AN3,C32D,2.84,0.00,1.95,4.14,POS,1.22,4.00,1.43,87
DIST,4,AN0,8A94,2.82,5.87,1.95,2.34,AN1,0323,-0.27,6.01,1.95,2.37,AN2,189B,0.00,0.00,1.95,4.22,AN3,C32D,2.84,0.00,1.95,4.21,POS,1.22,4.01,1.38,81
DIST,4,AN0,8A94,2.82,5.87,1.95,2.34,AN1,0323,-0.27,6.01,1.95,2.39,AN2,189B,0.00,0.00,1.95,4.24,AN3,C32D,2.84,0.00,1.95,4.11,POS,1.22,4.00,1.38,86
DIST,4,AN0,8A94,2.82,5.87,1.95,2.38,AN1,0323,-0.27,6.01,1.95,2.40,AN2,189B,0.00,0.00,1.95,4.21,AN3,C32D,2.84,0.00,1.95,4.13,POS,1.22,3.99,1.37,84
DIST,4,AN0,8A94,2.82,5.87,1.95,2.39,AN1,0323,-0.27,6.01,1.95,2.38,AN2,189B,0.00,0.00,1.95,4.14,AN3,C32D,2.84,0.00,1.95,4.08,POS,1.21,3.97,1.40,87
DIST,4,AN0,8A94,2.82,5.87,1.95,2.36,AN1,0323,-0.27,6.01,1.95,2.38,AN2,189B,0.00,0.00,1.95,4.18,AN3,C32D,2.84,0.00,1.95,4.10,POS,1.21,3.97,1.42,87
DIST,4,AN0,8A94,2.82,5.87,1.95,2.35,AN1,0323,-0.27,6.01,1.95,2.40,AN2,189B,0.00,0.00,1.95,4.21,AN3,C32D,2.84,0.00,1.95,4.06,POS,1.21,3.95,1.45,89
DIST,4,AN0,8A94,2.82,5.87,1.95,2.36,AN1,0323,-0.27,6.01,1.95,2.40,AN2,189B,0.00,0.00,1.95,4.16,AN3,C32D,2.84,0.00,1.95,4.11,POS,1.22,3.95,1.44,86
DIST,4,AN0,8A94,2.82,5.87,1.95,2.35,AN1,0323,-0.27,6.01,1.95,2.43,AN2,189B,0.00,0.00,1.95,4.18,AN3,C32D,2.84,0.00,1.95,4.17,POS,1.27,3.99,1.41,85
DIST,4,AN0,8A94,2.82,5.87,1.95,2.39,AN1,0323,-0.27,6.01,1.95,2.42,AN2,189B,0.00,0.00,1.95,4.20,AN3,C32D,2.84,0.00,1.95,4.17,POS,1.25,3.99,1.36,80
DIST,4,AN0,8A94,2.82,5.87,1.95,2.34,AN1,0323,-0.27,6.01,1.95,2.43,AN2,189B,0.00,0.00,1.95,4.20,AN3,C32D,2.84,0.00,1.95,4.16,POS,1.25,3.99,1.33,82
DIST,4,AN0,8A94,2.82,5.87,1.95,2.34,AN1,0323,-0.27,6.01,1.95,2.41,AN2,189B,0.00,0.00,1.95,4.19,AN3,C32D,2.84,0.00,1.95,4.15,POS,1.25,3.99,1.32,83
DIST,4,AN0,8A94,2.82,5.87,1.95,2.37,AN1,0323,-0.27,6.01,1.95,2.46,AN2,189B,0.00,0.00,1.95,4.22,AN3,C32D,2.84,0.00,1.95,4.11,POS,1.26,3.98,1.30,83
