DIST,4,AN0,8A94,2.82,5.87,1.95,2.35,AN1,0323,-0.27,6.01,1.95,2.42,AN2,189B,0.00,0.00,1.95,4.15,AN3,C32D,2.84,0.00,1.95,4.17,POS,1.31,4.00,1.45,85
DIST,4,AN0,8A94,2.82,5.87,1.95,2.33,AN1,0323,-0.27,6.01,1.95,2.33,AN2,189B,0.00,0.00,1.95,4.10,AN3,C32D,2.84,0.00,1.95,4.10,POS,1.34,4.03,1.41,84
DIST,4,AN0,8A94,2.82,5.87,1.95,2.32,AN1,0323,-0.27,6.01,1.95,2.40,AN2,189B,0.00,0.00,1.95,4.16,AN3,C32D,2.84,0.00,1.95,4.14,POS,1.37,4.05,1.46,89
DIST,4,AN0,8A94,2.82,5.87,1.95,2.31,AN1,0323,-0.27,6.01,1.95,2.37,AN2,189B,0.00,0.00,1.95,4.12,AN3,C32D,2.84,0.00,1.95,4.08,POS,1.40,4.06,1.42,83
DIST,4,AN0,8A94,2.82,5.87,1.95,2.33,AN1,0323,-0.27,6.01,1.95,2.37,AN2,189B,0.00,0.00,1.95,4.17,AN3,C32D,2.84,0.00,1.95,4.11,POS,1.35,4.04,1.43,87
DIST,4,AN0,8A94,2.82,5.87,1.95,2.34,AN1,0323,-0.27,6.01,1.95,2.39,AN2,189B,0.00,0.00,1.95,4.16,AN3,C32D,2.84,0.00,1.95,4.15,POS,1.32,4.03,1.40,84
DIST,4,AN0,8A94,2.82,5.87,1.95,2.38,AN1,0323,-0.27,6.01,1.95,2.42,AN2,189B,0.00,0.00,1.95,4.16,AN3,C32D,2.84,0.00,1.95,4.12,POS,1.30,4.01,1.38,84
DIST,4,AN0,8A94,2.82,5.87,1.95,2.34,AN1,0323,-0.27,6.01,1.95,2.43,AN2,189B,0.00,0.00,1.95,4.14,AN3,C32D,2.84,0.00,1.95,4.11,POS,1.29,4.00,1.37,85
DIST,4,AN0,8A94,2.82,5.87,1.95,2.35,AN1,0323,-0.27,6.01,1.95,2.41,AN2,189B,0.00,0.00,1.95,4.18,AN3,C32D,2.84,0.00,1.95,4.04,POS,1.27,3.97,1.42,90
DIST,4,AN0,8A94,2.82,5.87,1.95,2.36,AN1,0323,-0.27,6.01,1.95,2.35,AN2,189B,0.00,0.00,1.95,4.16,AN3,C32D,2.84,0.00,1.95,4.08,POS,1.25,3.96,1.47,89
DIST,4,AN0,8A94,2.82,5.87,1.95,2.32,AN1,0323,-0.27,6.01,1.95,2.39,AN2,189B,0.00,0.00,1.95,4.16,AN3,C32D,2.84,0.00,1.95,4.11,POS,1.31,4.01,1.40,80
DIST,4,AN0,8A94,2.82,5.87,1.95,2.36,AN1,0323,-0.27,6.01,1.95,2.37,AN2,189B,0.00,0.00,1.95,4.13,AN3,C32D,2.84,0.00,1.95,4.08,POS,1.28,3.99,1.43,88
DIST,4,AN0,8A94,2.82,5.87,1.95,2.36,AN1,0323,-0.27,6.01,1.95,2.37,AN2,189B,0.00,0.00,1.95,4.12,AN3,C32D,2.84,0.00,1.95,4.09,POS,1.26,3.98,1.46,88
DIST,4,AN0,8A94,2.82,5.87,1.95,2.35,AN1,0323,-0.27,6.01,1.95,2.43,AN2,189B,0.00,0.00,1.95,4.15,AN3,C32D,2.84,0.00,1.95,4.08,POS,1.26,3.97,1.44,86
DIST,4,AN0,8A94,2.82,5.87,1.95,2.33,AN1,0323,-0.27,6.01,1.95,2.36,AN2,189B,0.00,0.00,1.95,4.11,AN3,C32D,2.84,0.00,1.95,4.09,POS,1.31,4.00,1.39,83
DIST,4,AN0,8A94,2.82,5.87,1.95,2.34,AN1,0323,-0.27,6.01,1.95,2.38,AN2,189B,0.00,0.00,1.95,4.14,AN3,C32D,2.84,0.00,1.95,4.16,POS,1.32,4.02,1.41,88
DIST,4,AN0,8A94,2.82,5.87,1.95,2.36,AN1,0323,-0.27,6.01,1.95,2.43,AN2,189B,0.00,0.00,1.95,4.10,AN3,C32D,2.84,0.00,1.95,4.07,POS,1.36,4.03,1.35,81
DIST,4,AN0,8A94,2.82,5.87,1.95,2.36,AN1,0323,-0.27,6.01,1.95,2.42,AN2,189B,0.00,0.00,1.95,4.18,AN3,C32D,2.84,0.00,1.95,4.13,POS,1.33,4.02,1.33,84
DIST,4,AN0,8A94,2.82,5.87,1.95,2.36,AN1,0323,-0.27,6.01,1.95,2.41,AN2,189B,0.00,0.00,1.95,4.23,AN3,C32D,2.84,0.00,1.95,4.08,POS,1.30,4.00,1.36,87
DIST,4,AN0,8A94,2.82,5.87,1.95,2.36,AN1,0323,-0.27,6.01,1.95,2.43,AN2,189B,0.00,0.00,1.95,4.19,AN3,C32D,2.84,0.00,1.95,4.09,POS,1.29,3.98,1.36,86
DIST,4,AN0,8A94,2.82,5.87,1.95,2.37,AN1,0323,-0.27,6.01,1.95,2.41,AN2,189B,0.00,0.00,1.95,4.21,AN3,C32D,2.84,0.00,1.95,4.09,POS,1.27,3.97,1.37,86
DIST,4,AN0,8A94,2.82,5.87,1.95,2.37,AN1,0323,-0.27,6.01,1.95,2.40,AN2,189B,0.00,0.00,1.95,4.16,AN3,C32D,2.84,0.00,1.95,4.15,POS,1.26,3.97,1.35,83
DIST,4,AN0,8A94,2.82,5.87,1.95,2.35,AN1,0323,-0.27,6.01,1.95,2.39,AN2,189B,0.00,0.00,1.95,4.17,AN3,C32D,2.84,0.00,1.95,4.06,POS,1.25,3.96,1.41,89
DIST,4,AN0,8A94,2.82,5.87,1.95,2.35,AN1,0323,-0.27,6.01,1.95,2.35,AN2,189B,0.00,0.00,1.95,4.16,AN3,C32D,2.84,0.00,1.95,4.05,POS,1.23,3.96,1.34,80
DIST,4,AN0,8A94,2.82,5.87,1.95,2.37,AN1,0323,-0.27,6.01,1.95,2.35,AN2,189B,0.00,0.00,1.95,4.21,AN3,C32D,2.84,0.00,1.95,4.10,POS,1.21,3.95,1.39,88
DIST,4,AN0,8A94,2.82,5.87,1.95,2.36,AN1,0323,-0.27,6.01,1.95,2.39,AN2,189B,0.00,0.00,1.95,4.21,AN3,C32D,2.84,0.00,1.95,4.10,POS,1.21,3.95,1.41,87
DIST,4,AN0,8A94,2.82,5.87,1.95,2.35,AN1,0323,-0.27,6.01,1.95,2.42,AN2,189B,0.00,0.00,1.95,4.20,AN3,C32D,2.84,0.00,1.95,4.09,POS,1.22,3.95,1.40,86
DIST,4,AN0,8A94,2.82,5.87,1.95,2.33,AN1,0323,-0.27,6.01,1.95,2.44,AN2,189B,0.00,0.00,1.95,4.19,AN3,C32D,2.84,0.00,1.95,4.13,POS,1.23,3.96,1.37,84
DIST,4,AN0,8A94,2.82,5.87,1.95,2.36,AN1,0323,-0.27,6.01,1.95,2.38,AN2,189B,0.00,0.00,1.95,4.16,AN3,C32D,2.84,0.00,1.95,4.09,POS,1.23,3.95,1.40,88
DIST,4,AN0,8A94,2.82,5.87,1.95,2.38,AN1,0323,-0.27,6.01,1.95,2.41,AN2,189B,0.00,0.00,1.95,4.22,AN3,C32D,2.84,0.00,1.95,4.13,POS,1.22,3.95,1.38,83
DIST,4,AN0,8A94,2.82,5.87,1.95,2.37,AN1,0323,-0.27,6.01,1.95,2.40,AN2,189B,0.00,0.00,1.95,4.21,AN3,C32D,2.84,0.00,1.95,4.12,POS,1.22,3.96,1.37,85
DIST,4,AN0,8A94,2.82,5.87,1.95,2.37,AN1,0323,-0.27,6.01,1.95,2.39,AN2,189B,0.00,0.00,1.95,4.15,AN3,C32D,2.84,0.00,1.95,4.17,POS,1.26,3.99,1.39,88
DIST,4,AN0,8A94,2.82,5.87,1.95,2.38,AN1,0323,-0.27,6.01,1.95,2.37,AN2,189B,0.00,0.00,1.95,4.19,AN3,C32D,2.84,0.00,1.95,4.08,POS,1.24,3.97,1.42,88
DIST,4,AN0,8A94,2.82,5.87,1.95,2.40,AN1,0323,-0.27,6.01,1.95,2.37,AN2,189B,0.00,0.00,1.95,4.15,AN3,C32D,2.84,0.00,1.95,4.17,POS,1.22,3.97,1.39,82
DIST,4,AN0,8A94,2.82,5.87,1.95,2.40,AN1,0323,-0.27,6.01,1.95,2.36,AN2,189B,0.00,0.00,1.95,4.12,AN3,C32D,2.84,0.00,1.95,4.11,POS,1.20,3.96,1.41,86
DIST,4,AN0,8A94,2.82,5.87,1.95,2.38,AN1,0323,-0.27,6.01,1.95,2.35,AN2,189B,0.00,0.00,1.95,4.11,AN3,C32D,2.84,0.00,1.95,4.12,POS,1.26,4.00,1.35,82
DIST,4,AN0,8A94,2.82,5.87,1.95,2.41,AN1,0323,-0.27,6.01,1.95,2.30,AN2,189B,0.00,0.00,1.95,4.15,AN3,C32D,2.84,0.00,1.95,4.13,POS,1.22,3.99,1.41,87
DIST,4,AN0,8A94,2.82,5.87,1.95,2.45,AN1,0323,-0.27,6.01,1.95,2.34,AN2,189B,0.00,0.00,1.95,4.14,AN3,C32D,2.84,0.00,1.95,4.14,POS,1.19,3.97,1.41,84
DIST,4,AN0,0323,-0.27,6.01,1.95,2.34,AN1,8A94,2.82,5.87,1.95,2.40,AN2,189B,0.00,0.00,1.95,4.08,AN3,C32D,2.84,0.00,1.95,4.16,POS,1.21,4.00,1.44,88
DIST,4,AN0,8A94,2.82,5.87,1.95,2.45,AN1,0323,-0.27,6.01,1.95,2.37,AN2,189B,0.00,0.00,1.95,4.09,AN3,C32D,2.84,0.00,1.95,4.09,POS,1.19,3.97,1.45,86
DIST,4,AN0,8A94,2.82,5.87,1.95,2.39,AN1,0323,-0.27,6.01,1.95,2.38,AN2,189B,0.00,0.00,1.95,4.16,AN3,C32D,2.84,0.00,1.95,4.08,POS,1.19,3.96,1.46,88
DIST,4,AN0,8A94,2.82,5.87,1.95,2.44,AN1,0323,-0.27,6.01,1.95,2.35,AN2,189B,0.00,0.00,1.95,4.20,AN3,C32D,2.84,0.00,1.95,4.18,POS,1.17,3.96,1.42,82
DIST,4,AN0,0323,-0.27,6.01,1.95,2.37,AN1,8A94,2.82,5.87,1.95,2.43,AN2,189B,0.00,0.00,1.95,4.08,AN3,C32D,2.84,0.00,1.95,4.11,POS,1.16,3.95,1.42,85
DIST,4,AN0,0323,-0.27,6.01,1.95,2.35,AN1,8A94,2.82,5.87,1.95,2.41,AN2,189B,0.00,0.00,1.95,4.08,AN3,C32D,2.84,0.00,1.95,4.14,POS,1.20,3.98,1.47,91
DIST,4,AN0,8A94,2.82,5.87,1.95,2.40,AN1,0323,-0.27,6.01,1.95,2.36,AN2,189B,0.00,0.00,1.95,4.14,AN3,C32D,2.84,0.00,1.95,4.20,POS,1.23,4.01,1.45,85
DIST,4,AN0,8A94,2.82,5.87,1.95,2.37,AN1,0323,-0.27,6.01,1.95,2.41,AN2,189B,0.00,0.00,1.95,4.18,AN3,C32D,2.84,0.00,1.95,4.14,POS,1.23,4.00,1.41,83
DIST,4,AN0,8A94,2.82,5.87,1.95,2.35,AN1,0323,-0.27,6.01,1.95,2.37,AN2,189B,0.00,0.00,1.95,4.20,AN3,C32D,2.84,0.00,1.95,4.10,POS,1.23,3.99,1.43,88
DIST,4,AN0,8A94,2.82,5.87,1.95,2.31,AN1,0323,-0.27,6.01,1.95,2.35,AN2,189B,0.00,0.00,1.95,4.18,AN3,C32D,2.84,0.00,1.95,4.07,POS,1.22,3.98,1.51,91
DIST,4,AN0,8A94,2.82,5.87,1.95,2.33,AN1,0323,-0.27,6.01,1.95,2.39,AN2,189B,0.00,0.00,1.95,4.17,AN3,C32D,2.84,0.00,1.95,4.16,POS,1.28,4.01,1.52,88
DIST,4,AN0,8A94,2.82,5.87,1.95,2.26,AN1,0323,-0.27,6.01,1.95,2.41,AN2,189B,0.00,0.00,1.95,4.16,AN3,C32D,2.84,0.00,1.95,4.25,POS,1.28,4.02,1.58,91
DIST,4,AN0,8A94,2.82,5.87,1.95,2.28,AN1,0323,-0.27,6.01,1.95,2.36,AN2,189B,0.00,0.00,1.95,4.10,AN3,C32D,2.84,0.00,1.95,4.25,POS,1.27,4.04,1.52,83
DIST,4,AN0,8A94,2.82,5.87,1.95,2.30,AN1,0323,-0.27,6.01,1.95,2.37,AN2,189B,0.00,0.00,1.95,4.09,AN3,C32D,2.84,0.00,1.95,4.24,POS,1.26,4.05,1.47,83
DIST,4,AN0,8A94,2.82,5.87,1.95,2.34,AN1,0323,-0.27,6.01,1.95,2.33,AN2,189B,0.00,0.00,1.95,4.13,AN3,C32D,2.84,0.00,1.95,4.21,POS,1.27,4.06,1.46,86
DIST,4,AN0,8A94,2.82,5.87,1.95,2.37,AN1,0323,-0.27,6.01,1.95,2.27,AN2,189B,0.00,0.00,1.95,4.08,AN3,C32D,2.84,0.00,1.95,4.23,POS,1.24,4.07,1.45,83
DIST,4,AN0,8A94,2.82,5.87,1.95,2.48,AN1,0323,-0.27,6.01,1.95,2.16,AN2,189B,0.00,0.00,1.95,3.99,AN3,C32D,2.84,0.00,1.95,4.22,POS,1.20,4.07,1.39,76
DIST,4,AN0,8A94,2.82,5.87,1.95,2.57,AN1,0323,-0.27,6.01,1.95,2.15,AN2,189B,0.00,0.00,1.95,3.97,AN3,C32D,2.84,0.00,1.95,4.25,POS,1.15,4.06,1.47,84
DIST,4,AN0,0323,-0.27,6.01,1.95,2.12,AN1,8A94,2.82,5.87,1.95,2.63,AN2,189B,0.00,0.00,1.95,3.98,AN3,C32D,2.84,0.00,1.95,4.23,POS,1.05,4.03,1.40,71
DIST,4,AN0,0323,-0.27,6.01,1.95,2.12,AN1,8A94,2.82,5.87,1.95,2.69,AN2,189B,0.00,0.00,1.95,3.85,AN3,C32D,2.84,0.00,1.95,4.28,POS,0.97,4.02,1.46,78
DIST,4,AN0,0323,-0.27,6.01,1.95,2.12,AN1,8A94,2.82,5.87,1.95,2.85,AN2,189B,0.00,0.00,1.95,3.73,AN3,C32D,2.84,0.00,1.95,4.17,POS,0.92,3.99,1.43,75
DIST,4,AN0,0323,-0.27,6.01,1.95,2.17,AN1,8A94,2.82,5.87,1.95,2.98,AN2,189B,0.00,0.00,1.95,3.75,AN3,C32D,2.84,0.00,1.95,4.25,POS,0.86,3.96,1.46,77
DIST,4,AN0,0323,-0.27,6.01,1.95,2.16,AN1,8A94,2.82,5.87,1.95,3.07,AN2,189B,0.00,0.00,1.95,3.77,AN3,C32D,2.84,0.00,1.95,4.35,POS,0.78,3.94,1.42,78
DIST,4,AN0,0323,-0.27,6.01,1.95,2.07,AN1,8A94,2.82,5.87,1.95,3.12,AN2,189B,0.00,0.00,1.95,3.75,AN3,C32D,2.84,0.00,1.95,4.39,POS,0.64,3.91,1.37,79
DIST,4,AN0,0323,-0.27,6.01,1.95,2.07,AN1,8A94,2.82,5.87,1.95,3.19,AN2,189B,0.00,0.00,1.95,3.66,AN3,C32D,2.84,0.00,1.95,4.38,POS,0.57,3.89,1.45,78
DIST,4,AN0,0323,-0.27,6.01,1.95,2.17,AN1,8A94,2.82,5.87,1.95,3.32,AN2,189B,0.00,0.00,1.95,3.66,AN3,C32D,2.84,0.00,1.95,4.43,POS,0.49,3.87,1.41,79
DIST,4,AN0,0323,-0.27,6.01,1.95,2.21,AN1,8A94,2.82,5.87,1.95,3.38,AN2,189B,0.00,0.00,1.95,3.63,AN3,C32D,2.84,0.00,1.95,4.44,POS,0.43,3.84,1.37,79
DIST,4,AN0,0323,-0.27,6.01,1.95,2.30,AN1,8A94,2.82,5.87,1.95,3.48,AN2,189B,0.00,0.00,1.95,3.50,AN3,C32D,2.84,0.00,1.95,4.42,POS,0.33,3.79,1.34,77
DIST,4,AN0,0323,-0.27,6.01,1.95,2.38,AN1,8A94,2.82,5.87,1.95,3.49,AN2,189B,0.00,0.00,1.95,3.40,AN3,C32D,2.84,0.00,1.95,4.43,POS,0.24,3.74,1.43,78
DIST,4,AN0,0323,-0.27,6.01,1.95,2.41,AN1,8A94,2.82,5.87,1.95,3.63,AN2,189B,0.00,0.00,1.95,3.40,AN3,C32D,2.84,0.00,1.95,4.38,POS,0.18,3.67,1.41,77
DIST,4,AN0,0323,-0.27,6.01,1.95,2.45,AN1,8A94,2.82,5.87,1.95,3.77,AN2,189B,0.00,0.00,1.95,3.38,AN3,C32D,2.84,0.00,1.95,4.55,POS,0.07,3.62,1.51,75
DIST,4,AN0,0323,-0.27,6.01,1.95,2.42,AN1,8A94,2.82,5.87,1.95,3.67,AN2,189B,0.00,0.00,1.95,3.41,AN3,C32D,2.84,0.00,1.95,4.52,POS,0.02,3.59,1.57,78
DIST,4,AN0,0323,-0.27,6.01,1.95,2.35,AN1,189B,0.00,0.00,1.95,3.42,AN2,8A94,2.82,5.87,1.95,3.68,AN3,C32D,2.84,0.00,1.95,4.56,POS,-0.05,3.59,1.53,71
DIST,4,AN0,0323,-0.27,6.01,1.95,2.37,AN1,189B,0.00,0.00,1.95,3.44,AN2,8A94,2.82,5.87,1.95,3.70,AN3,C32D,2.84,0.00,1.95,4.65,POS,-0.14,3.60,1.46,63
DIST,4,AN0,0323,-0.27,6.01,1.95,2.38,AN1,189B,0.00,0.00,1.95,3.46,AN2,8A94,2.82,5.87,1.95,3.60,AN3,C32D,2.84,0.00,1.95,4.56,POS,-0.13,3.59,1.53,78
DIST,4,AN0,0323,-0.27,6.01,1.95,2.33,AN1,189B,0.00,0.00,1.95,3.41,AN2,8A94,2.82,5.87,1.95,3.60,AN3,C32D,2.84,0.00,1.95,4.50,POS,-0.14,3.58,1.50,75
DIST,4,AN0,0323,-0.27,6.01,1.95,2.27,AN1,189B,0.00,0.00,1.95,3.49,AN2,8A94,2.82,5.87,1.95,3.65,AN3,C32D,2.84,0.00,1.95,4.52,POS,-0.14,3.60,1.45,73
DIST,4,AN0,0323,-0.27,6.01,1.95,2.30,AN1,189B,0.00,0.00,1.95,3.52,AN2,8A94,2.82,5.87,1.95,3.63,AN3,C32D,2.84,0.00,1.95,4.44,POS,-0.16,3.58,1.39,68
DIST,4,AN0,0323,-0.27,6.01,1.95,2.31,AN1,189B,0.00,0.00,1.95,3.52,AN2,8A94,2.82,5.87,1.95,3.60,AN3,C32D,2.84,0.00,1.95,4.45,POS,-0.10,3.59,1.34,76
DIST,4,AN0,0323,-0.27,6.01,1.95,2.33,AN1,189B,0.00,0.00,1.95,3.55,AN2,8A94,2.82,5.87,1.95,3.50,AN3,C32D,2.84,0.00,1.95,4.42,POS,-0.04,3.60,1.42,77
DIST,4,AN0,0323,-0.27,6.01,1.95,2.36,AN1,189B,0.00,0.00,1.95,3.49,AN2,8A94,2.82,5.87,1.95,3.46,AN3,C32D,2.84,0.00,1.95,4.36,POS,-0.00,3.60,1.36,78
DIST,4,AN0,0323,-0.27,6.01,1.95,2.37,AN1,189B,0.00,0.00,1.95,3.42,AN2,8A94,2.82,5.87,1.95,3.47,AN3,C32D,2.84,0.00,1.95,4.26,POS,0.06,3.59,1.36,77
DIST,4,AN0,0323,-0.27,6.01,1.95,2.43,AN1,8A94,2.82,5.87,1.95,3.44,AN2,189B,0.00,0.00,1.95,3.27,AN3,C32D,2.84,0.00,1.95,4.16,POS,0.08,3.56,1.42,76
DIST,4,AN0,0323,-0.27,6.01,1.95,2.51,AN1,189B,0.00,0.00,1.95,3.15,AN2,8A94,2.82,5.87,1.95,3.45,AN3,C32D,2.84,0.00,1.95,4.15,POS,0.11,3.50,1.54,74
DIST,4,AN0,0323,-0.27,6.01,1.95,2.61,AN1,189B,0.00,0.00,1.95,3.16,AN2,8A94,2.82,5.87,1.95,3.45,AN3,C32D,2.84,0.00,1.95,3.96,POS,0.16,3.46,1.53,74
DIST,4,AN0,0323,-0.27,6.01,1.95,2.68,AN1,189B,0.00,0.00,1.95,3.06,AN2,8A94,2.82,5.87,1.95,3.53,AN3,C32D,2.84,0.00,1.95,3.95,POS,0.18,3.39,1.52,74
DIST,4,AN0,0323,-0.27,6.01,1.95,2.77,AN1,189B,0.00,0.00,1.95,3.03,AN2,8A94,2.82,5.87,1.95,3.54,AN3,C32D,2.84,0.00,1.95,3.75,POS,0.27,3.34,1.53,83
DIST,4,AN0,0323,-0.27,6.01,1.95,2.93,AN1,189B,0.00,0.00,1.95,2.91,AN2,8A94,2.82,5.87,1.95,3.54,AN3,C32D,2.84,0.00,1.95,3.59,POS,0.35,3.26,1.54,86
DIST,4,AN0,0323,-0.27,6.01,1.95,3.01,AN1,189B,0.00,0.00,1.95,2.97,AN2,8A94,2.82,5.87,1.95,3.45,AN3,C32D,2.84,0.00,1.95,3.54,POS,0.43,3.19,1.50,86
DIST,4,AN0,0323,-0.27,6.01,1.95,3.05,AN1,189B,0.00,0.00,1.95,2.91,AN2,8A94,2.82,5.87,1.95,3.47,AN3,C32D,2.84,0.00,1.95,3.43,POS,0.49,3.12,1.58,91
DIST,4,AN0,0323,-0.27,6.01,1.95,3.19,AN1,189B,0.00,0.00,1.95,2.87,AN2,8A94,2.82,5.87,1.95,3.47,AN3,C32D,2.84,0.00,1.95,3.24,POS,0.57,3.04,1.48,85
DIST,4,AN0,189B,0.00,0.00,1.95,2.86,AN1,0323,-0.27,6.01,1.95,3.24,AN2,8A94,2.82,5.87,1.95,3.51,AN3,C32D,2.84,0.00,1.95,3.14,POS,0.63,2.95,1.43,87
DIST,4,AN0,189B,0.00,0.00,1.95,2.80,AN1,0323,-0.27,6.01,1.95,3.37,AN2,8A94,2.82,5.87,1.95,3.58,AN3,C32D,2.84,0.00,1.95,3.07,POS,0.75,2.90,1.46,95
DIST,4,AN0,189B,0.00,0.00,1.95,2.79,AN1,0323,-0.27,6.01,1.95,3.47,AN2,C32D,2.84,0.00,1.95,3.04,AN3,8A94,2.82,5.87,1.95,3.59,POS,0.81,2.83,1.45,91
DIST,4,AN0,189B,0.00,0.00,1.95,2.75,AN1,0323,-0.27,6.01,1.95,3.48,AN2,C32D,2.84,0.00,1.95,2.98,AN3,8A94,2.82,5.87,1.95,3.64,POS,0.90,2.79,1.45,94
DIST,4,AN0,189B,0.00,0.00,1.95,2.77,AN1,C32D,2.84,0.00,1.95,2.98,AN2,0323,-0.27,6.01,1.95,3.50,AN3,8A94,2.82,5.87,1.95,3.59,POS,0.93,2.73,1.47,93
DIST,4,AN0,189B,0.00,0.00,1.95,2.82,AN1,C32D,2.84,0.00,1.95,2.99,AN2,0323,-0.27,6.01,1.95,3.40,AN3,8A94,2.82,5.87,1.95,3.54,POS,1.01,2.73,1.54,98
DIST,4,AN0,189B,0.00,0.00,1.95,2.87,AN1,C32D,2.84,0.00,1.95,2.97,AN2,0323,-0.27,6.01,1.95,3.43,AN3,8A94,2.82,5.87,1.95,3.45,POS,1.03,2.71,1.44,87
DIST,4,AN0,189B,0.00,0.00,1.95,2.89,AN1,C32D,2.84,0.00,1.95,2.95,AN2,0323,-0.27,6.01,1.95,3.47,AN3,8A94,2.82,5.87,1.95,3.43,POS,1.07,2.70,1.49,96
DIST,4,AN0,189B,0.00,0.00,1.95,2.90,AN1,C32D,2.84,0.00,1.95,2.88,AN2,0323,-0.27,6.01,1.95,3.51,AN3,8A94,2.82,5.87,1.95,3.46,POS,1.16,2.70,1.53,98
DIST,4,AN0,189B,0.00,0.00,1.95,2.90,AN1,C32D,2.84,0.00,1.95,2.86,AN2,8A94,2.82,5.87,1.95,3.50,AN3,0323,-0.27,6.01,1.95,3.58,POS,1.24,2.70,1.51,94
DIST,4,AN0,189B,0.00,0.00,1.95,2.89,AN1,C32D,2.84,0.00,1.95,2.88,AN2,8A94,2.82,5.87,1.95,3.49,AN3,0323,-0.27,6.01,1.95,3.61,POS,1.25,2.67,1.47,92
DIST,4,AN0,189B,0.00,0.00,1.95,2.93,AN1,C32D,2.84,0.00,1.95,2.79,AN2,8A94,2.82,5.87,1.95,3.47,AN3,0323,-0.27,6.01,1.95,3.64,POS,1.32,2.67,1.48,95
DIST,4,AN0,189B,0.00,0.00,1.95,2.91,AN1,C32D,2.84,0.00,1.95,2.76,AN2,8A94,2.82,5.87,1.95,3.51,AN3,0323,-0.27,6.01,1.95,3.64,POS,1.39,2.67,1.51,96
DIST,4,AN0,189B,0.00,0.00,1.95,2.93,AN1,C32D,2.84,0.00,1.95,2.74,AN2,8A94,2.82,5.87,1.95,3.45,AN3,0323,-0.27,6.01,1.95,3.73,POS,1.41,2.63,1.48,92
DIST,4,AN0,189B,0.00,0.00,1.95,2.92,AN1,C32D,2.84,0.00,1.95,2.79,AN2,8A94,2.82,5.87,1.95,3.48,AN3,0323,-0.27,6.01,1.95,3.74,POS,1.43,2.61,1.41,89
DIST,4,AN0,C32D,2.84,0.00,1.95,2.69,AN1,189B,0.00,0.00,1.95,2.86,AN2,8A94,2.82,5.87,1.95,3.37,AN3,0323,-0.27,6.01,1.95,3.67,POS,1.45,2.60,1.55,98
DIST,4,AN0,C32D,2.84,0.00,1.95,2.74,AN1,189B,0.00,0.00,1.95,2.97,AN2,8A94,2.82,5.87,1.95,3.41,AN3,0323,-0.27,6.01,1.95,3.62,POS,1.43,2.58,1.45,88
DIST,4,AN0,C32D,2.84,0.00,1.95,2.75,AN1,189B,0.00,0.00,1.95,2.98,AN2,8A94,2.82,5.87,1.95,3.44,AN3,0323,-0.27,6.01,1.95,3.63,POS,1.49,2.61,1.37,86
DIST,4,AN0,C32D,2.84,0.00,1.95,2.76,AN1,189B,0.00,0.00,1.95,2.95,AN2,8A94,2.82,5.87,1.95,3.43,AN3,0323,-0.27,6.01,1.95,3.66,POS,1.47,2.60,1.41,95
DIST,3,AN0,C32D,2.84,0.00,1.95,2.69,AN1,189B,0.00,0.00,1.95,2.90,AN2,8A94,2.82,5.87,1.95,3.47,POS,1.51,2.58,1.50,96
DIST,4,AN0,C32D,2.84,0.00,1.95,2.62,AN1,189B,0.00,0.00,1.95,2.85,AN2,8A94,2.82,5.87,1.95,3.51,AN3,0323,-0.27,6.01,1.95,3.88,POS,1.54,2.54,1.44,88
DIST,4,AN0,C32D,2.84,0.00,1.95,2.42,AN1,189B,0.00,0.00,1.95,2.86,AN2,8A94,2.82,5.87,1.95,3.61,AN3,0323,-0.27,6.01,1.95,3.95,POS,1.54,2.47,1.37,84
DIST,4,AN0,C32D,2.84,0.00,1.95,2.33,AN1,189B,0.00,0.00,1.95,2.84,AN2,8A94,2.82,5.87,1.95,3.65,AN3,0323,-0.27,6.01,1.95,4.08,POS,1.64,2.44,1.45,89
DIST,4,AN0,C32D,2.84,0.00,1.95,2.25,AN1,189B,0.00,0.00,1.95,2.91,AN2,8A94,2.82,5.87,1.95,3.75,AN3,0323,-0.27,6.01,1.95,4.22,POS,1.74,2.40,1.47,83
DIST,4,AN0,C32D,2.84,0.00,1.95,2.17,AN1,189B,0.00,0.00,1.95,2.97,AN2,8A94,2.82,5.87,1.95,3.76,AN3,0323,-0.27,6.01,1.95,4.30,POS,1.86,2.37,1.52,81
DIST,4,AN0,C32D,2.84,0.00,1.95,2.08,AN1,189B,0.00,0.00,1.95,3.00,AN2,8A94,2.82,5.87,1.95,3.84,AN3,0323,-0.27,6.01,1.95,4.34,POS,1.98,2.33,1.46,74
DIST,4,AN0,C32D,2.84,0.00,1.95,2.02,AN1,189B,0.00,0.00,1.95,3.08,AN2,8A94,2.82,5.87,1.95,3.79,AN3,0323,-0.27,6.01,1.95,4.53,POS,2.09,2.29,1.49,75
DIST,4,AN0,C32D,2.84,0.00,1.95,1.95,AN1,189B,0.00,0.00,1.95,3.10,AN2,8A94,2.82,5.87,1.95,3.92,AN3,0323,-0.27,6.01,1.95,4.60,POS,2.20,2.25,1.56,76
DIST,4,AN0,C32D,2.84,0.00,1.95,1.86,AN1,189B,0.00,0.00,1.95,3.06,AN2,8A94,2.82,5.87,1.95,3.96,AN3,0323,-0.27,6.01,1.95,4.74,POS,2.28,2.18,1.54,77
DIST,4,AN0,C32D,2.84,0.00,1.95,1.84,AN1,189B,0.00,0.00,1.95,3.10,AN2,8A94,2.82,5.87,1.95,3.99,AN3,0323,-0.27,6.01,1.95,4.79,POS,2.36,2.12,1.51,78
DIST,4,AN0,C32D,2.84,0.00,1.95,1.72,AN1,189B,0.00,0.00,1.95,3.14,AN2,8A94,2.82,5.87,1.95,4.06,AN3,0323,-0.27,6.01,1.95,4.85,POS,2.47,2.07,1.46,72
DIST,4,AN0,C32D,2.84,0.00,1.95,1.71,AN1,189B,0.00,0.00,1.95,3.20,AN2,8A94,2.82,5.87,1.95,4.16,AN3,0323,-0.27,6.01,1.95,5.33,POS,2.59,1.95,1.42,66
DIST,4,AN0,C32D,2.84,0.00,1.95,1.63,AN1,189B,0.00,0.00,1.95,3.34,AN2,8A94,2.82,5.87,1.95,4.18,AN3,0323,-0.27,6.01,1.95,4.92,POS,2.73,1.95,1.44,65
DIST,4,AN0,C32D,2.84,0.00,1.95,1.58,AN1,189B,0.00,0.00,1.95,3.35,AN2,8A94,2.82,5.87,1.95,4.18,AN3,0323,-0.27,6.01,1.95,5.06,POS,2.85,1.92,1.42,66
DIST,4,AN0,C32D,2.84,0.00,1.95,1.56,AN1,8A94,2.82,5.87,1.95,4.18,AN2,189B,0.00,0.00,1.95,3.33,AN3,0323,-0.27,6.01,1.95,5.10,POS,2.92,1.90,1.48,65
DIST,4,AN0,C32D,2.84,0.00,1.95,1.56,AN1,8A94,2.82,5.87,1.95,4.22,AN2,189B,0.00,0.00,1.95,3.34,AN3,0323,-0.27,6.01,1.95,5.14,POS,2.97,1.87,1.50,63
DIST,4,AN0,C32D,2.84,0.00,1.95,1.60,AN1,8A94,2.82,5.87,1.95,4.26,AN2,189B,0.00,0.00,1.95,3.33,AN3,0323,-0.27,6.01,1.95,5.13,POS,3.01,1.85,1.47,63
DIST,4,AN0,C32D,2.84,0.00,1.95,1.55,AN1,8A94,2.82,5.87,1.95,4.23,AN2,189B,0.00,0.00,1.95,3.22,AN3,0323,-0.27,6.01,1.95,5.09,POS,3.00,1.83,1.45,66
DIST,4,AN0,C32D,2.84,0.00,1.95,1.58,AN1,8A94,2.82,5.87,1.95,4.22,AN2,189B,0.00,0.00,1.95,3.30,AN3,0323,-0.27,6.01,1.95,5.12,POS,3.02,1.81,1.43,62
DIST,4,AN0,C32D,2.84,0.00,1.95,1.61,AN1,8A94,2.82,5.87,1.95,4.22,AN2,189B,0.00,0.00,1.95,3.33,AN3,0323,-0.27,6.01,1.95,5.09,POS,3.04,1.82,1.44,63
DIST,4,AN0,C32D,2.84,0.00,1.95,1.53,AN1,8A94,2.82,5.87,1.95,4.22,AN2,189B,0.00,0.00,1.95,3.39,AN3,0323,-0.27,6.01,1.95,5.18,POS,3.09,1.81,1.55,65
DIST,4,AN0,C32D,2.84,0.00,1.95,1.51,AN1,8A94,2.82,5.87,1.95,4.24,AN2,189B,0.00,0.00,1.95,3.35,AN3,0323,-0.27,6.01,1.95,5.25,POS,3.11,1.78,1.53,64
DIST,4,AN0,C32D,2.84,0.00,1.95,1.48,AN1,8A94,2.82,5.87,1.95,4.27,AN2,189B,0.00,0.00,1.95,3.33,AN3,0323,-0.27,6.01,1.95,5.28,POS,3.13,1.75,1.50,63
DIST,4,AN0,C32D,2.84,0.00,1.95,1.39,AN1,8A94,2.82,5.87,1.95,4.35,AN2,189B,0.00,0.00,1.95,3.32,AN3,0323,-0.27,6.01,1.95,5.25,POS,3.17,1.73,1.49,67
DIST,4,AN0,C32D,2.84,0.00,1.95,1.41,AN1,8A94,2.82,5.87,1.95,4.27,AN2,189B,0.00,0.00,1.95,3.32,AN3,0323,-0.27,6.01,1.95,5.27,POS,3.18,1.71,1.56,64
DIST,4,AN0,C32D,2.84,0.00,1.95,1.52,AN1,8A94,2.82,5.87,1.95,4.32,AN2,189B,0.00,0.00,1.95,3.30,AN3,0323,-0.27,6.01,1.95,5.32,POS,3.15,1.69,1.54,65
DIST,4,AN0,C32D,2.84,0.00,1.95,1.44,AN1,8A94,2.82,5.87,1.95,4.35,AN2,189B,0.00,0.00,1.95,3.31,AN3,0323,-0.27,6.01,1.95,5.26,POS,3.16,1.69,1.54,63
DIST,4,AN0,C32D,2.84,0.00,1.95,1.45,AN1,8A94,2.82,5.87,1.95,4.30,AN2,189B,0.00,0.00,1.95,3.37,AN3,0323,-0.27,6.01,1.95,5.28,POS,3.18,1.69,1.58,65
DIST,4,AN0,C32D,2.84,0.00,1.95,1.48,AN1,8A94,2.82,5.87,1.95,4.30,AN2,189B,0.00,0.00,1.95,3.34,AN3,0323,-0.27,6.01,1.95,5.28,POS,3.18,1.68,1.55,64
DIST,4,AN0,C32D,2.84,0.00,1.95,1.52,AN1,8A94,2.82,5.87,1.95,4.26,AN2,189B,0.00,0.00,1.95,3.34,AN3,0323,-0.27,6.01,1.95,5.27,POS,3.18,1.68,1.49,63
DIST,4,AN0,C32D,2.84,0.00,1.95,1.41,AN1,8A94,2.82,5.87,1.95,4.29,AN2,189B,0.00,0.00,1.95,3.30,AN3,0323,-0.27,6.01,1.95,5.24,POS,3.20,1.67,1.45,66
DIST,4,AN0,C32D,2.84,0.00,1.95,1.48,AN1,8A94,2.82,5.87,1.95,4.29,AN2,189B,0.00,0.00,1.95,3.34,AN3,0323,-0.27,6.01,1.95,5.27,POS,3.19,1.67,1.46,64
DIST,4,AN0,C32D,2.84,0.00,1.95,1.39,AN1,8A94,2.82,5.87,1.95,4.39,AN2,189B,0.00,0.00,1.95,3.34,AN3,0323,-0.27,6.01,1.95,5.31,POS,3.21,1.66,1.56,65
DIST,4,AN0,C32D,2.84,0.00,1.95,1.38,AN1,8A94,2.82,5.87,1.95,4.35,AN2,189B,0.00,0.00,1.95,3.26,AN3,0323,-0.27,6.01,1.95,5.31,POS,3.20,1.64,1.54,62
DIST,4,AN0,C32D,2.84,0.00,1.95,1.34,AN1,8A94,2.82,5.87,1.95,4.45,AN2,189B,0.00,0.00,1.95,3.21,AN3,0323,-0.27,6.01,1.95,5.33,POS,3.17,1.62,1.52,61
DIST,4,AN0,C32D,2.84,0.00,1.95,1.32,AN1,8A94,2.82,5.87,1.95,4.48,AN2,189B,0.00,0.00,1.95,3.11,AN3,0323,-0.27,6.01,1.95,5.28,POS,3.13,1.60,1.50,66
DIST,4,AN0,C32D,2.84,0.00,1.95,1.22,AN1,8A94,2.82,5.87,1.95,4.47,AN2,189B,0.00,0.00,1.95,3.02,AN3,0323,-0.27,6.01,1.95,5.26,POS,3.09,1.57,1.54,74
DIST,4,AN0,C32D,2.84,0.00,1.95,1.33,AN1,8A94,2.82,5.87,1.95,4.45,AN2,189B,0.00,0.00,1.95,2.91,AN3,0323,-0.27,6.01,1.95,5.27,POS,2.99,1.54,1.53,82
DIST,4,AN0,C32D,2.84,0.00,1.95,1.35,AN1,8A94,2.82,5.87,1.95,4.53,AN2,189B,0.00,0.00,1.95,2.81,AN3,0323,-0.27,6.01,1.95,5.15,POS,2.89,1.53,1.56,81
DIST,4,AN0,C32D,2.84,0.00,1.95,1.27,AN1,8A94,2.82,5.87,1.95,4.54,AN2,189B,0.00,0.00,1.95,2.74,AN3,0323,-0.27,6.01,1.95,5.08,POS,2.82,1.52,1.54,81
DIST,4,AN0,C32D,2.84,0.00,1.95,1.35,AN1,189B,0.00,0.00,1.95,2.59,AN2,8A94,2.82,5.87,1.95,4.56,AN3,0323,-0.27,6.01,1.95,5.13,POS,2.70,1.49,1.53,81
DIST,4,AN0,C32D,2.84,0.00,1.95,1.26,AN1,189B,0.00,0.00,1.95,2.42,AN2,8A94,2.82,5.87,1.95,4.70,AN3,0323,-0.27,6.01,1.95,4.97,POS,2.60,1.47,1.55,81
DIST,4,AN0,C32D,2.84,0.00,1.95,1.25,AN1,189B,0.00,0.00,1.95,2.27,AN2,8A94,2.82,5.87,1.95,4.75,AN3,0323,-0.27,6.01,1.95,5.01,POS,2.49,1.43,1.53,74
DIST,4,AN0,C32D,2.84,0.00,1.95,1.36,AN1,189B,0.00,0.00,1.95,2.20,AN2,8A94,2.82,5.87,1.95,4.87,AN3,0323,-0.27,6.01,1.95,5.13,POS,2.37,1.38,1.51,63
DIST,4,AN0,C32D,2.84,0.00,1.95,1.28,AN1,189B,0.00,0.00,1.95,1.99,AN2,8A94,2.82,5.87,1.95,4.92,AN3,0323,-0.27,6.01,1.95,5.18,POS,2.24,1.30,1.55,64
DIST,4,AN0,C32D,2.84,0.00,1.95,1.38,AN1,189B,0.00,0.00,1.95,2.03,AN2,8A94,2.82,5.87,1.95,4.99,AN3,0323,-0.27,6.01,1.95,5.05,POS,2.15,1.28,1.59,69
DIST,4,AN0,C32D,2.84,0.00,1.95,1.49,AN1,189B,0.00,0.00,1.95,1.88,AN2,8A94,2.82,5.87,1.95,5.05,AN3,0323,-0.27,6.01,1.95,5.15,POS,2.03,1.23,1.53,64
DIST,4,AN0,C32D,2.84,0.00,1.95,1.48,AN1,189B,0.00,0.00,1.95,1.83,AN2,8A94,2.82,5.87,1.95,5.03,AN3,0323,-0.27,6.01,1.95,5.11,POS,1.93,1.19,1.52,68
DIST,4,AN0,C32D,2.84,0.00,1.95,1.51,AN1,189B,0.00,0.00,1.95,1.81,AN2,8A94,2.82,5.87,1.95,5.05,AN3,0323,-0.27,6.01,1.95,5.07,POS,1.86,1.17,1.51,70
DIST,4,AN0,C32D,2.84,0.00,1.95,1.50,AN1,189B,0.00,0.00,1.95,1.72,AN2,8A94,2.82,5.87,1.95,5.06,AN3,0323,-0.27,6.01,1.95,5.18,POS,1.78,1.12,1.49,66
DIST,4,AN0,C32D,2.84,0.00,1.95,1.39,AN1,189B,0.00,0.00,1.95,1.73,AN2,8A94,2.82,5.87,1.95,5.09,AN3,0323,-0.27,6.01,1.95,5.18,POS,1.74,1.09,1.53,68
DIST,4,AN0,C32D,2.84,0.00,1.95,1.51,AN1,189B,0.00,0.00,1.95,1.71,AN2,8A94,2.82,5.87,1.95,5.09,AN3,0323,-0.27,6.01,1.95,5.25,POS,1.69,1.05,1.47,61
DIST,4,AN0,C32D,2.84,0.00,1.95,1.45,AN1,189B,0.00,0.00,1.95,1.69,AN2,8A94,2.82,5.87,1.95,5.07,AN3,0323,-0.27,6.01,1.95,5.28,POS,1.62,0.98,1.52,68
DIST,4,AN0,C32D,2.84,0.00,1.95,1.53,AN1,189B,0.00,0.00,1.95,1.69,AN2,8A94,2.82,5.87,1.95,5.09,AN3,0323,-0.27,6.01,1.95,5.25,POS,1.60,0.96,1.47,61
DIST,4,AN0,C32D,2.84,0.00,1.95,1.45,AN1,189B,0.00,0.00,1.95,1.63,AN2,8A94,2.82,5.87,1.95,5.04,AN3,0323,-0.27,6.01,1.95,5.27,POS,1.56,0.93,1.51,68
DIST,4,AN0,C32D,2.84,0.00,1.95,1.52,AN1,189B,0.00,0.00,1.95,1.67,AN2,8A94,2.82,5.87,1.95,5.05,AN3,0323,-0.27,6.01,1.95,5.23,POS,1.51,0.91,1.56,71
DIST,4,AN0,C32D,2.84,0.00,1.95,1.42,AN1,189B,0.00,0.00,1.95,1.69,AN2,8A94,2.82,5.87,1.95,5.06,AN3,0323,-0.27,6.01,1.95,5.21,POS,1.53,0.92,1.55,66
DIST,4,AN0,C32D,2.84,0.00,1.95,1.51,AN1,189B,0.00,0.00,1.95,1.64,AN2,8A94,2.82,5.87,1.95,5.07,AN3,0323,-0.27,6.01,1.95,5.20,POS,1.52,0.92,1.52,66
DIST,4,AN0,C32D,2.84,0.00,1.95,1.48,AN1,189B,0.00,0.00,1.95,1.66,AN2,8A94,2.82,5.87,1.95,5.12,AN3,0323,-0.27,6.01,1.95,5.20,POS,1.52,0.92,1.51,67
DIST,4,AN0,C32D,2.84,0.00,1.95,1.56,AN1,189B,0.00,0.00,1.95,1.68,AN2,8A94,2.82,5.87,1.95,5.09,AN3,0323,-0.27,6.01,1.95,5.29,POS,1.49,0.90,1.48,63
DIST,4,AN0,C32D,2.84,0.00,1.95,1.45,AN1,189B,0.00,0.00,1.95,1.70,AN2,8A94,2.82,5.87,1.95,5.08,AN3,0323,-0.27,6.01,1.95,5.20,POS,1.51,0.91,1.48,66
DIST,4,AN0,C32D,2.84,0.00,1.95,1.52,AN1,189B,0.00,0.00,1.95,1.71,AN2,8A94,2.82,5.87,1.95,5.07,AN3,0323,-0.27,6.01,1.95,5.23,POS,1.46,0.87,1.43,59
DIST,4,AN0,C32D,2.84,0.00,1.95,1.47,AN1,189B,0.00,0.00,1.95,1.73,AN2,8A94,2.82,5.87,1.95,5.05,AN3,0323,-0.27,6.01,1.95,5.25,POS,1.44,0.84,1.40,58
DIST,4,AN0,C32D,2.84,0.00,1.95,1.55,AN1,189B,0.00,0.00,1.95,1.76,AN2,8A94,2.82,5.87,1.95,5.02,AN3,0323,-0.27,6.01,1.95,5.21,POS,1.47,0.89,1.51,73
DIST,4,AN0,C32D,2.84,0.00,1.95,1.40,AN1,189B,0.00,0.00,1.95,1.68,AN2,8A94,2.82,5.87,1.95,5.08,AN3,0323,-0.27,6.01,1.95,5.25,POS,1.50,0.89,1.51,64
DIST,4,AN0,C32D,2.84,0.00,1.95,1.57,AN1,189B,0.00,0.00,1.95,1.69,AN2,8A94,2.82,5.87,1.95,5.04,AN3,0323,-0.27,6.01,1.95,5.26,POS,1.50,0.91,1.56,72
DIST,4,AN0,C32D,2.84,0.00,1.95,1.50,AN1,189B,0.00,0.00,1.95,1.71,AN2,8A94,2.82,5.87,1.95,5.12,AN3,0323,-0.27,6.01,1.95,5.18,POS,1.51,0.92,1.52,66
DIST,4,AN0,C32D,2.84,0.00,1.95,1.51,AN1,189B,0.00,0.00,1.95,1.67,AN2,8A94,2.82,5.87,1.95,5.19,AN3,0323,-0.27,6.01,1.95,5.21,POS,1.51,0.92,1.49,65
DIST,4,AN0,C32D,2.84,0.00,1.95,1.52,AN1,189B,0.00,0.00,1.95,1.66,AN2,8A94,2.82,5.87,1.95,5.14,AN3,0323,-0.27,6.01,1.95,5.15,POS,1.51,0.94,1.49,69
DIST,4,AN0,C32D,2.84,0.00,1.95,1.55,AN1,189B,0.00,0.00,1.95,1.59,AN2,8A94,2.82,5.87,1.95,5.14,AN3,0323,-0.27,6.01,1.95,5.26,POS,1.45,0.88,1.45,55
DIST,4,AN0,C32D,2.84,0.00,1.95,1.61,AN1,189B,0.00,0.00,1.95,1.58,AN2,8A94,2.82,5.87,1.95,5.19,AN3,0323,-0.27,6.01,1.95,5.20,POS,1.43,0.89,1.42,65
DIST,4,AN0,C32D,2.84,0.00,1.95,1.77,AN1,189B,0.00,0.00,1.95,1.49,AN2,8A94,2.82,5.87,1.95,5.20,AN3,0323,-0.27,6.01,1.95,5.09,POS,1.39,0.91,1.40,66
DIST,4,AN0,189B,0.00,0.00,1.95,1.43,AN1,C32D,2.84,0.00,1.95,1.81,AN2,8A94,2.82,5.87,1.95,5.13,AN3,0323,-0.27,6.01,1.95,5.03,POS,1.33,0.94,1.41,68
DIST,4,AN0,189B,0.00,0.00,1.95,1.41,AN1,C32D,2.84,0.00,1.95,1.97,AN2,8A94,2.82,5.87,1.95,5.11,AN3,0323,-0.27,6.01,1.95,4.88,POS,1.26,0.98,1.43,69
DIST,4,AN0,189B,0.00,0.00,1.95,1.33,AN1,C32D,2.84,0.00,1.95,2.16,AN2,8A94,2.82,5.87,1.95,5.27,AN3,0323,-0.27,6.01,1.95,4.81,POS,1.16,1.03,1.43,63
DIST,4,AN0,189B,0.00,0.00,1.95,1.32,AN1,C32D,2.84,0.00,1.95,2.31,AN2,8A94,2.82,5.87,1.95,5.26,AN3,0323,-0.27,6.01,1.95,4.80,POS,1.05,1.06,1.39,58
DIST,4,AN0,189B,0.00,0.00,1.95,1.26,AN1,C32D,2.84,0.00,1.95,2.41,AN2,0323,-0.27,6.01,1.95,4.78,AN3,8A94,2.82,5.87,1.95,5.24,POS,0.94,1.08,1.36,62
DIST,4,AN0,189B,0.00,0.00,1.95,1.25,AN1,C32D,2.84,0.00,1.95,2.47,AN2,0323,-0.27,6.01,1.95,4.71,AN3,8A94,2.82,5.87,1.95,5.29,POS,0.84,1.11,1.36,70
DIST,4,AN0,189B,0.00,0.00,1.95,1.24,AN1,C32D,2.84,0.00,1.95,2.63,AN2,0323,-0.27,6.01,1.95,4.66,AN3,8A94,2.82,5.87,1.95,5.21,POS,0.73,1.14,1.35,74
DIST,4,AN0,189B,0.00,0.00,1.95,1.26,AN1,C32D,2.84,0.00,1.95,2.78,AN2,0323,-0.27,6.01,1.95,4.49,AN3,8A94,2.82,5.87,1.95,5.00,POS,0.61,1.20,1.39,80
DIST,4,AN0,189B,0.00,0.00,1.95,1.32,AN1,C32D,2.84,0.00,1.95,2.86,AN2,0323,-0.27,6.01,1.95,4.42,AN3,8A94,2.82,5.87,1.95,5.09,POS,0.45,1.23,1.49,82
DIST,3,AN0,189B,0.00,0.00,1.95,1.38,AN1,0323,-0.27,6.01,1.95,4.38,AN2,8A94,2.82,5.87,1.95,5.12,POS,0.31,1.29,1.46,87
DIST,4,AN0,189B,0.00,0.00,1.95,1.45,AN1,C32D,2.84,0.00,1.95,3.01,AN2,0323,-0.27,6.01,1.95,4.46,AN3,8A94,2.82,5.87,1.95,5.16,POS,0.27,1.33,1.48,80
DIST,4,AN0,189B,0.00,0.00,1.95,1.45,AN1,C32D,2.84,0.00,1.95,3.07,AN2,0323,-0.27,6.01,1.95,4.43,AN3,8A94,2.82,5.87,1.95,5.17,POS,0.22,1.38,1.51,80
DIST,4,AN0,189B,0.00,0.00,1.95,1.43,AN1,C32D,2.84,0.00,1.95,3.08,AN2,0323,-0.27,6.01,1.95,4.44,AN3,8A94,2.82,5.87,1.95,5.18,POS,0.18,1.41,1.54,80
DIST,4,AN0,189B,0.00,0.00,1.95,1.41,AN1,C32D,2.84,0.00,1.95,3.18,AN2,0323,-0.27,6.01,1.95,4.35,AN3,8A94,2.82,5.87,1.95,5.21,POS,0.11,1.43,1.50,69
DIST,4,AN0,189B,0.00,0.00,1.95,1.41,AN1,C32D,2.84,0.00,1.95,3.15,AN2,0323,-0.27,6.01,1.95,4.38,AN3,8A94,2.82,5.87,1.95,5.26,POS,0.06,1.44,1.45,69
DIST,4,AN0,189B,0.00,0.00,1.95,1.44,AN1,C32D,2.84,0.00,1.95,3.22,AN2,0323,-0.27,6.01,1.95,4.24,AN3,8A94,2.82,5.87,1.95,5.19,POS,0.01,1.48,1.49,73
DIST,4,AN0,189B,0.00,0.00,1.95,1.43,AN1,C32D,2.84,0.00,1.95,3.22,AN2,0323,-0.27,6.01,1.95,4.25,AN3,8A94,2.82,5.87,1.95,5.16,POS,-0.02,1.50,1.51,73
DIST,4,AN0,189B,0.00,0.00,1.95,1.44,AN1,0323,-0.27,6.01,1.95,4.34,AN2,8A94,2.82,5.87,1.95,5.19,AN3,C32D,2.84,0.00,1.95,3.28,POS,-0.08,1.51,1.47,61
DIST,4,AN0,189B,0.00,0.00,1.95,1.41,AN1,0323,-0.27,6.01,1.95,4.32,AN2,8A94,2.82,5.87,1.95,5.19,AN3,C32D,2.84,0.00,1.95,3.18,POS,-0.15,1.48,1.55,64
DIST,4,AN0,189B,0.00,0.00,1.95,1.39,AN1,0323,-0.27,6.01,1.95,4.29,AN2,8A94,2.82,5.87,1.95,5.18,AN3,C32D,2.84,0.00,1.95,3.19,POS,-0.15,1.49,1.56,72
DIST,4,AN0,189B,0.00,0.00,1.95,1.41,AN1,0323,-0.27,6.01,1.95,4.32,AN2,8A94,2.82,5.87,1.95,5.22,AN3,C32D,2.84,0.00,1.95,3.19,POS,-0.14,1.50,1.53,71
DIST,4,AN0,189B,0.00,0.00,1.95,1.42,AN1,0323,-0.27,6.01,1.95,4.38,AN2,8A94,2.82,5.87,1.95,5.26,AN3,C32D,2.84,0.00,1.95,3.23,POS,-0.20,1.46,1.50,62
DIST,4,AN0,189B,0.00,0.00,1.95,1.40,AN1,0323,-0.27,6.01,1.95,4.35,AN2,8A94,2.82,5.87,1.95,5.23,AN3,C32D,2.84,0.00,1.95,3.21,POS,-0.18,1.47,1.48,68
DIST,4,AN0,189B,0.00,0.00,1.95,1.40,AN1,0323,-0.27,6.01,1.95,4.34,AN2,8A94,2.82,5.87,1.95,5.21,AN3,C32D,2.84,0.00,1.95,3.20,POS,-0.23,1.45,1.53,61
DIST,4,AN0,189B,0.00,0.00,1.95,1.43,AN1,0323,-0.27,6.01,1.95,4.30,AN2,8A94,2.82,5.87,1.95,5.16,AN3,C32D,2.84,0.00,1.95,3.23,POS,-0.23,1.47,1.51,65
DIST,4,AN0,189B,0.00,0.00,1.95,1.44,AN1,0323,-0.27,6.01,1.95,4.27,AN2,8A94,2.82,5.87,1.95,5.20,AN3,C32D,2.84,0.00,1.95,3.23,POS,-0.21,1.50,1.51,71
DIST,4,AN0,189B,0.00,0.00,1.95,1.43,AN1,0323,-0.27,6.01,1.95,4.27,AN2,8A94,2.82,5.87,1.95,5.16,AN3,C32D,2.84,0.00,1.95,3.21,POS,-0.20,1.51,1.51,71
DIST,4,AN0,189B,0.00,0.00,1.95,1.46,AN1,0323,-0.27,6.01,1.95,4.28,AN2,8A94,2.82,5.87,1.95,5.13,AN3,C32D,2.84,0.00,1.95,3.22,POS,-0.20,1.53,1.49,65
DIST,4,AN0,189B,0.00,0.00,1.95,1.48,AN1,0323,-0.27,6.01,1.95,4.25,AN2,8A94,2.82,5.87,1.95,5.14,AN3,C32D,2.84,0.00,1.95,3.23,POS,-0.24,1.51,1.56,63
DIST,4,AN0,189B,0.00,0.00,1.95,1.46,AN1,0323,-0.27,6.01,1.95,4.32,AN2,8A94,2.82,5.87,1.95,5.18,AN3,C32D,2.84,0.00,1.95,3.23,POS,-0.26,1.49,1.52,61
DIST,4,AN0,189B,0.00,0.00,1.95,1.45,AN1,0323,-0.27,6.01,1.95,4.34,AN2,8A94,2.82,5.87,1.95,5.09,AN3,C32D,2.84,0.00,1.95,3.13,POS,-0.21,1.49,1.54,77
DIST,3,AN0,189B,0.00,0.00,1.95,1.42,AN1,8A94,2.82,5.87,1.95,5.19,AN2,C32D,2.84,0.00,1.95,3.15,POS,-0.17,1.48,1.52,75
DIST,4,AN0,189B,0.00,0.00,1.95,1.43,AN1,0323,-0.27,6.01,1.95,4.33,AN2,8A94,2.82,5.87,1.95,5.16,AN3,C32D,2.84,0.00,1.95,3.15,POS,-0.20,1.46,1.54,64
DIST,4,AN0,189B,0.00,0.00,1.95,1.43,AN1,0323,-0.27,6.01,1.95,4.30,AN2,8A94,2.82,5.87,1.95,5.14,AN3,C32D,2.84,0.00,1.95,3.14,POS,-0.22,1.45,1.57,66
DIST,4,AN0,189B,0.00,0.00,1.95,1.46,AN1,0323,-0.27,6.01,1.95,4.32,AN2,8A94,2.82,5.87,1.95,5.12,AN3,C32D,2.84,0.00,1.95,3.19,POS,-0.20,1.47,1.51,66
DIST,4,AN0,189B,0.00,0.00,1.95,1.45,AN1,0323,-0.27,6.01,1.95,4.30,AN2,8A94,2.82,5.87,1.95,5.05,AN3,C32D,2.84,0.00,1.95,3.19,POS,-0.18,1.49,1.48,69
DIST,4,AN0,189B,0.00,0.00,1.95,1.50,AN1,0323,-0.27,6.01,1.95,4.24,AN2,8A94,2.82,5.87,1.95,5.07,AN3,C32D,2.84,0.00,1.95,3.19,POS,-0.18,1.52,1.46,68
DIST,4,AN0,189B,0.00,0.00,1.95,1.54,AN1,0323,-0.27,6.01,1.95,4.21,AN2,8A94,2.82,5.87,1.95,4.93,AN3,C32D,2.84,0.00,1.95,3.11,POS,-0.13,1.55,1.45,74
DIST,4,AN0,189B,0.00,0.00,1.95,1.48,AN1,0323,-0.27,6.01,1.95,4.20,AN2,8A94,2.82,5.87,1.95,4.94,AN3,C32D,2.84,0.00,1.95,3.15,POS,-0.12,1.57,1.49,77
DIST,4,AN0,189B,0.00,0.00,1.95,1.62,AN1,0323,-0.27,6.01,1.95,4.13,AN2,8A94,2.82,5.87,1.95,4.91,AN3,C32D,2.84,0.00,1.95,3.16,POS,-0.10,1.61,1.46,72
DIST,4,AN0,189B,0.00,0.00,1.95,1.65,AN1,0323,-0.27,6.01,1.95,4.13,AN2,8A94,2.82,5.87,1.95,4.95,AN3,C32D,2.84,0.00,1.95,3.29,POS,-0.11,1.64,1.42,66
DIST,4,AN0,189B,0.00,0.00,1.95,1.60,AN1,0323,-0.27,6.01,1.95,4.08,AN2,8A94,2.82,5.87,1.95,4.88,AN3,C32D,2.84,0.00,1.95,3.21,POS,-0.11,1.67,1.46,74
DIST,4,AN0,189B,0.00,0.00,1.95,1.63,AN1,0323,-0.27,6.01,1.95,4.10,AN2,8A94,2.82,5.87,1.95,4.92,AN3,C32D,2.84,0.00,1.95,3.17,POS,-0.13,1.66,1.48,69
DIST,4,AN0,189B,0.00,0.00,1.95,1.60,AN1,0323,-0.27,6.01,1.95,4.16,AN2,8A94,2.82,5.87,1.95,4.88,AN3,C32D,2.84,0.00,1.95,3.17,POS,-0.10,1.67,1.45,73
DIST,4,AN0,189B,0.00,0.00,1.95,1.61,AN1,0323,-0.27,6.01,1.95,4.10,AN2,8A94,2.82,5.87,1.95,4.88,AN3,C32D,2.84,0.00,1.95,3.12,POS,-0.10,1.66,1.47,73
DIST,4,AN0,189B,0.00,0.00,1.95,1.63,AN1,0323,-0.27,6.01,1.95,4.13,AN2,8A94,2.82,5.87,1.95,4.86,AN3,C32D,2.84,0.00,1.95,3.19,POS,-0.08,1.67,1.46,75
DIST,4,AN0,189B,0.00,0.00,1.95,1.61,AN1,0323,-0.27,6.01,1.95,4.14,AN2,8A94,2.82,5.87,1.95,4.89,AN3,C32D,2.84,0.00,1.95,3.16,POS,-0.07,1.68,1.44,73
DIST,4,AN0,189B,0.00,0.00,1.95,1.62,AN1,0323,-0.27,6.01,1.95,4.15,AN2,8A94,2.82,5.87,1.95,4.88,AN3,C32D,2.84,0.00,1.95,3.13,POS,-0.05,1.69,1.42,73
DIST,4,AN0,189B,0.00,0.00,1.95,1.63,AN1,0323,-0.27,6.01,1.95,4.13,AN2,8A94,2.82,5.87,1.95,4.86,AN3,C32D,2.84,0.00,1.95,3.11,POS,-0.03,1.70,1.41,75
DIST,4,AN0,189B,0.00,0.00,1.95,1.67,AN1,0323,-0.27,6.01,1.95,4.05,AN2,8A94,2.82,5.87,1.95,4.79,AN3,C32D,2.84,0.00,1.95,3.19,POS,-0.02,1.73,1.42,76
DIST,4,AN0,189B,0.00,0.00,1.95,1.70,AN1,0323,-0.27,6.01,1.95,4.07,AN2,8A94,2.82,5.87,1.95,4.82,AN3,C32D,2.84,0.00,1.95,3.21,POS,-0.02,1.74,1.40,72
DIST,4,AN0,189B,0.00,0.00,1.95,1.78,AN1,0323,-0.27,6.01,1.95,4.04,AN2,8A94,2.82,5.87,1.95,4.74,AN3,C32D,2.84,0.00,1.95,3.15,POS,0.01,1.76,1.44,78
DIST,4,AN0,189B,0.00,0.00,1.95,1.79,AN1,C32D,2.84,0.00,1.95,3.10,AN2,0323,-0.27,6.01,1.95,4.02,AN3,8A94,2.82,5.87,1.95,4.60,POS,0.07,1.79,1.41,77
DIST,4,AN0,189B,0.00,0.00,1.95,1.87,AN1,C32D,2.84,0.00,1.95,2.97,AN2,0323,-0.27,6.01,1.95,3.91,AN3,8A94,2.82,5.87,1.95,4.55,POS,0.15,1.84,1.43,75
DIST,4,AN0,189B,0.00,0.00,1.95,1.89,AN1,C32D,2.84,0.00,1.95,3.01,AN2,0323,-0.27,6.01,1.95,3.97,AN3,8A94,2.82,5.87,1.95,4.39,POS,0.24,1.86,1.42,75
DIST,4,AN0,189B,0.00,0.00,1.95,1.96,AN1,C32D,2.84,0.00,1.95,2.88,AN2,0323,-0.27,6.01,1.95,3.97,AN3,8A94,2.82,5.87,1.95,4.41,POS,0.31,1.89,1.39,75
DIST,4,AN0,189B,0.00,0.00,1.95,2.06,AN1,C32D,2.84,0.00,1.95,2.84,AN2,0323,-0.27,6.01,1.95,3.94,AN3,8A94,2.82,5.87,1.95,4.23,POS,0.41,1.93,1.36,77
DIST,4,AN0,189B,0.00,0.00,1.95,2.18,AN1,C32D,2.84,0.00,1.95,2.83,AN2,0323,-0.27,6.01,1.95,3.88,AN3,8A94,2.82,5.87,1.95,4.13,POS,0.50,1.98,1.35,80
DIST,4,AN0,189B,0.00,0.00,1.95,2.27,AN1,C32D,2.84,0.00,1.95,2.85,AN2,0323,-0.27,6.01,1.95,3.78,AN3,8A94,2.82,5.87,1.95,3.99,POS,0.59,2.04,1.37,85
DIST,4,AN0,189B,0.00,0.00,1.95,2.41,AN1,C32D,2.84,0.00,1.95,2.83,AN2,0323,-0.27,6.01,1.95,3.77,AN3,8A94,2.82,5.87,1.95,3.89,POS,0.68,2.10,1.35,86
DIST,4,AN0,189B,0.00,0.00,1.95,2.46,AN1,C32D,2.84,0.00,1.95,2.79,AN2,0323,-0.27,6.01,1.95,3.80,AN3,8A94,2.82,5.87,1.95,3.83,POS,0.78,2.15,1.33,87
DIST,4,AN0,189B,0.00,0.00,1.95,2.50,AN1,C32D,2.84,0.00,1.95,2.69,AN2,0323,-0.27,6.01,1.95,3.79,AN3,8A94,2.82,5.87,1.95,3.79,POS,0.87,2.19,1.40,93
DIST,4,AN0,189B,0.00,0.00,1.95,2.53,AN1,C32D,2.84,0.00,1.95,2.72,AN2,0323,-0.27,6.01,1.95,3.79,AN3,8A94,2.82,5.87,1.95,3.65,POS,0.96,2.23,1.42,94
DIST,4,AN0,189B,0.00,0.00,1.95,2.67,AN1,C32D,2.84,0.00,1.95,2.75,AN2,0323,-0.27,6.01,1.95,3.75,AN3,8A94,2.82,5.87,1.95,3.64,POS,1.05,2.28,1.41,92
DIST,4,AN0,189B,0.00,0.00,1.95,2.68,AN1,C32D,2.84,0.00,1.95,2.76,AN2,0323,-0.27,6.01,1.95,3.72,AN3,8A94,2.82,5.87,1.95,3.61,POS,1.11,2.32,1.40,93
DIST,4,AN0,189B,0.00,0.00,1.95,2.77,AN1,C32D,2.84,0.00,1.95,2.73,AN2,0323,-0.27,6.01,1.95,3.72,AN3,8A94,2.82,5.87,1.95,3.52,POS,1.19,2.36,1.42,94
DIST,4,AN0,189B,0.00,0.00,1.95,2.78,AN1,C32D,2.84,0.00,1.95,2.80,AN2,8A94,2.82,5.87,1.95,3.54,AN3,0323,-0.27,6.01,1.95,3.71,POS,1.23,2.40,1.39,91
DIST,4,AN0,189B,0.00,0.00,1.95,2.77,AN1,C32D,2.84,0.00,1.95,2.78,AN2,8A94,2.82,5.87,1.95,3.50,AN3,0323,-0.27,6.01,1.95,3.69,POS,1.27,2.43,1.39,93
DIST,4,AN0,189B,0.00,0.00,1.95,2.82,AN1,C32D,2.84,0.00,1.95,2.79,AN2,8A94,2.82,5.87,1.95,3.46,AN3,0323,-0.27,6.01,1.95,3.61,POS,1.28,2.46,1.45,97
DIST,4,AN0,189B,0.00,0.00,1.95,2.82,AN1,C32D,2.84,0.00,1.95,2.80,AN2,8A94,2.82,5.87,1.95,3.49,AN3,0323,-0.27,6.01,1.95,3.65,POS,1.31,2.48,1.45,94
DIST,4,AN0,189B,0.00,0.00,1.95,2.79,AN1,C32D,2.84,0.00,1.95,2.85,AN2,8A94,2.82,5.87,1.95,3.48,AN3,0323,-0.27,6.01,1.95,3.60,POS,1.31,2.50,1.46,95
DIST,4,AN0,189B,0.00,0.00,1.95,2.83,AN1,C32D,2.84,0.00,1.95,2.82,AN2,8A94,2.82,5.87,1.95,3.44,AN3,0323,-0.27,6.01,1.95,3.64,POS,1.33,2.52,1.45,94
DIST,4,AN0,189B,0.00,0.00,1.95,2.89,AN1,C32D,2.84,0.00,1.95,2.86,AN2,8A94,2.82,5.87,1.95,3.40,AN3,0323,-0.27,6.01,1.95,3.57,POS,1.35,2.54,1.47,95
DIST,4,AN0,189B,0.00,0.00,1.95,2.94,AN1,C32D,2.84,0.00,1.95,2.85,AN2,8A94,2.82,5.87,1.95,3.35,AN3,0323,-0.27,6.01,1.95,3.61,POS,1.38,2.57,1.44,93
DIST,4,AN0,189B,0.00,0.00,1.95,2.97,AN1,C32D,2.84,0.00,1.95,2.93,AN2,8A94,2.82,5.87,1.95,3.31,AN3,0323,-0.27,6.01,1.95,3.49,POS,1.39,2.61,1.46,96
DIST,4,AN0,189B,0.00,0.00,1.95,3.03,AN1,C32D,2.84,0.00,1.95,2.89,AN2,8A94,2.82,5.87,1.95,3.26,AN3,0323,-0.27,6.01,1.95,3.59,POS,1.43,2.64,1.43,92
DIST,4,AN0,C32D,2.84,0.00,1.95,2.84,AN1,189B,0.00,0.00,1.95,3.14,AN2,8A94,2.82,5.87,1.95,3.22,AN3,0323,-0.27,6.01,1.95,3.59,POS,1.51,2.68,1.47,95
DIST,4,AN0,C32D,2.84,0.00,1.95,2.89,AN1,189B,0.00,0.00,1.95,3.26,AN2,8A94,2.82,5.87,1.95,3.09,AN3,0323,-0.27,6.01,1.95,3.64,POS,1.58,2.73,1.44,90
DIST,4,AN0,C32D,2.84,0.00,1.95,2.90,AN1,189B,0.00,0.00,1.95,3.28,AN2,8A94,2.82,5.87,1.95,3.03,AN3,0323,-0.27,6.01,1.95,3.61,POS,1.64,2.77,1.44,92
DIST,4,AN0,C32D,2.84,0.00,1.95,2.90,AN1,189B,0.00,0.00,1.95,3.49,AN2,8A94,2.82,5.87,1.95,2.89,AN3,0323,-0.27,6.01,1.95,3.58,POS,1.71,2.81,1.48,93
DIST,4,AN0,C32D,2.84,0.00,1.95,2.99,AN1,8A94,2.82,5.87,1.95,2.81,AN2,189B,0.00,0.00,1.95,3.61,AN3,0323,-0.27,6.01,1.95,3.50,POS,1.83,2.90,1.45,81
DIST,4,AN0,C32D,2.84,0.00,1.95,3.10,AN1,8A94,2.82,5.87,1.95,2.66,AN2,189B,0.00,0.00,1.95,3.75,AN3,0323,-0.27,6.01,1.95,3.53,POS,1.94,2.99,1.38,75
DIST,4,AN0,8A94,2.82,5.87,1.95,2.62,AN1,C32D,2.84,0.00,1.95,3.14,AN2,189B,0.00,0.00,1.95,3.88,AN3,0323,-0.27,6.01,1.95,3.52,POS,1.98,3.04,1.38,83
DIST,4,AN0,8A94,2.82,5.87,1.95,2.58,AN1,C32D,2.84,0.00,1.95,3.19,AN2,189B,0.00,0.00,1.95,3.96,AN3,0323,-0.27,6.01,1.95,3.53,POS,2.02,3.10,1.36,80
DIST,4,AN0,8A94,2.82,5.87,1.95,2.51,AN1,C32D,2.84,0.00,1.95,3.29,AN2,189B,0.00,0.00,1.95,4.01,AN3,0323,-0.27,6.01,1.95,3.60,POS,2.08,3.16,1.45,82
DIST,4,AN0,8A94,2.82,5.87,1.95,2.44,AN1,C32D,2.84,0.00,1.95,3.36,AN2,0323,-0.27,6.01,1.95,3.64,AN3,189B,0.00,0.00,1.95,4.14,POS,2.17,3.22,1.46,75
DIST,4,AN0,8A94,2.82,5.87,1.95,2.39,AN1,C32D,2.84,0.00,1.95,3.36,AN2,0323,-0.27,6.01,1.95,3.72,AN3,189B,0.00,0.00,1.95,4.22,POS,2.27,3.27,1.50,75
DIST,4,AN0,8A94,2.82,5.87,1.95,2.34,AN1,C32D,2.84,0.00,1.95,3.36,AN2,0323,-0.27,6.01,1.95,3.73,AN3,189B,0.00,0.00,1.95,4.26,POS,2.35,3.31,1.56,75
DIST,4,AN0,8A94,2.82,5.87,1.95,2.38,AN1,C32D,2.84,0.00,1.95,3.38,AN2,0323,-0.27,6.01,1.95,3.78,AN3,189B,0.00,0.00,1.95,4.31,POS,2.43,3.35,1.55,76
DIST,4,AN0,8A94,2.82,5.87,1.95,2.36,AN1,C32D,2.84,0.00,1.95,3.43,AN2,0323,-0.27,6.01,1.95,3.73,AN3,189B,0.00,0.00,1.95,4.34,POS,2.48,3.38,1.52,76
DIST,4,AN0,8A94,2.82,5.87,1.95,2.36,AN1,C32D,2.84,0.00,1.95,3.36,AN2,0323,-0.27,6.01,1.95,3.70,AN3,189B,0.00,0.00,1.95,4.31,POS,2.49,3.39,1.58,74
DIST,4,AN0,8A94,2.82,5.87,1.95,2.31,AN1,C32D,2.84,0.00,1.95,3.40,AN2,0323,-0.27,6.01,1.95,3.69,AN3,189B,0.00,0.00,1.95,4.30,POS,2.50,3.42,1.62,75
DIST,4,AN0,8A94,2.82,5.87,1.95,2.31,AN1,C32D,2.84,0.00,1.95,3.42,AN2,0323,-0.27,6.01,1.95,3.67,AN3,189B,0.00,0.00,1.95,4.31,POS,2.51,3.44,1.63,75
DIST,4,AN0,8A94,2.82,5.87,1.95,2.31,AN1,C32D,2.84,0.00,1.95,3.40,AN2,0323,-0.27,6.01,1.95,3.64,AN3,189B,0.00,0.00,1.95,4.43,POS,2.51,3.45,1.52,76
DIST,4,AN0,8A94,2.82,5.87,1.95,2.29,AN1,C32D,2.84,0.00,1.95,3.43,AN2,0323,-0.27,6.01,1.95,3.71,AN3,189B,0.00,0.00,1.95,4.37,POS,2.57,3.49,1.51,77
DIST,4,AN0,8A94,2.82,5.87,1.95,2.27,AN1,C32D,2.84,0.00,1.95,3.44,AN2,0323,-0.27,6.01,1.95,3.72,AN3,189B,0.00,0.00,1.95,4.35,POS,2.59,3.50,1.55,76
DIST,4,AN0,8A94,2.82,5.87,1.95,2.30,AN1,C32D,2.84,0.00,1.95,3.46,AN2,0323,-0.27,6.01,1.95,3.74,AN3,189B,0.00,0.00,1.95,4.38,POS,2.61,3.50,1.53,76
DIST,4,AN0,8A94,2.82,5.87,1.95,2.29,AN1,C32D,2.84,0.00,1.95,3.40,AN2,0323,-0.27,6.01,1.95,3.70,AN3,189B,0.00,0.00,1.95,4.33,POS,2.65,3.52,1.54,77
DIST,4,AN0,8A94,2.82,5.87,1.95,2.33,AN1,C32D,2.84,0.00,1.95,3.44,AN2,0323,-0.27,6.01,1.95,3.65,AN3,189B,0.00,0.00,1.95,4.33,POS,2.66,3.54,1.52,77
DIST,4,AN0,8A94,2.82,5.87,1.95,2.33,AN1,C32D,2.84,0.00,1.95,3.37,AN2,0323,-0.27,6.01,1.95,3.69,AN3,189B,0.00,0.00,1.95,4.34,POS,2.70,3.56,1.45,69
DIST,4,AN0,8A94,2.82,5.87,1.95,2.30,AN1,C32D,2.84,0.00,1.95,3.40,AN2,0323,-0.27,6.01,1.95,3.73,AN3,189B,0.00,0.00,1.95,4.42,POS,2.67,3.54,1.53,75
DIST,4,AN0,8A94,2.82,5.87,1.95,2.27,AN1,C32D,2.84,0.00,1.95,3.42,AN2,0323,-0.27,6.01,1.95,3.65,AN3,189B,0.00,0.00,1.95,4.44,POS,2.65,3.54,1.45,75
DIST,4,AN0,8A94,2.82,5.87,1.95,2.20,AN1,C32D,2.84,0.00,1.95,3.54,AN2,0323,-0.27,6.01,1.95,3.64,AN3,189B,0.00,0.00,1.95,4.42,POS,2.65,3.56,1.48,77
DIST,4,AN0,8A94,2.82,5.87,1.95,2.15,AN1,C32D,2.84,0.00,1.95,3.70,AN2,0323,-0.27,6.01,1.95,3.44,AN3,189B,0.00,0.00,1.95,4.58,POS,2.58,3.60,1.46,77
DIST,4,AN0,8A94,2.82,5.87,1.95,2.13,AN1,C32D,2.84,0.00,1.95,3.79,AN2,0323,-0.27,6.01,1.95,3.43,AN3,189B,0.00,0.00,1.95,4.58,POS,2.53,3.65,1.41,78
DIST,4,AN0,8A94,2.82,5.87,1.95,2.06,AN1,0323,-0.27,6.01,1.95,3.32,AN2,C32D,2.84,0.00,1.95,3.85,AN3,189B,0.00,0.00,1.95,4.53,POS,2.51,3.73,1.35,79
DIST,4,AN0,8A94,2.82,5.87,1.95,2.01,AN1,0323,-0.27,6.01,1.95,3.35,AN2,C32D,2.84,0.00,1.95,3.86,AN3,189B,0.00,0.00,1.95,4.51,POS,2.48,3.77,1.36,79
DIST,4,AN0,8A94,2.82,5.87,1.95,2.10,AN1,0323,-0.27,6.01,1.95,3.16,AN2,C32D,2.84,0.00,1.95,3.85,AN3,189B,0.00,0.00,1.95,4.53,POS,2.39,3.79,1.38,77
DIST,4,AN0,8A94,2.82,5.87,1.95,1.99,AN1,0323,-0.27,6.01,1.95,3.01,AN2,C32D,2.84,0.00,1.95,3.85,AN3,189B,0.00,0.00,1.95,4.60,POS,2.31,3.82,1.35,74
DIST,4,AN0,8A94,2.82,5.87,1.95,1.90,AN1,0323,-0.27,6.01,1.95,2.85,AN2,C32D,2.84,0.00,1.95,3.93,AN3,189B,0.00,0.00,1.95,4.59,POS,2.23,3.87,1.38,76
DIST,4,AN0,8A94,2.82,5.87,1.95,1.89,AN1,0323,-0.27,6.01,1.95,2.76,AN2,C32D,2.84,0.00,1.95,4.03,AN3,189B,0.00,0.00,1.95,4.56,POS,2.14,3.92,1.37,76
DIST,4,AN0,8A94,2.82,5.87,1.95,2.00,AN1,0323,-0.27,6.01,1.95,2.70,AN2,C32D,2.84,0.00,1.95,3.98,AN3,189B,0.00,0.00,1.95,4.41,POS,2.05,3.95,1.39,82
DIST,4,AN0,8A94,2.82,5.87,1.95,2.04,AN1,0323,-0.27,6.01,1.95,2.61,AN2,C32D,2.84,0.00,1.95,4.01,AN3,189B,0.00,0.00,1.95,4.41,POS,1.95,3.96,1.41,84
DIST,4,AN0,8A94,2.82,5.87,1.95,2.05,AN1,0323,-0.27,6.01,1.95,2.53,AN2,C32D,2.84,0.00,1.95,3.98,AN3,189B,0.00,0.00,1.95,4.35,POS,1.86,3.98,1.35,80
DIST,4,AN0,8A94,2.82,5.87,1.95,2.12,AN1,0323,-0.27,6.01,1.95,2.46,AN2,C32D,2.84,0.00,1.95,3.98,AN3,189B,0.00,0.00,1.95,4.22,POS,1.76,3.98,1.32,83
DIST,4,AN0,8A94,2.82,5.87,1.95,2.16,AN1,0323,-0.27,6.01,1.95,2.50,AN2,C32D,2.84,0.00,1.95,4.14,AN3,189B,0.00,0.00,1.95,4.20,POS,1.69,4.01,1.32,84
DIST,4,AN0,8A94,2.82,5.87,1.95,2.16,AN1,0323,-0.27,6.01,1.95,2.43,AN2,C32D,2.84,0.00,1.95,4.17,AN3,189B,0.00,0.00,1.95,4.23,POS,1.62,4.03,1.32,85
DIST,4,AN0,8A94,2.82,5.87,1.95,2.22,AN1,0323,-0.27,6.01,1.95,2.34,AN2,C32D,2.84,0.00,1.95,4.26,AN3,189B,0.00,0.00,1.95,4.22,POS,1.55,4.06,1.32,83
DIST,4,AN0,8A94,2.82,5.87,1.95,2.29,AN1,0323,-0.27,6.01,1.95,2.44,AN2,C32D,2.84,0.00,1.95,4.23,AN3,189B,0.00,0.00,1.95,4.21,POS,1.50,4.06,1.36,88
DIST,4,AN0,8A94,2.82,5.87,1.95,2.37,AN1,0323,-0.27,6.01,1.95,2.39,AN2,C32D,2.84,0.00,1.95,4.14,AN3,189B,0.00,0.00,1.95,4.13,POS,1.48,4.07,1.41,90
DIST,4,AN0,8A94,2.82,5.87,1.95,2.36,AN1,0323,-0.27,6.01,1.95,2.46,AN2,C32D,2.84,0.00,1.95,4.10,AN3,189B,0.00,0.00,1.95,4.10,POS,1.46,4.06,1.42,88
DIST,4,AN0,8A94,2.82,5.87,1.95,2.37,AN1,0323,-0.27,6.01,1.95,2.47,AN2,C32D,2.84,0.00,1.95,4.14,AN3,189B,0.00,0.00,1.95,4.23,POS,1.42,4.04,1.36,81
DIST,4,AN0,8A94,2.82,5.87,1.95,2.36,AN1,0323,-0.27,6.01,1.95,2.52,AN2,189B,0.00,0.00,1.95,4.22,AN3,C32D,2.84,0.00,1.95,4.01,POS,1.39,4.00,1.36,88
DIST,4,AN0,8A94,2.82,5.87,1.95,2.33,AN1,0323,-0.27,6.01,1.95,2.51,AN2,189B,0.00,0.00,1.95,4.20,AN3,C32D,2.84,0.00,1.95,4.06,POS,1.38,3.98,1.35,86
DIST,4,AN0,8A94,2.82,5.87,1.95,2.44,AN1,0323,-0.27,6.01,1.95,2.44,AN2,189B,0.00,0.00,1.95,4.09,AN3,C32D,2.84,0.00,1.95,4.15,POS,1.37,3.99,1.33,85
DIST,4,AN0,8A94,2.82,5.87,1.95,2.38,AN1,0323,-0.27,6.01,1.95,2.43,AN2,189B,0.00,0.00,1.95,4.12,AN3,C32D,2.84,0.00,1.95,3.92,POS,1.33,3.95,1.31,84
DIST,4,AN0,8A94,2.82,5.87,1.95,2.41,AN1,0323,-0.27,6.01,1.95,2.45,AN2,189B,0.00,0.00,1.95,4.09,AN3,C32D,2.84,0.00,1.95,4.06,POS,1.30,3.94,1.32,86
DIST,4,AN0,8A94,2.82,5.87,1.95,2.43,AN1,0323,-0.27,6.01,1.95,2.47,AN2,189B,0.00,0.00,1.95,4.13,AN3,C32D,2.84,0.00,1.95,4.09,POS,1.28,3.93,1.30,83
DIST,4,AN0,8A94,2.82,5.87,1.95,2.46,AN1,0323,-0.27,6.01,1.95,2.47,AN2,189B,0.00,0.00,1.95,4.06,AN3,C32D,2.84,0.00,1.95,4.04,POS,1.26,3.91,1.31,85
DIST,4,AN0,8A94,2.82,5.87,1.95,2.41,AN1,0323,-0.27,6.01,1.95,2.45,AN2,189B,0.00,0.00,1.95,4.07,AN3,C32D,2.84,0.00,1.95,4.03,POS,1.31,3.95,1.28,81
DIST,4,AN0,8A94,2.82,5.87,1.95,2.43,AN1,0323,-0.27,6.01,1.95,2.45,AN2,189B,0.00,0.00,1.95,4.06,AN3,C32D,2.84,0.00,1.95,4.05,POS,1.29,3.93,1.30,86
DIST,4,AN0,8A94,2.82,5.87,1.95,2.42,AN1,0323,-0.27,6.01,1.95,2.45,AN2,189B,0.00,0.00,1.95,4.11,AN3,C32D,2.84,0.00,1.95,4.10,POS,1.27,3.93,1.29,83
DIST,4,AN0,8A94,2.82,5.87,1.95,2.37,AN1,0323,-0.27,6.01,1.95,2.43,AN2,189B,0.00,0.00,1.95,4.10,AN3,C32D,2.84,0.00,1.95,4.09,POS,1.31,3.96,1.36,90
DIST,4,AN0,8A94,2.82,5.87,1.95,2.43,AN1,0323,-0.27,6.01,1.95,2.52,AN2,189B,0.00,0.00,1.95,4.06,AN3,C32D,2.84,0.00,1.95,3.96,POS,1.29,3.92,1.38,89
DIST,4,AN0,8A94,2.82,5.87,1.95,2.45,AN1,0323,-0.27,6.01,1.95,2.42,AN2,189B,0.00,0.00,1.95,4.09,AN3,C32D,2.84,0.00,1.95,4.01,POS,1.26,3.90,1.44,90
DIST,4,AN0,8A94,2.82,5.87,1.95,2.39,AN1,0323,-0.27,6.01,1.95,2.44,AN2,189B,0.00,0.00,1.95,4.08,AN3,C32D,2.84,0.00,1.95,4.00,POS,1.25,3.89,1.49,91
DIST,4,AN0,8A94,2.82,5.87,1.95,2.44,AN1,0323,-0.27,6.01,1.95,2.49,AN2,189B,0.00,0.00,1.95,4.17,AN3,C32D,2.84,0.00,1.95,4.07,POS,1.24,3.89,1.43,84
DIST,4,AN0,8A94,2.82,5.87,1.95,2.40,AN1,0323,-0.27,6.01,1.95,2.40,AN2,189B,0.00,0.00,1.95,4.15,AN3,C32D,2.84,0.00,1.95,4.07,POS,1.23,3.89,1.44,87
DIST,4,AN0,8A94,2.82,5.87,1.95,2.43,AN1,0323,-0.27,6.01,1.95,2.41,AN2,189B,0.00,0.00,1.95,4.07,AN3,C32D,2.84,0.00,1.95,4.00,POS,1.21,3.88,1.52,91
DIST,4,AN0,8A94,2.82,5.87,1.95,2.39,AN1,0323,-0.27,6.01,1.95,2.45,AN2,189B,0.00,0.00,1.95,4.07,AN3,C32D,2.84,0.00,1.95,4.02,POS,1.28,3.92,1.44,82
DIST,4,AN0,8A94,2.82,5.87,1.95,2.40,AN1,0323,-0.27,6.01,1.95,2.41,AN2,189B,0.00,0.00,1.95,4.18,AN3,C32D,2.84,0.00,1.95,4.04,POS,1.26,3.91,1.46,89
DIST,4,AN0,8A94,2.82,5.87,1.95,2.45,AN1,0323,-0.27,6.01,1.95,2.43,AN2,189B,0.00,0.00,1.95,4.19,AN3,C32D,2.84,0.00,1.95,4.02,POS,1.24,3.89,1.48,88
DIST,4,AN0,8A94,2.82,5.87,1.95,2.43,AN1,0323,-0.27,6.01,1.95,2.47,AN2,189B,0.00,0.00,1.95,4.13,AN3,C32D,2.84,0.00,1.95,4.07,POS,1.23,3.89,1.43,84
DIST,4,AN0,8A94,2.82,5.87,1.95,2.38,AN1,0323,-0.27,6.01,1.95,2.45,AN2,189B,0.00,0.00,1.95,4.16,AN3,C32D,2.84,0.00,1.95,4.07,POS,1.23,3.90,1.42,86
DIST,4,AN0,8A94,2.82,5.87,1.95,2.40,AN1,0323,-0.27,6.01,1.95,2.42,AN2,189B,0.00,0.00,1.95,4.15,AN3,C32D,2.84,0.00,1.95,4.01,POS,1.22,3.89,1.48,91
DIST,4,AN0,8A94,2.82,5.87,1.95,2.40,AN1,0323,-0.27,6.01,1.95,2.40,AN2,189B,0.00,0.00,1.95,4.12,AN3,C32D,2.84,0.00,1.95,3.99,POS,1.21,3.89,1.40,81
DIST,4,AN0,8A94,2.82,5.87,1.95,2.41,AN1,0323,-0.27,6.01,1.95,2.45,AN2,189B,0.00,0.00,1.95,4.21,AN3,C32D,2.84,0.00,1.95,4.07,POS,1.22,3.89,1.39,86
DIST,4,AN0,8A94,2.82,5.87,1.95,2.44,AN1,0323,-0.27,6.01,1.95,2.41,AN2,189B,0.00,0.00,1.95,4.16,AN3,C32D,2.84,0.00,1.95,4.05,POS,1.20,3.89,1.41,88
DIST,4,AN0,8A94,2.82,5.87,1.95,2.40,AN1,0323,-0.27,6.01,1.95,2.43,AN2,189B,0.00,0.00,1.95,4.16,AN3,C32D,2.84,0.00,1.95,4.04,POS,1.20,3.89,1.43,88
DIST,4,AN0,8A94,2.82,5.87,1.95,2.39,AN1,0323,-0.27,6.01,1.95,2.40,AN2,189B,0.00,0.00,1.95,4.19,AN3,C32D,2.84,0.00,1.95,4.08,POS,1.20,3.89,1.43,87
DIST,4,AN0,8A94,2.82,5.87,1.95,2.43,AN1,0323,-0.27,6.01,1.95,2.44,AN2,189B,0.00,0.00,1.95,4.19,AN3,C32D,2.84,0.00,1.95,4.03,POS,1.20,3.89,1.44,88
