DIST,4,AN0,0323,-0.27,6.01,1.95,2.59,AN1,8A94,2.82,5.87,1.95,2.76,AN2,189B,0.00,0.00,1.95,4.28,AN3,C32D,2.84,0.00,1.95,4.20,POS,1.05,3.90,1.09,69
DIST,4,AN0,0323,-0.27,6.01,1.95,2.61,AN1,8A94,2.82,5.87,1.95,2.70,AN2,189B,0.00,0.00,1.95,4.23,AN3,C32D,2.84,0.00,1.95,4.17,POS,1.07,3.92,1.08,75
DIST,4,AN0,0323,-0.27,6.01,1.95,2.57,AN1,8A94,2.82,5.87,1.95,2.73,AN2,189B,0.00,0.00,1.95,4.24,AN3,C32D,2.84,0.00,1.95,4.18,POS,1.06,3.89,1.11,80
DIST,4,AN0,0323,-0.27,6.01,1.95,2.58,AN1,8A94,2.82,5.87,1.95,2.72,AN2,189B,0.00,0.00,1.95,4.29,AN3,C32D,2.84,0.00,1.95,4.11,POS,1.06,3.86,1.16,84
DIST,4,AN0,0323,-0.27,6.01,1.95,2.58,AN1,8A94,2.82,5.87,1.95,2.76,AN2,189B,0.00,0.00,1.95,4.27,AN3,C32D,2.84,0.00,1.95,4.20,POS,1.05,3.90,1.11,70
DIST,4,AN0,0323,-0.27,6.01,1.95,2.57,AN1,8A94,2.82,5.87,1.95,2.71,AN2,189B,0.00,0.00,1.95,4.25,AN3,C32D,2.84,0.00,1.95,4.19,POS,1.05,3.88,1.13,79
DIST,4,AN0,0323,-0.27,6.01,1.95,2.55,AN1,8A94,2.82,5.87,1.95,2.74,AN2,189B,0.00,0.00,1.95,4.27,AN3,C32D,2.84,0.00,1.95,4.13,POS,1.04,3.85,1.18,83
DIST,4,AN0,0323,-0.27,6.01,1.95,2.54,AN1,8A94,2.82,5.87,1.95,2.75,AN2,189B,0.00,0.00,1.95,4.24,AN3,C32D,2.84,0.00,1.95,4.17,POS,1.03,3.84,1.21,81
DIST,4,AN0,0323,-0.27,6.01,1.95,2.54,AN1,8A94,2.82,5.87,1.95,2.70,AN2,189B,0.00,0.00,1.95,4.28,AN3,C32D,2.84,0.00,1.95,4.16,POS,1.03,3.83,1.23,82
DIST,4,AN0,0323,-0.27,6.01,1.95,2.54,AN1,8A94,2.82,5.87,1.95,2.75,AN2,189B,0.00,0.00,1.95,4.24,AN3,C32D,2.84,0.00,1.95,4.21,POS,1.02,3.83,1.22,79
DIST,4,AN0,0323,-0.27,6.01,1.95,2.57,AN1,8A94,2.82,5.87,1.95,2.74,AN2,189B,0.00,0.00,1.95,4.24,AN3,C32D,2.84,0.00,1.95,4.19,POS,1.02,3.82,1.20,79
DIST,4,AN0,0323,-0.27,6.01,1.95,2.52,AN1,8A94,2.82,5.87,1.95,2.67,AN2,189B,0.00,0.00,1.95,4.26,AN3,C32D,2.84,0.00,1.95,4.24,POS,1.03,3.84,1.20,79
DIST,4,AN0,0323,-0.27,6.01,1.95,2.55,AN1,8A94,2.82,5.87,1.95,2.70,AN2,189B,0.00,0.00,1.95,4.20,AN3,C32D,2.84,0.00,1.95,4.22,POS,1.03,3.84,1.19,79
DIST,4,AN0,0323,-0.27,6.01,1.95,2.55,AN1,8A94,2.82,5.87,1.95,2.69,AN2,189B,0.00,0.00,1.95,4.22,AN3,C32D,2.84,0.00,1.95,4.21,POS,1.04,3.84,1.19,80
DIST,4,AN0,0323,-0.27,6.01,1.95,2.53,AN1,8A94,2.82,5.87,1.95,2.74,AN2,189B,0.00,0.00,1.95,4.23,AN3,C32D,2.84,0.00,1.95,4.23,POS,1.03,3.84,1.19,78
DIST,4,AN0,0323,-0.27,6.01,1.95,2.53,AN1,8A94,2.82,5.87,1.95,2.70,AN2,189B,0.00,0.00,1.95,4.25,AN3,C32D,2.84,0.00,1.95,4.16,POS,1.03,3.83,1.22,82
DIST,4,AN0,0323,-0.27,6.01,1.95,2.57,AN1,8A94,2.82,5.87,1.95,2.70,AN2,189B,0.00,0.00,1.95,4.23,AN3,C32D,2.84,0.00,1.95,4.21,POS,1.04,3.87,1.19,75
DIST,4,AN0,0323,-0.27,6.01,1.95,2.52,AN1,8A94,2.82,5.87,1.95,2.71,AN2,189B,0.00,0.00,1.95,4.28,AN3,C32D,2.84,0.00,1.95,4.19,POS,1.04,3.86,1.21,81
DIST,4,AN0,0323,-0.27,6.01,1.95,2.56,AN1,8A94,2.82,5.87,1.95,2.70,AN2,189B,0.00,0.00,1.95,4.33,AN3,C32D,2.84,0.00,1.95,4.19,POS,1.04,3.85,1.21,80
DIST,4,AN0,0323,-0.27,6.01,1.95,2.52,AN1,8A94,2.82,5.87,1.95,2.72,AN2,189B,0.00,0.00,1.95,4.31,AN3,C32D,2.84,0.00,1.95,4.18,POS,1.03,3.84,1.23,81
DIST,4,AN0,0323,-0.27,6.01,1.95,2.54,AN1,8A94,2.82,5.87,1.95,2.70,AN2,189B,0.00,0.00,1.95,4.30,AN3,C32D,2.84,0.00,1.95,4.21,POS,1.03,3.84,1.23,80
DIST,4,AN0,0323,-0.27,6.01,1.95,2.53,AN1,8A94,2.82,5.87,1.95,2.72,AN2,189B,0.00,0.00,1.95,4.33,AN3,C32D,2.84,0.00,1.95,4.25,POS,1.03,3.90,1.16,69
DIST,4,AN0,0323,-0.27,6.01,1.95,2.58,AN1,8A94,2.82,5.87,1.95,2.76,AN2,189B,0.00,0.00,1.95,4.28,AN3,C32D,2.84,0.00,1.95,4.25,POS,1.03,3.93,1.10,69
DIST,4,AN0,0323,-0.27,6.01,1.95,2.53,AN1,8A94,2.82,5.87,1.95,2.73,AN2,189B,0.00,0.00,1.95,4.27,AN3,C32D,2.84,0.00,1.95,4.22,POS,1.02,3.91,1.13,79
DIST,4,AN0,0323,-0.27,6.01,1.95,2.54,AN1,8A94,2.82,5.87,1.95,2.74,AN2,189B,0.00,0.00,1.95,4.26,AN3,C32D,2.84,0.00,1.95,4.17,POS,1.02,3.88,1.16,81
DIST,4,AN0,0323,-0.27,6.01,1.95,2.52,AN1,8A94,2.82,5.87,1.95,2.74,AN2,189B,0.00,0.00,1.95,4.30,AN3,C32D,2.84,0.00,1.95,4.21,POS,1.01,3.87,1.18,80
DIST,4,AN0,0323,-0.27,6.01,1.95,2.56,AN1,8A94,2.82,5.87,1.95,2.70,AN2,189B,0.00,0.00,1.95,4.30,AN3,C32D,2.84,0.00,1.95,4.17,POS,1.02,3.85,1.19,81
DIST,4,AN0,0323,-0.27,6.01,1.95,2.51,AN1,8A94,2.82,5.87,1.95,2.71,AN2,189B,0.00,0.00,1.95,4.30,AN3,C32D,2.84,0.00,1.95,4.16,POS,1.02,3.84,1.24,83
DIST,4,AN0,0323,-0.27,6.01,1.95,2.52,AN1,8A94,2.82,5.87,1.95,2.71,AN2,189B,0.00,0.00,1.95,4.23,AN3,C32D,2.84,0.00,1.95,4.14,POS,1.02,3.83,1.28,84
DIST,4,AN0,0323,-0.27,6.01,1.95,2.52,AN1,8A94,2.82,5.87,1.95,2.70,AN2,189B,0.00,0.00,1.95,4.23,AN3,C32D,2.84,0.00,1.95,4.14,POS,1.02,3.82,1.31,84
DIST,4,AN0,0323,-0.27,6.01,1.95,2.53,AN1,8A94,2.82,5.87,1.95,2.77,AN2,189B,0.00,0.00,1.95,4.31,AN3,C32D,2.84,0.00,1.95,4.16,POS,1.00,3.81,1.32,82
DIST,4,AN0,0323,-0.27,6.01,1.95,2.58,AN1,8A94,2.82,5.87,1.95,2.75,AN2,189B,0.00,0.00,1.95,4.27,AN3,C32D,2.84,0.00,1.95,4.15,POS,1.01,3.80,1.30,81
DIST,4,AN0,0323,-0.27,6.01,1.95,2.59,AN1,8A94,2.82,5.87,1.95,2.77,AN2,189B,0.00,0.00,1.95,4.26,AN3,C32D,2.84,0.00,1.95,4.16,POS,1.01,3.79,1.27,79
DIST,4,AN0,0323,-0.27,6.01,1.95,2.61,AN1,8A94,2.82,5.87,1.95,2.67,AN2,189B,0.00,0.00,1.95,4.25,AN3,C32D,2.84,0.00,1.95,4.17,POS,1.04,3.84,1.22,76
DIST,4,AN0,0323,-0.27,6.01,1.95,2.53,AN1,8A94,2.82,5.87,1.95,2.71,AN2,189B,0.00,0.00,1.95,4.25,AN3,C32D,2.84,0.00,1.95,4.20,POS,1.04,3.84,1.22,80
DIST,4,AN0,0323,-0.27,6.01,1.95,2.55,AN1,8A94,2.82,5.87,1.95,2.95,AN2,189B,0.00,0.00,1.95,4.27,AN3,C32D,2.84,0.00,1.95,4.20,POS,0.98,3.81,1.21,76
DIST,4,AN0,0323,-0.27,6.01,1.95,2.58,AN1,8A94,2.82,5.87,1.95,3.00,AN2,189B,0.00,0.00,1.95,4.18,AN3,C32D,2.84,0.00,1.95,4.19,POS,0.93,3.78,1.20,75
DIST,4,AN0,0323,-0.27,6.01,1.95,2.52,AN1,8A94,2.82,5.87,1.95,3.67,AN2,189B,0.00,0.00,1.95,4.24,AN3,C32D,2.84,0.00,1.95,4.23,POS,0.68,3.66,1.28,76
DIST,4,AN0,0323,-0.27,6.01,1.95,2.56,AN1,8A94,2.82,5.87,1.95,2.82,AN2,189B,0.00,0.00,1.95,4.17,AN3,C32D,2.84,0.00,1.95,4.19,POS,0.75,3.69,1.26,78
DIST,4,AN0,0323,-0.27,6.01,1.95,2.56,AN1,8A94,2.82,5.87,1.95,2.78,AN2,189B,0.00,0.00,1.95,4.22,AN3,C32D,2.84,0.00,1.95,4.19,POS,0.81,3.71,1.24,79
DIST,4,AN0,0323,-0.27,6.01,1.95,2.54,AN1,8A94,2.82,5.87,1.95,2.70,AN2,189B,0.00,0.00,1.95,4.23,AN3,C32D,2.84,0.00,1.95,4.22,POS,0.86,3.75,1.23,79
DIST,4,AN0,0323,-0.27,6.01,1.95,2.56,AN1,8A94,2.82,5.87,1.95,3.18,AN2,189B,0.00,0.00,1.95,4.22,AN3,C32D,2.84,0.00,1.95,4.19,POS,0.79,3.71,1.24,75
DIST,4,AN0,0323,-0.27,6.01,1.95,2.58,AN1,8A94,2.82,5.87,1.95,3.00,AN2,189B,0.00,0.00,1.95,4.23,AN3,C32D,2.84,0.00,1.95,4.18,POS,0.79,3.70,1.22,76
DIST,4,AN0,0323,-0.27,6.01,1.95,2.57,AN1,8A94,2.82,5.87,1.95,3.10,AN2,189B,0.00,0.00,1.95,4.23,AN3,C32D,2.84,0.00,1.95,4.22,POS,0.76,3.68,1.20,73
DIST,4,AN0,0323,-0.27,6.01,1.95,2.52,AN1,8A94,2.82,5.87,1.95,2.58,AN2,189B,0.00,0.00,1.95,4.19,AN3,C32D,2.84,0.00,1.95,4.18,POS,0.85,3.73,1.24,84
DIST,4,AN0,0323,-0.27,6.01,1.95,2.54,AN1,8A94,2.82,5.87,1.95,2.56,AN2,189B,0.00,0.00,1.95,4.27,AN3,C32D,2.84,0.00,1.95,4.19,POS,0.93,3.77,1.25,83
DIST,4,AN0,0323,-0.27,6.01,1.95,2.53,AN1,8A94,2.82,5.87,1.95,2.60,AN2,189B,0.00,0.00,1.95,4.24,AN3,C32D,2.84,0.00,1.95,4.16,POS,0.98,3.79,1.28,85
DIST,4,AN0,0323,-0.27,6.01,1.95,2.55,AN1,8A94,2.82,5.87,1.95,2.61,AN2,189B,0.00,0.00,1.95,4.19,AN3,C32D,2.84,0.00,1.95,4.16,POS,1.02,3.81,1.29,84
DIST,4,AN0,0323,-0.27,6.01,1.95,2.53,AN1,8A94,2.82,5.87,1.95,2.95,AN2,189B,0.00,0.00,1.95,4.29,AN3,C32D,2.84,0.00,1.95,4.21,POS,0.96,3.79,1.27,76
DIST,4,AN0,0323,-0.27,6.01,1.95,2.52,AN1,8A94,2.82,5.87,1.95,2.59,AN2,189B,0.00,0.00,1.95,4.17,AN3,C32D,2.84,0.00,1.95,4.16,POS,1.00,3.80,1.30,85
DIST,3,AN0,0323,-0.27,6.01,1.95,2.51,AN1,8A94,2.82,5.87,1.95,2.86,AN2,189B,0.00,0.00,1.95,4.22,POS,0.97,3.86,1.22,68
DIST,4,AN0,0323,-0.27,6.01,1.95,2.54,AN1,8A94,2.82,5.87,1.95,2.97,AN2,189B,0.00,0.00,1.95,4.20,AN3,C32D,2.84,0.00,1.95,4.10,POS,0.92,3.80,1.28,82
DIST,4,AN0,0323,-0.27,6.01,1.95,2.52,AN1,8A94,2.82,5.87,1.95,2.60,AN2,189B,0.00,0.00,1.95,4.23,AN3,C32D,2.84,0.00,1.95,4.16,POS,0.97,3.81,1.31,85
DIST,4,AN0,0323,-0.27,6.01,1.95,2.53,AN1,8A94,2.82,5.87,1.95,3.09,AN2,189B,0.00,0.00,1.95,4.24,AN3,C32D,2.84,0.00,1.95,4.20,POS,0.89,3.77,1.30,75
DIST,4,AN0,0323,-0.27,6.01,1.95,2.56,AN1,8A94,2.82,5.87,1.95,2.63,AN2,189B,0.00,0.00,1.95,4.19,AN3,C32D,2.84,0.00,1.95,4.19,POS,0.95,3.79,1.28,82
DIST,4,AN0,0323,-0.27,6.01,1.95,2.59,AN1,8A94,2.82,5.87,1.95,2.67,AN2,189B,0.00,0.00,1.95,4.19,AN3,C32D,2.84,0.00,1.95,4.20,POS,0.99,3.83,1.26,79
DIST,4,AN0,0323,-0.27,6.01,1.95,2.56,AN1,8A94,2.82,5.87,1.95,2.66,AN2,189B,0.00,0.00,1.95,4.22,AN3,C32D,2.84,0.00,1.95,4.13,POS,1.02,3.83,1.28,85
DIST,4,AN0,0323,-0.27,6.01,1.95,2.55,AN1,8A94,2.82,5.87,1.95,2.66,AN2,189B,0.00,0.00,1.95,4.22,AN3,C32D,2.84,0.00,1.95,DIST,4,AN0,0323,-0.27,6.01,1.95,2.20,AN1,8A94,2.82,5.87,1.95,2.20,AN2,189B,0.00,0.00,1.95,4.74,AN3,C32D,2.84,0.00,1.95,4.33,POS,1.18,4.14,1.38,82
DIST,4,AN0,0323,-0.27,6.01,1.95,2.23,AN1,8A94,2.82,5.87,1.95,2.22,AN2,189B,0.00,0.00,1.95,4.66,AN3,C32D,2.84,0.00,1.95,4.36,POS,1.18,4.15,1.35,79
DIST,4,AN0,0323,-0.27,6.01,1.95,2.27,AN1,8A94,2.82,5.87,1.95,2.16,AN2,189B,0.00,0.00,1.95,4.60,AN3,C32D,2.84,0.00,1.95,4.26,POS,1.21,4.15,1.38,85
DIST,4,AN0,8A94,2.82,5.87,1.95,2.16,AN1,0323,-0.27,6.01,1.95,2.25,AN2,189B,0.00,0.00,1.95,4.53,AN3,C32D,2.84,0.00,1.95,4.38,POS,1.22,4.18,1.34,78
DIST,4,AN0,8A94,2.82,5.87,1.95,2.14,AN1,0323,-0.27,6.01,1.95,2.22,AN2,189B,0.00,0.00,1.95,4.43,AN3,C32D,2.84,0.00,1.95,4.27,POS,1.23,4.17,1.41,87
DIST,4,AN0,8A94,2.82,5.87,1.95,2.14,AN1,0323,-0.27,6.01,1.95,2.24,AN2,189B,0.00,0.00,1.95,4.45,AN3,C32D,2.84,0.00,1.95,4.38,POS,1.24,4.19,1.37,79
DIST,4,AN0,8A94,2.82,5.87,1.95,2.15,AN1,0323,-0.27,6.01,1.95,2.28,AN2,189B,0.00,0.00,1.95,4.38,AN3,C32D,2.84,0.00,1.95,4.44,POS,1.26,4.21,1.43,87
DIST,4,AN0,8A94,2.82,5.87,1.95,2.20,AN1,0323,-0.27,6.01,1.95,2.26,AN2,189B,0.00,0.00,1.95,4.67,AN3,C32D,2.84,0.00,1.95,4.38,POS,1.26,4.21,1.37,77
DIST,4,AN0,8A94,2.82,5.87,1.95,2.22,AN1,0323,-0.27,6.01,1.95,2.28,AN2,189B,0.00,0.00,1.95,4.66,AN3,C32D,2.84,0.00,1.95,4.36,POS,1.25,4.21,1.33,78
DIST,4,AN0,8A94,2.82,5.87,1.95,2.23,AN1,0323,-0.27,6.01,1.95,2.23,AN2,189B,0.00,0.00,1.95,4.29,AN3,C32D,2.84,0.00,1.95,4.13,POS,1.24,4.17,1.32,81
DIST,4,AN0,8A94,2.82,5.87,1.95,2.28,AN1,0323,-0.27,6.01,1.95,2.23,AN2,189B,0.00,0.00,1.95,4.01,AN3,C32D,2.84,0.00,1.95,4.23,POS,1.21,4.15,1.38,85
DIST,4,AN0,8A94,2.82,5.87,1.95,2.27,AN1,0323,-0.27,6.01,1.95,2.24,AN2,189B,0.00,0.00,1.95,4.19,AN3,C32D,2.84,0.00,1.95,4.39,POS,1.19,4.16,1.37,79
DIST,4,AN0,0323,-0.27,6.01,1.95,2.20,AN1,8A94,2.82,5.87,1.95,2.18,AN2,189B,0.00,0.00,1.95,4.39,AN3,C32D,2.84,0.00,1.95,4.25,POS,1.20,4.16,1.45,88
DIST,4,AN0,8A94,2.82,5.87,1.95,2.13,AN1,0323,-0.27,6.01,1.95,2.18,AN2,189B,0.00,0.00,1.95,4.39,AN3,C32D,2.84,0.00,1.95,4.22,POS,1.21,4.16,1.40,80
DIST,4,AN0,8A94,2.82,5.87,1.95,2.17,AN1,0323,-0.27,6.01,1.95,2.24,AN2,189B,0.00,0.00,1.95,4.37,AN3,C32D,2.84,0.00,1.95,4.22,POS,1.22,4.15,1.48,89
DIST,4,AN0,8A94,2.82,5.87,1.95,2.10,AN1,0323,-0.27,6.01,1.95,2.18,AN2,189B,0.00,0.00,1.95,4.44,AN3,C32D,2.84,0.00,1.95,4.22,POS,1.23,4.15,1.43,81
DIST,4,AN0,8A94,2.82,5.87,1.95,2.14,AN1,0323,-0.27,6.01,1.95,2.22,AN2,189B,0.00,0.00,1.95,4.39,AN3,C32D,2.84,0.00,1.95,4.36,POS,1.24,4.17,1.41,82
DIST,4,AN0,8A94,2.82,5.87,1.95,2.21,AN1,0323,-0.27,6.01,1.95,2.23,AN2,189B,0.00,0.00,1.95,4.34,AN3,C32D,2.84,0.00,1.95,4.43,POS,1.24,4.19,1.45,85
DIST,4,AN0,8A94,2.82,5.87,1.95,2.18,AN1,0323,-0.27,6.01,1.95,2.19,AN2,189B,0.00,0.00,1.95,4.34,AN3,C32D,2.84,0.00,1.95,4.34,POS,1.28,4.23,1.38,78
DIST,4,AN0,8A94,2.82,5.87,1.95,2.16,AN1,0323,-0.27,6.01,1.95,2.20,AN2,189B,0.00,0.00,1.95,4.33,AN3,C32D,2.84,0.00,1.95,4.43,POS,1.27,4.25,1.35,78
DIST,4,AN0,8A94,2.82,5.87,1.95,2.30,AN1,0323,-0.27,6.01,1.95,2.15,AN2,189B,0.00,0.00,1.95,4.27,AN3,C32D,2.84,0.00,1.95,4.44,POS,1.23,4.25,1.33,76
DIST,4,AN0,8A94,2.82,5.87,1.95,2.30,AN1,0323,-0.27,6.01,1.95,2.13,AN2,189B,0.00,0.00,1.95,4.18,AN3,C32D,2.84,0.00,1.95,4.40,POS,1.19,4.24,1.34,78
DIST,4,AN0,0323,-0.27,6.01,1.95,2.11,AN1,8A94,2.82,5.87,1.95,2.38,AN2,189B,0.00,0.00,1.95,4.12,AN3,C32D,2.84,0.00,1.95,4.34,POS,1.15,4.22,1.40,81
DIST,4,AN0,0323,-0.27,6.01,1.95,2.13,AN1,8A94,2.82,5.87,1.95,2.52,AN2,189B,0.00,0.00,1.95,4.00,AN3,C32D,2.84,0.00,1.95,4.31,POS,1.09,4.18,1.43,79
DIST,4,AN0,0323,-0.27,6.01,1.95,2.14,AN1,8A94,2.82,5.87,1.95,2.56,AN2,189B,0.00,0.00,1.95,3.99,AN3,C32D,2.84,0.00,1.95,4.36,POS,1.03,4.15,1.41,75
DIST,4,AN0,0323,-0.27,6.01,1.95,2.14,AN1,8A94,2.82,5.87,1.95,2.68,AN2,189B,0.00,0.00,1.95,3.91,AN3,C32D,2.84,0.00,1.95,4.29,POS,0.97,4.11,1.44,77
DIST,4,AN0,0323,-0.27,6.01,1.95,2.14,AN1,8A94,2.82,5.87,1.95,2.80,AN2,189B,0.00,0.00,1.95,3.79,AN3,C32D,2.84,0.00,1.95,4.30,POS,0.89,4.06,1.45,78
DIST,4,AN0,0323,-0.27,6.01,1.95,2.20,AN1,8A94,2.82,5.87,1.95,2.92,AN2,189B,0.00,0.00,1.95,3.75,AN3,C32D,2.84,0.00,1.95,4.23,POS,0.85,4.01,1.48,78
DIST,4,AN0,0323,-0.27,6.01,1.95,2.17,AN1,8A94,2.82,5.87,1.95,3.04,AN2,189B,0.00,0.00,1.95,3.61,AN3,C32D,2.84,0.00,1.95,4.27,POS,0.74,3.95,1.52,77
DIST,4,AN0,0323,-0.27,6.01,1.95,2.22,AN1,8A94,2.82,5.87,1.95,3.11,AN2,189B,0.00,0.00,1.95,3.64,AN3,C32D,2.84,0.00,1.95,4.27,POS,0.68,3.91,1.50,77
DIST,4,AN0,0323,-0.27,6.01,1.95,2.16,AN1,8A94,2.82,5.87,1.95,3.21,AN2,189B,0.00,0.00,1.95,3.59,AN3,C32D,2.84,0.00,1.95,4.31,POS,0.61,3.87,1.53,77
DIST,4,AN0,0323,-0.27,6.01,1.95,2.20,AN1,8A94,2.82,5.87,1.95,3.35,AN2,189B,0.00,0.00,1.95,3.54,AN3,C32D,2.84,0.00,1.95,4.34,POS,0.52,3.83,1.53,78
DIST,4,AN0,0323,-0.27,6.01,1.95,2.25,AN1,8A94,2.82,5.87,1.95,3.39,AN2,189B,0.00,0.00,1.95,3.55,AN3,C32D,2.84,0.00,1.95,4.40,POS,0.42,3.79,1.47,78
DIST,4,AN0,0323,-0.27,6.01,1.95,2.34,AN1,8A94,2.82,5.87,1.95,3.47,AN2,189B,0.00,0.00,1.95,3.48,AN3,C32D,2.84,0.00,1.95,4.45,POS,0.32,3.75,1.43,78
DIST,4,AN0,0323,-0.27,6.01,1.95,2.35,AN1,8A94,2.82,5.87,1.95,3.53,AN2,189B,0.00,0.00,1.95,3.40,AN3,C32D,2.84,0.00,1.95,4.46,POS,0.22,3.70,1.41,75
DIST,4,AN0,0323,-0.27,6.01,1.95,2.35,AN1,8A94,2.82,5.87,1.95,3.68,AN2,189B,0.00,0.00,1.95,3.48,AN3,C32D,2.84,0.00,1.95,4.47,POS,0.15,3.67,1.35,73
DIST,4,AN0,0323,-0.27,6.01,1.95,2.39,AN1,8A94,2.82,5.87,1.95,3.75,AN2,189B,0.00,0.00,1.95,3.45,AN3,C32D,2.84,0.00,1.95,4.44,POS,0.05,3.61,1.45,73
DIST,4,AN0,0323,-0.27,6.01,1.95,2.40,AN1,8A94,2.82,5.87,1.95,3.72,AN2,189B,0.00,0.00,1.95,3.38,AN3,C32D,2.84,0.00,1.95,4.54,POS,-0.02,3.58,1.40,67
DIST,4,AN0,0323,-0.27,6.01,1.95,2.38,AN1,189B,0.00,0.00,1.95,3.42,AN2,8A94,2.82,5.87,1.95,3.67,AN3,C32D,2.84,0.00,1.95,4.47,POS,-0.06,3.56,1.39,71
DIST,4,AN0,0323,-0.27,6.01,1.95,2.39,AN1,189B,0.00,0.00,1.95,3.49,AN2,8A94,2.82,5.87,1.95,3.68,AN3,C32D,2.84,0.00,1.95,4.48,POS,-0.07,3.57,1.43,78
DIST,4,AN0,0323,-0.27,6.01,1.95,2.38,AN1,189B,0.00,0.00,1.95,3.42,AN2,8A94,2.82,5.87,1.95,3.72,AN3,C32D,2.84,0.00,1.95,4.57,POS,-0.12,3.56,1.40,68
DIST,4,AN0,0323,-0.27,6.01,1.95,2.40,AN1,189B,0.00,0.00,1.95,3.44,AN2,8A94,2.82,5.87,1.95,3.68,AN3,C32D,2.84,0.00,1.95,4.56,POS,-0.13,3.55,1.46,77
DIST,4,AN0,0323,-0.27,6.01,1.95,2.32,AN1,189B,0.00,0.00,1.95,3.49,AN2,8A94,2.82,5.87,1.95,3.71,AN3,C32D,2.84,0.00,1.95,4.59,POS,-0.16,3.57,1.40,67
DIST,4,AN0,0323,-0.27,6.01,1.95,2.33,AN1,189B,0.00,0.00,1.95,3.53,AN2,8A94,2.82,5.87,1.95,3.62,AN3,C32D,2.84,0.00,1.95,4.57,POS,-0.15,3.58,1.44,79
DIST,4,AN0,0323,-0.27,6.01,1.95,2.34,AN1,189B,0.00,0.00,1.95,3.44,AN2,8A94,2.82,5.87,1.95,3.67,AN3,C32D,2.84,0.00,1.95,4.57,POS,-0.17,3.58,1.42,71
DIST,4,AN0,0323,-0.27,6.01,1.95,2.37,AN1,189B,0.00,0.00,1.95,3.48,AN2,8A94,2.82,5.87,1.95,3.64,AN3,C32D,2.84,0.00,1.95,4.59,POS,-0.16,3.57,1.48,77
DIST,4,AN0,0323,-0.27,6.01,1.95,2.35,AN1,189B,0.00,0.00,1.95,3.45,AN2,8A94,2.82,5.87,1.95,3.64,AN3,C32D,2.84,0.00,1.95,4.56,POS,-0.17,3.57,1.41,69
DIST,4,AN0,0323,-0.27,6.01,1.95,2.37,AN1,189B,0.00,0.00,1.95,3.49,AN2,8A94,2.82,5.87,1.95,3.71,AN3,C32D,2.84,0.00,1.95,4.57,POS,-0.17,3.57,1.45,76
DIST,4,AN0,0323,-0.27,6.01,1.95,2.39,AN1,189B,0.00,0.00,1.95,3.46,AN2,8A94,2.82,5.87,1.95,3.65,AN3,C32D,2.84,0.00,1.95,4.56,POS,-0.16,3.57,1.49,77
DIST,4,AN0,0323,-0.27,6.01,1.95,2.41,AN1,189B,0.00,0.00,1.95,3.41,AN2,8A94,2.82,5.87,1.95,3.65,AN3,C32D,2.84,0.00,1.95,4.53,POS,-0.16,3.55,1.58,78
DIST,4,AN0,0323,-0.27,6.01,1.95,2.40,AN1,189B,0.00,0.00,1.95,3.43,AN2,8A94,2.82,5.87,1.95,3.64,AN3,C32D,2.84,0.00,1.95,4.53,POS,-0.15,3.54,1.62,78
DIST,4,AN0,0323,-0.27,6.01,1.95,2.41,AN1,189B,0.00,0.00,1.95,3.39,AN2,8A94,2.82,5.87,1.95,3.53,AN3,C32D,2.84,0.00,1.95,4.41,POS,-0.12,3.54,1.52,74
DIST,4,AN0,0323,-0.27,6.01,1.95,2.48,AN1,189B,0.00,0.00,1.95,3.41,AN2,8A94,2.82,5.87,1.95,3.54,AN3,C32D,2.84,0.00,1.95,4.40,POS,-0.07,3.52,1.53,77
DIST,4,AN0,0323,-0.27,6.01,1.95,2.49,AN1,189B,0.00,0.00,1.95,3.36,AN2,8A94,2.82,5.87,1.95,3.50,AN3,C32D,2.84,0.00,1.95,4.29,POS,-0.02,3.51,1.58,76
DIST,4,AN0,0323,-0.27,6.01,1.95,2.51,AN1,189B,0.00,0.00,1.95,3.34,AN2,8A94,2.82,5.87,1.95,3.48,AN3,C32D,2.84,0.00,1.95,4.13,POS,0.07,3.50,1.51,75
DIST,4,AN0,0323,-0.27,6.01,1.95,2.57,AN1,189B,0.00,0.00,1.95,3.14,AN2,8A94,2.82,5.87,1.95,3.42,AN3,C32D,2.84,0.00,1.95,3.99,POS,0.12,3.45,1.55,75
DIST,4,AN0,0323,-0.27,6.01,1.95,2.69,AN1,189B,0.00,0.00,1.95,3.08,AN2,8A94,2.82,5.87,1.95,3.51,AN3,C32D,2.84,0.00,1.95,3.90,POS,0.17,3.39,1.53,75
DIST,4,AN0,0323,-0.27,6.01,1.95,2.80,AN1,189B,0.00,0.00,1.95,3.04,AN2,8A94,2.82,5.87,1.95,3.45,AN3,C32D,2.84,0.00,1.95,3.74,POS,0.25,3.34,1.51,81
DIST,4,AN0,0323,-0.27,6.01,1.95,2.83,AN1,189B,0.00,0.00,1.95,3.08,AN2,8A94,2.82,5.87,1.95,3.48,AN3,C32D,2.84,0.00,1.95,3.75,POS,0.30,3.28,1.50,80
DIST,4,AN0,0323,-0.27,6.01,1.95,2.95,AN1,189B,0.00,0.00,1.95,3.05,AN2,8A94,2.82,5.87,1.95,3.44,AN3,C32D,2.84,0.00,1.95,3.59,POS,0.38,3.21,1.49,85
DIST,4,AN0,0323,-0.27,6.01,1.95,3.03,AN1,189B,0.00,0.00,1.95,3.00,AN2,8A94,2.82,5.87,1.95,3.43,AN3,C32D,2.84,0.00,1.95,3.42,POS,0.51,3.17,1.49,92
DIST,4,AN0,0323,-0.27,6.01,1.95,3.13,AN1,189B,0.00,0.00,1.95,2.99,AN2,8A94,2.82,5.87,1.95,3.42,AN3,C32D,2.84,0.00,1.95,3.26,POS,0.58,3.08,1.43,86
DIST,4,AN0,0323,-0.27,6.01,1.95,3.18,AN1,189B,0.00,0.00,1.95,2.95,AN2,8A94,2.82,5.87,1.95,3.46,AN3,C32D,2.84,0.00,1.95,3.13,POS,0.74,3.05,1.39,90
DIST,4,AN0,0323,-0.27,6.01,1.95,3.36,AN1,189B,0.00,0.00,1.95,2.79,AN2,8A94,2.82,5.87,1.95,3.52,AN3,C32D,2.84,0.00,1.95,3.10,POS,0.79,2.95,1.44,94
DIST,4,AN0,189B,0.00,0.00,1.95,2.79,AN1,0323,-0.27,6.01,1.95,3.48,AN2,8A94,2.82,5.87,1.95,3.51,AN3,C32D,2.84,0.00,1.95,2.90,POS,0.87,2.86,1.38,87
DIST,4,AN0,189B,0.00,0.00,1.95,2.74,AN1,0323,-0.27,6.01,1.95,3.56,AN2,C32D,2.84,0.00,1.95,2.96,AN3,8A94,2.82,5.87,1.95,3.61,POS,0.93,2.78,1.43,95
DIST,4,AN0,189B,0.00,0.00,1.95,2.79,AN1,C32D,2.84,0.00,1.95,2.82,AN2,0323,-0.27,6.01,1.95,3.57,AN3,8A94,2.82,5.87,1.95,3.58,POS,1.05,2.75,1.49,98
DIST,4,AN0,189B,0.00,0.00,1.95,2.80,AN1,C32D,2.84,0.00,1.95,2.84,AN2,0323,-0.27,6.01,1.95,3.57,AN3,8A94,2.82,5.87,1.95,3.49,POS,1.09,2.70,1.54,97
DIST,4,AN0,189B,0.00,0.00,1.95,2.85,AN1,C32D,2.84,0.00,1.95,2.94,AN2,0323,-0.27,6.01,1.95,3.54,AN3,8A94,2.82,5.87,1.95,3.47,POS,1.13,2.68,1.50,94
DIST,4,AN0,189B,0.00,0.00,1.95,2.88,AN1,C32D,2.84,0.00,1.95,2.93,AN2,8A94,2.82,5.87,1.95,3.49,AN3,0323,-0.27,6.01,1.95,3.54,POS,1.15,2.66,1.49,94
DIST,4,AN0,189B,0.00,0.00,1.95,2.88,AN1,C32D,2.84,0.00,1.95,2.88,AN2,8A94,2.82,5.87,1.95,3.49,AN3,0323,-0.27,6.01,1.95,3.55,POS,1.21,2.67,1.49,95
DIST,4,AN0,189B,0.00,0.00,1.95,2.87,AN1,C32D,2.84,0.00,1.95,2.83,AN2,8A94,2.82,5.87,1.95,3.53,AN3,0323,-0.27,6.01,1.95,3.62,POS,1.27,2.66,1.47,93
DIST,4,AN0,189B,0.00,0.00,1.95,2.87,AN1,C32D,2.84,0.00,1.95,2.82,AN2,8A94,2.82,5.87,1.95,3.52,AN3,0323,-0.27,6.01,1.95,3.60,POS,1.32,2.66,1.48,95
DIST,4,AN0,189B,0.00,0.00,1.95,2.87,AN1,C32D,2.84,0.00,1.95,2.83,AN2,8A94,2.82,5.87,1.95,3.55,AN3,0323,-0.27,6.01,1.95,3.63,POS,1.36,2.66,1.46,93
DIST,4,AN0,189B,0.00,0.00,1.95,2.88,AN1,C32D,2.84,0.00,1.95,2.81,AN2,8A94,2.82,5.87,1.95,3.53,AN3,0323,-0.27,6.01,1.95,3.64,POS,1.39,2.65,1.45,94
DIST,4,AN0,189B,0.00,0.00,1.95,2.88,AN1,C32D,2.84,0.00,1.95,2.85,AN2,8A94,2.82,5.87,1.95,3.56,AN3,0323,-0.27,6.01,1.95,3.63,POS,1.41,2.65,1.42,92
DIST,4,AN0,189B,0.00,0.00,1.95,2.88,AN1,C32D,2.84,0.00,1.95,2.79,AN2,8A94,2.82,5.87,1.95,3.52,AN3,0323,-0.27,6.01,1.95,3.64,POS,1.43,2.65,1.44,95
DIST,4,AN0,C32D,2.84,0.00,1.95,2.81,AN1,189B,0.00,0.00,1.95,2.82,AN2,8A94,2.82,5.87,1.95,3.47,AN3,0323,-0.27,6.01,1.95,3.67,POS,1.43,2.62,1.41,92
DIST,4,AN0,C32D,2.84,0.00,1.95,2.82,AN1,189B,0.00,0.00,1.95,2.89,AN2,8A94,2.82,5.87,1.95,3.46,AN3,0323,-0.27,6.01,1.95,3.67,POS,1.43,2.61,1.39,92
DIST,4,AN0,C32D,2.84,0.00,1.95,2.81,AN1,189B,0.00,0.00,1.95,2.88,AN2,8A94,2.82,5.87,1.95,3.44,AN3,0323,-0.27,6.01,1.95,3.67,POS,1.43,2.60,1.38,92
DIST,4,AN0,C32D,2.84,0.00,1.95,2.78,AN1,189B,0.00,0.00,1.95,2.90,AN2,8A94,2.82,5.87,1.95,3.47,AN3,0323,-0.27,6.01,1.95,3.69,POS,1.42,2.58,1.38,93
DIST,4,AN0,C32D,2.84,0.00,1.95,2.77,AN1,189B,0.00,0.00,1.95,2.85,AN2,8A94,2.82,5.87,1.95,3.48,AN3,0323,-0.27,6.01,1.95,3.64,POS,1.40,2.57,1.43,97
DIST,4,AN0,189B,0.00,0.00,1.95,2.83,AN1,C32D,2.84,0.00,1.95,2.77,AN2,8A94,2.82,5.87,1.95,3.45,AN3,0323,-0.27,6.01,1.95,3.66,POS,1.41,2.56,1.45,95
DIST,4,AN0,189B,0.00,0.00,1.95,2.87,AN1,C32D,2.84,0.00,1.95,2.81,AN2,8A94,2.82,5.87,1.95,3.43,AN3,0323,-0.27,6.01,1.95,3.62,POS,1.39,2.57,1.48,96
DIST,4,AN0,189B,0.00,0.00,1.95,2.85,AN1,C32D,2.84,0.00,1.95,2.79,AN2,8A94,2.82,5.87,1.95,3.49,AN3,0323,-0.27,6.01,1.95,3.62,POS,1.36,2.56,1.53,97
DIST,4,AN0,189B,0.00,0.00,1.95,2.88,AN1,C32D,2.84,0.00,1.95,2.83,AN2,8A94,2.82,5.87,1.95,3.48,AN3,0323,-0.27,6.01,1.95,3.62,POS,1.34,2.56,1.51,94
DIST,4,AN0,189B,0.00,0.00,1.95,2.92,AN1,C32D,2.84,0.00,1.95,2.84,AN2,8A94,2.82,5.87,1.95,3.47,AN3,0323,-0.27,6.01,1.95,3.59,POS,1.38,2.59,1.51,95
DIST,4,AN0,189B,0.00,0.00,1.95,2.89,AN1,C32D,2.84,0.00,1.95,2.75,AN2,8A94,2.82,5.87,1.95,3.52,AN3,0323,-0.27,6.01,1.95,3.62,POS,1.35,2.56,1.42,88
DIST,4,AN0,189B,0.00,0.00,1.95,2.93,AN1,C32D,2.84,0.00,1.95,2.84,AN2,8A94,2.82,5.87,1.95,3.46,AN3,0323,-0.27,6.01,1.95,3.63,POS,1.34,2.57,1.41,93
DIST,4,AN0,189B,0.00,0.00,1.95,2.89,AN1,C32D,2.84,0.00,1.95,2.78,AN2,8A94,2.82,5.87,1.95,3.44,AN3,0323,-0.27,6.01,1.95,3.69,POS,1.38,2.56,1.41,93
DIST,4,AN0,189B,0.00,0.00,1.95,2.94,AN1,C32D,2.84,0.00,1.95,2.77,AN2,8A94,2.82,5.87,1.95,3.41,AN3,0323,-0.27,6.01,1.95,3.62,POS,1.38,2.57,1.49,98
DIST,4,AN0,189B,0.00,0.00,1.95,2.97,AN1,C32D,2.84,0.00,1.95,2.77,AN2,8A94,2.82,5.87,1.95,3.41,AN3,0323,-0.27,6.01,1.95,3.68,POS,1.39,2.57,1.48,94
DIST,4,AN0,189B,0.00,0.00,1.95,2.99,AN1,C32D,2.84,0.00,1.95,2.74,AN2,8A94,2.82,5.87,1.95,3.42,AN3,0323,-0.27,6.01,1.95,3.75,POS,1.43,2.56,1.43,91
DIST,4,AN0,C32D,2.84,0.00,1.95,2.64,AN1,189B,0.00,0.00,1.95,2.94,AN2,8A94,2.82,5.87,1.95,3.49,AN3,0323,-0.27,6.01,1.95,3.85,POS,1.46,2.54,1.40,90
DIST,4,AN0,C32D,2.84,0.00,1.95,2.50,AN1,189B,0.00,0.00,1.95,2.93,AN2,8A94,2.82,5.87,1.95,3.52,AN3,0323,-0.27,6.01,1.95,3.95,POS,1.51,2.50,1.41,91
DIST,4,AN0,C32D,2.84,0.00,1.95,2.38,AN1,189B,0.00,0.00,1.95,2.95,AN2,8A94,2.82,5.87,1.95,3.62,AN3,0323,-0.27,6.01,1.95,4.00,POS,1.64,2.48,1.36,80
DIST,4,AN0,C32D,2.84,0.00,1.95,2.28,AN1,189B,0.00,0.00,1.95,2.97,AN2,8A94,2.82,5.87,1.95,3.64,AN3,0323,-0.27,6.01,1.95,4.20,POS,1.75,2.45,1.41,83
DIST,4,AN0,C32D,2.84,0.00,1.95,2.20,AN1,189B,0.00,0.00,1.95,3.04,AN2,8A94,2.82,5.87,1.95,3.68,AN3,0323,-0.27,6.01,1.95,4.25,POS,1.89,2.41,1.36,73
DIST,4,AN0,C32D,2.84,0.00,1.95,2.19,AN1,189B,0.00,0.00,1.95,3.15,AN2,8A94,2.82,5.87,1.95,3.74,AN3,0323,-0.27,6.01,1.95,4.37,POS,2.01,2.39,1.41,75
DIST,4,AN0,C32D,2.84,0.00,1.95,2.06,AN1,189B,0.00,0.00,1.95,3.19,AN2,8A94,2.82,5.87,1.95,3.89,AN3,0323,-0.27,6.01,1.95,4.58,POS,2.15,2.34,1.42,76
DIST,4,AN0,C32D,2.84,0.00,1.95,1.90,AN1,189B,0.00,0.00,1.95,3.25,AN2,8A94,2.82,5.87,1.95,3.85,AN3,0323,-0.27,6.01,1.95,4.74,POS,2.29,2.28,1.52,77
DIST,4,AN0,C32D,2.84,0.00,1.95,1.82,AN1,189B,0.00,0.00,1.95,3.24,AN2,8A94,2.82,5.87,1.95,3.96,AN3,0323,-0.27,6.01,1.95,4.93,POS,2.41,2.19,1.47,74
DIST,4,AN0,C32D,2.84,0.00,1.95,1.71,AN1,189B,0.00,0.00,1.95,3.25,AN2,8A94,2.82,5.87,1.95,4.05,AN3,0323,-0.27,6.01,1.95,5.03,POS,2.52,2.10,1.48,75
DIST,4,AN0,C32D,2.84,0.00,1.95,1.62,AN1,189B,0.00,0.00,1.95,3.30,AN2,8A94,2.82,5.87,1.95,4.16,AN3,0323,-0.27,6.01,1.95,5.04,POS,2.65,2.04,1.49,66
DIST,4,AN0,C32D,2.84,0.00,1.95,1.56,AN1,189B,0.00,0.00,1.95,3.38,AN2,8A94,2.82,5.87,1.95,4.22,AN3,0323,-0.27,6.01,1.95,5.12,POS,2.80,1.99,1.45,67
DIST,4,AN0,C32D,2.84,0.00,1.95,1.55,AN1,189B,0.00,0.00,1.95,3.34,AN2,8A94,2.82,5.87,1.95,4.25,AN3,0323,-0.27,6.01,1.95,5.23,POS,2.89,1.92,1.42,64
DIST,4,AN0,C32D,2.84,0.00,1.95,1.48,AN1,8A94,2.82,5.87,1.95,4.31,AN2,189B,0.00,0.00,1.95,3.43,AN3,0323,-0.27,6.01,1.95,5.25,POS,3.01,1.87,1.42,70
DIST,4,AN0,C32D,2.84,0.00,1.95,1.54,AN1,8A94,2.82,5.87,1.95,4.30,AN2,189B,0.00,0.00,1.95,3.44,AN3,0323,-0.27,6.01,1.95,5.34,POS,3.08,1.82,1.41,67
DIST,4,AN0,C32D,2.84,0.00,1.95,1.47,AN1,8A94,2.82,5.87,1.95,4.34,AN2,189B,0.00,0.00,1.95,3.43,AN3,0323,-0.27,6.01,1.95,5.27,POS,3.16,1.80,1.42,70
DIST,4,AN0,C32D,2.84,0.00,1.95,1.54,AN1,8A94,2.82,5.87,1.95,4.33,AN2,189B,0.00,0.00,1.95,3.37,AN3,0323,-0.27,6.01,1.95,5.29,POS,3.15,1.77,1.51,66
DIST,4,AN0,C32D,2.84,0.00,1.95,1.45,AN1,8A94,2.82,5.87,1.95,4.28,AN2,189B,0.00,0.00,1.95,3.32,AN3,0323,-0.27,6.01,1.95,5.20,POS,3.18,1.76,1.47,66
DIST,4,AN0,C32D,2.84,0.00,1.95,1.48,AN1,8A94,2.82,5.87,1.95,4.29,AN2,189B,0.00,0.00,1.95,3.31,AN3,0323,-0.27,6.01,1.95,5.20,POS,3.17,1.75,1.52,63
DIST,3,AN0,C32D,2.84,0.00,1.95,1.52,AN1,8A94,2.82,5.87,1.95,4.37,AN2,0323,-0.27,6.01,1.95,5.24,POS,2.99,1.67,1.48,84
DIST,4,AN0,C32D,2.84,0.00,1.95,1.44,AN1,8A94,2.82,5.87,1.95,4.33,AN2,189B,0.00,0.00,1.95,3.21,AN3,0323,-0.27,6.01,1.95,5.20,POS,3.01,1.67,1.47,65
DIST,4,AN0,C32D,2.84,0.00,1.95,1.46,AN1,8A94,2.82,5.87,1.95,4.38,AN2,189B,0.00,0.00,1.95,3.21,AN3,0323,-0.27,6.01,1.95,5.23,POS,3.02,1.66,1.44,62
DIST,4,AN0,C32D,2.84,0.00,1.95,1.41,AN1,8A94,2.82,5.87,1.95,4.38,AN2,189B,0.00,0.00,1.95,3.24,AN3,0323,-0.27,6.01,1.95,5.18,POS,3.06,1.66,1.41,64
DIST,4,AN0,C32D,2.84,0.00,1.95,1.40,AN1,8A94,2.82,5.87,1.95,4.38,AN2,189B,0.00,0.00,1.95,3.20,AN3,0323,-0.27,6.01,1.95,5.24,POS,3.06,1.65,1.43,65
DIST,4,AN0,C32D,2.84,0.00,1.95,1.39,AN1,8A94,2.82,5.87,1.95,4.33,AN2,189B,0.00,0.00,1.95,3.21,AN3,0323,-0.27,6.01,1.95,5.30,POS,3.07,1.63,1.42,61
DIST,4,AN0,C32D,2.84,0.00,1.95,1.45,AN1,8A94,2.82,5.87,1.95,4.36,AN2,189B,0.00,0.00,1.95,3.24,AN3,0323,-0.27,6.01,1.95,5.23,POS,3.07,1.63,1.42,62
DIST,4,AN0,C32D,2.84,0.00,1.95,1.44,AN1,8A94,2.82,5.87,1.95,4.39,AN2,189B,0.00,0.00,1.95,3.26,AN3,0323,-0.27,6.01,1.95,5.30,POS,3.09,1.62,1.39,61
DIST,4,AN0,C32D,2.84,0.00,1.95,1.38,AN1,8A94,2.82,5.87,1.95,4.38,AN2,189B,0.00,0.00,1.95,3.23,AN3,0323,-0.27,6.01,1.95,5.29,POS,3.09,1.61,1.42,62
DIST,4,AN0,C32D,2.84,0.00,1.95,1.39,AN1,8A94,2.82,5.87,1.95,4.41,AN2,189B,0.00,0.00,1.95,3.22,AN3,0323,-0.27,6.01,1.95,5.33,POS,3.08,1.61,1.53,72
DIST,4,AN0,C32D,2.84,0.00,1.95,1.40,AN1,8A94,2.82,5.87,1.95,4.38,AN2,189B,0.00,0.00,1.95,3.20,AN3,0323,-0.27,6.01,1.95,5.32,POS,3.06,1.60,1.58,72
DIST,4,AN0,C32D,2.84,0.00,1.95,1.40,AN1,8A94,2.82,5.87,1.95,4.37,AN2,189B,0.00,0.00,1.95,3.19,AN3,0323,-0.27,6.01,1.95,5.30,POS,3.05,1.59,1.65,73
DIST,4,AN0,C32D,2.84,0.00,1.95,1.40,AN1,8A94,2.82,5.87,1.95,4.43,AN2,189B,0.00,0.00,1.95,3.21,AN3,0323,-0.27,6.01,1.95,5.33,POS,3.04,1.59,1.66,71
DIST,4,AN0,C32D,2.84,0.00,1.95,1.41,AN1,8A94,2.82,5.87,1.95,4.41,AN2,189B,0.00,0.00,1.95,3.21,AN3,0323,-0.27,6.01,1.95,5.31,POS,3.03,1.59,1.70,72
DIST,4,AN0,C32D,2.84,0.00,1.95,1.41,AN1,8A94,2.82,5.87,1.95,4.43,AN2,189B,0.00,0.00,1.95,3.29,AN3,0323,-0.27,6.01,1.95,5.34,POS,3.07,1.58,1.62,63
DIST,4,AN0,C32D,2.84,0.00,1.95,1.46,AN1,8A94,2.82,5.87,1.95,4.40,AN2,189B,0.00,0.00,1.95,3.21,AN3,0323,-0.27,6.01,1.95,5.33,POS,3.05,1.58,1.57,67
DIST,4,AN0,C32D,2.84,0.00,1.95,1.43,AN1,8A94,2.82,5.87,1.95,4.41,AN2,189B,0.00,0.00,1.95,3.25,AN3,0323,-0.27,6.01,1.95,5.31,POS,3.05,1.59,1.62,70
DIST,4,AN0,C32D,2.84,0.00,1.95,1.41,AN1,8A94,2.82,5.87,1.95,4.39,AN2,189B,0.00,0.00,1.95,3.21,AN3,0323,-0.27,6.01,1.95,5.31,POS,3.04,1.59,1.65,72
DIST,4,AN0,C32D,2.84,0.00,1.95,1.38,AN1,8A94,2.82,5.87,1.95,4.36,AN2,189B,0.00,0.00,1.95,3.22,AN3,0323,-0.27,6.01,1.95,5.31,POS,3.06,1.58,1.59,60
DIST,4,AN0,C32D,2.84,0.00,1.95,1.41,AN1,8A94,2.82,5.87,1.95,4.35,AN2,189B,0.00,0.00,1.95,3.28,AN3,0323,-0.27,6.01,1.95,5.29,POS,3.08,1.59,1.56,62
DIST,4,AN0,C32D,2.84,0.00,1.95,1.42,AN1,8A94,2.82,5.87,1.95,4.40,AN2,189B,0.00,0.00,1.95,3.21,AN3,0323,-0.27,6.01,1.95,5.33,POS,3.06,1.59,1.56,70
DIST,4,AN0,C32D,2.84,0.00,1.95,1.35,AN1,8A94,2.82,5.87,1.95,4.40,AN2,189B,0.00,0.00,1.95,3.18,AN3,0323,-0.27,6.01,1.95,5.34,POS,3.05,1.57,1.63,73
DIST,4,AN0,C32D,2.84,0.00,1.95,1.26,AN1,8A94,2.82,5.87,1.95,4.42,AN2,189B,0.00,0.00,1.95,3.15,AN3,0323,-0.27,6.01,1.95,5.30,POS,3.06,1.56,1.66,68
DIST,4,AN0,C32D,2.84,0.00,1.95,1.28,AN1,8A94,2.82,5.87,1.95,4.53,AN2,189B,0.00,0.00,1.95,3.08,AN3,0323,-0.27,6.01,1.95,5.27,POS,3.04,1.55,1.62,69
DIST,4,AN0,C32D,2.84,0.00,1.95,1.27,AN1,8A94,2.82,5.87,1.95,4.50,AN2,189B,0.00,0.00,1.95,3.04,AN3,0323,-0.27,6.01,1.95,5.27,POS,3.02,1.54,1.59,70
DIST,4,AN0,C32D,2.84,0.00,1.95,1.29,AN1,8A94,2.82,5.87,1.95,4.52,AN2,189B,0.00,0.00,1.95,2.91,AN3,0323,-0.27,6.01,1.95,5.24,POS,2.95,1.52,1.64,82
DIST,4,AN0,C32D,2.84,0.00,1.95,1.23,AN1,8A94,2.82,5.87,1.95,4.58,AN2,189B,0.00,0.00,1.95,2.74,AN3,0323,-0.27,6.01,1.95,5.20,POS,2.87,1.49,1.56,78
DIST,4,AN0,C32D,2.84,0.00,1.95,1.29,AN1,8A94,2.82,5.87,1.95,4.58,AN2,189B,0.00,0.00,1.95,2.53,AN3,0323,-0.27,6.01,1.95,5.18,POS,2.74,1.45,1.54,81
DIST,4,AN0,C32D,2.84,0.00,1.95,1.26,AN1,189B,0.00,0.00,1.95,2.39,AN2,8A94,2.82,5.87,1.95,4.68,AN3,0323,-0.27,6.01,1.95,5.11,POS,2.61,1.42,1.63,81
DIST,4,AN0,C32D,2.84,0.00,1.95,1.33,AN1,189B,0.00,0.00,1.95,2.26,AN2,8A94,2.82,5.87,1.95,4.77,AN3,0323,-0.27,6.01,1.95,5.07,POS,2.48,1.39,1.63,73
DIST,4,AN0,C32D,2.84,0.00,1.95,1.31,AN1,189B,0.00,0.00,1.95,2.12,AN2,8A94,2.82,5.87,1.95,4.93,AN3,0323,-0.27,6.01,1.95,5.06,POS,2.36,1.34,1.54,58
DIST,4,AN0,C32D,2.84,0.00,1.95,1.44,AN1,189B,0.00,0.00,1.95,1.97,AN2,8A94,2.82,5.87,1.95,4.92,AN3,0323,-0.27,6.01,1.95,5.23,POS,2.21,1.27,1.60,69
DIST,4,AN0,C32D,2.84,0.00,1.95,1.53,AN1,189B,0.00,0.00,1.95,1.83,AN2,8A94,2.82,5.87,1.95,5.05,AN3,0323,-0.27,6.01,1.95,5.13,POS,2.06,1.22,1.54,66
DIST,4,AN0,C32D,2.84,0.00,1.95,1.49,AN1,189B,0.00,0.00,1.95,1.77,AN2,8A94,2.82,5.87,1.95,5.04,AN3,0323,-0.27,6.01,1.95,5.23,POS,1.94,1.15,1.48,61
DIST,4,AN0,C32D,2.84,0.00,1.95,1.55,AN1,189B,0.00,0.00,1.95,1.70,AN2,8A94,2.82,5.87,1.95,5.08,AN3,0323,-0.27,6.01,1.95,5.13,POS,1.84,1.12,1.47,68
DIST,4,AN0,C32D,2.84,0.00,1.95,1.56,AN1,189B,0.00,0.00,1.95,1.64,AN2,8A94,2.82,5.87,1.95,5.10,AN3,0323,-0.27,6.01,1.95,5.19,POS,1.75,1.07,1.44,66
DIST,4,AN0,C32D,2.84,0.00,1.95,1.51,AN1,189B,0.00,0.00,1.95,1.61,AN2,8A94,2.82,5.87,1.95,5.08,AN3,0323,-0.27,6.01,1.95,5.14,POS,1.68,1.05,1.48,72
DIST,4,AN0,C32D,2.84,0.00,1.95,1.52,AN1,189B,0.00,0.00,1.95,1.63,AN2,8A94,2.82,5.87,1.95,5.09,AN3,0323,-0.27,6.01,1.95,5.17,POS,1.63,1.03,1.48,69
DIST,4,AN0,C32D,2.84,0.00,1.95,1.55,AN1,189B,0.00,0.00,1.95,1.66,AN2,8A94,2.82,5.87,1.95,5.08,AN3,0323,-0.27,6.01,1.95,5.32,POS,1.59,0.99,1.52,70
DIST,4,AN0,C32D,2.84,0.00,1.95,1.53,AN1,189B,0.00,0.00,1.95,1.60,AN2,8A94,2.82,5.87,1.95,5.10,AN3,0323,-0.27,6.01,1.95,5.20,POS,1.56,0.97,1.51,67
DIST,4,AN0,C32D,2.84,0.00,1.95,1.56,AN1,189B,0.00,0.00,1.95,1.64,AN2,8A94,2.82,5.87,1.95,5.08,AN3,0323,-0.27,6.01,1.95,5.24,POS,1.50,0.94,1.52,68
DIST,4,AN0,C32D,2.84,0.00,1.95,1.55,AN1,189B,0.00,0.00,1.95,1.67,AN2,8A94,2.82,5.87,1.95,5.10,AN3,0323,-0.27,6.01,1.95,5.20,POS,1.50,0.94,1.48,65
DIST,4,AN0,C32D,2.84,0.00,1.95,1.53,AN1,189B,0.00,0.00,1.95,1.62,AN2,8A94,2.82,5.87,1.95,5.10,AN3,0323,-0.27,6.01,1.95,5.19,POS,1.49,0.94,1.47,67
DIST,4,AN0,C32D,2.84,0.00,1.95,1.52,AN1,189B,0.00,0.00,1.95,1.63,AN2,8A94,2.82,5.87,1.95,5.06,AN3,0323,-0.27,6.01,1.95,5.23,POS,1.45,0.91,1.57,71
DIST,4,AN0,C32D,2.84,0.00,1.95,1.57,AN1,189B,0.00,0.00,1.95,1.62,AN2,8A94,2.82,5.87,1.95,5.09,AN3,0323,-0.27,6.01,1.95,5.27,POS,1.43,0.88,1.54,65
DIST,4,AN0,C32D,2.84,0.00,1.95,1.56,AN1,189B,0.00,0.00,1.95,1.67,AN2,8A94,2.82,5.87,1.95,5.07,AN3,0323,-0.27,6.01,1.95,5.16,POS,1.45,0.91,1.50,67
DIST,4,AN0,C32D,2.84,0.00,1.95,1.56,AN1,189B,0.00,0.00,1.95,1.62,AN2,8A94,2.82,5.87,1.95,5.12,AN3,0323,-0.27,6.01,1.95,5.19,POS,1.45,0.91,1.47,66
DIST,4,AN0,C32D,2.84,0.00,1.95,1.51,AN1,189B,0.00,0.00,1.95,1.61,AN2,8A94,2.82,5.87,1.95,5.08,AN3,0323,-0.27,6.01,1.95,5.22,POS,1.41,0.87,1.45,60
DIST,4,AN0,189B,0.00,0.00,1.95,1.63,AN1,C32D,2.84,0.00,1.95,1.54,AN2,8A94,2.82,5.87,1.95,5.07,AN3,0323,-0.27,6.01,1.95,5.23,POS,1.39,0.86,1.53,70
DIST,4,AN0,189B,0.00,0.00,1.95,1.60,AN1,C32D,2.84,0.00,1.95,1.54,AN2,8A94,2.82,5.87,1.95,5.12,AN3,0323,-0.27,6.01,1.95,5.23,POS,1.40,0.87,1.49,65
DIST,4,AN0,189B,0.00,0.00,1.95,1.62,AN1,C32D,2.84,0.00,1.95,1.55,AN2,8A94,2.82,5.87,1.95,5.14,AN3,0323,-0.27,6.01,1.95,5.26,POS,1.36,0.82,1.45,56
DIST,4,AN0,189B,0.00,0.00,1.95,1.54,AN1,C32D,2.84,0.00,1.95,1.61,AN2,8A94,2.82,5.87,1.95,5.11,AN3,0323,-0.27,6.01,1.95,5.12,POS,1.37,0.86,1.47,73
DIST,4,AN0,189B,0.00,0.00,1.95,1.60,AN1,C32D,2.84,0.00,1.95,1.63,AN2,8A94,2.82,5.87,1.95,5.16,AN3,0323,-0.27,6.01,1.95,5.27,POS,1.38,0.88,1.53,73
DIST,4,AN0,189B,0.00,0.00,1.95,1.49,AN1,C32D,2.84,0.00,1.95,1.66,AN2,8A94,2.82,5.87,1.95,5.23,AN3,0323,-0.27,6.01,1.95,5.16,POS,1.36,0.89,1.50,68
DIST,4,AN0,189B,0.00,0.00,1.95,1.41,AN1,C32D,2.84,0.00,1.95,1.78,AN2,8A94,2.82,5.87,1.95,5.14,AN3,0323,-0.27,6.01,1.95,5.05,POS,1.32,0.91,1.50,69
DIST,4,AN0,189B,0.00,0.00,1.95,1.40,AN1,C32D,2.84,0.00,1.95,1.98,AN2,8A94,2.82,5.87,1.95,5.19,AN3,0323,-0.27,6.01,1.95,5.08,POS,1.25,0.94,1.53,68
DIST,4,AN0,189B,0.00,0.00,1.95,1.36,AN1,C32D,2.84,0.00,1.95,2.04,AN2,8A94,2.82,5.87,1.95,5.20,AN3,0323,-0.27,6.01,1.95,5.10,POS,1.17,0.92,1.48,54
DIST,4,AN0,189B,0.00,0.00,1.95,1.29,AN1,C32D,2.84,0.00,1.95,2.17,AN2,8A94,2.82,5.87,1.95,5.21,AN3,0323,-0.27,6.01,1.95,4.91,POS,1.08,0.96,1.44,58
DIST,4,AN0,189B,0.00,0.00,1.95,1.20,AN1,C32D,2.84,0.00,1.95,2.33,AN2,8A94,2.82,5.87,1.95,5.28,AN3,0323,-0.27,6.01,1.95,4.90,POS,0.98,0.99,1.53,72
DIST,4,AN0,189B,0.00,0.00,1.95,1.15,AN1,C32D,2.84,0.00,1.95,2.52,AN2,0323,-0.27,6.01,1.95,4.68,AN3,8A94,2.82,5.87,1.95,5.32,POS,0.85,1.04,1.52,79
DIST,4,AN0,189B,0.00,0.00,1.95,1.19,AN1,C32D,2.84,0.00,1.95,2.57,AN2,0323,-0.27,6.01,1.95,4.67,AN3,8A94,2.82,5.87,1.95,5.26,POS,0.74,1.09,1.50,77
DIST,4,AN0,189B,0.00,0.00,1.95,1.22,AN1,C32D,2.84,0.00,1.95,2.70,AN2,0323,-0.27,6.01,1.95,4.60,AN3,8A94,2.82,5.87,1.95,5.19,POS,0.63,1.14,1.48,81
DIST,4,AN0,189B,0.00,0.00,1.95,1.32,AN1,C32D,2.84,0.00,1.95,2.90,AN2,0323,-0.27,6.01,1.95,4.49,AN3,8A94,2.82,5.87,1.95,5.15,POS,0.47,1.17,1.44,70
DIST,4,AN0,189B,0.00,0.00,1.95,1.38,AN1,C32D,2.84,0.00,1.95,2.97,AN2,0323,-0.27,6.01,1.95,4.38,AN3,8A94,2.82,5.87,1.95,5.17,POS,0.38,1.25,1.43,79
DIST,4,AN0,189B,0.00,0.00,1.95,1.43,AN1,C32D,2.84,0.00,1.95,3.03,AN2,0323,-0.27,6.01,1.95,4.32,AN3,8A94,2.82,5.87,1.95,5.15,POS,0.30,1.32,1.42,77
DIST,4,AN0,189B,0.00,0.00,1.95,1.44,AN1,C32D,2.84,0.00,1.95,3.12,AN2,0323,-0.27,6.01,1.95,4.37,AN3,8A94,2.82,5.87,1.95,5.09,POS,0.21,1.36,1.42,71
DIST,4,AN0,189B,0.00,0.00,1.95,1.53,AN1,C32D,2.84,0.00,1.95,3.22,AN2,0323,-0.27,6.01,1.95,4.39,AN3,8A94,2.82,5.87,1.95,5.11,POS,0.14,1.41,1.43,73
DIST,4,AN0,189B,0.00,0.00,1.95,1.55,AN1,C32D,2.84,0.00,1.95,3.18,AN2,0323,-0.27,6.01,1.95,4.36,AN3,8A94,2.82,5.87,1.95,5.10,POS,0.10,1.45,1.45,76
DIST,4,AN0,189B,0.00,0.00,1.95,1.57,AN1,C32D,2.84,0.00,1.95,3.18,AN2,0323,-0.27,6.01,1.95,4.34,AN3,8A94,2.82,5.87,1.95,5.27,POS,0.08,1.49,1.46,77
DIST,4,AN0,189B,0.00,0.00,1.95,1.55,AN1,C32D,2.84,0.00,1.95,3.22,AN2,0323,-0.27,6.01,1.95,4.32,AN3,8A94,2.82,5.87,1.95,5.27,POS,0.05,1.52,1.49,77
DIST,4,AN0,189B,0.00,0.00,1.95,1.51,AN1,C32D,2.84,0.00,1.95,3.17,AN2,0323,-0.27,6.01,1.95,4.31,AN3,8A94,2.82,5.87,1.95,5.20,POS,-0.07,1.47,1.46,64
DIST,4,AN0,189B,0.00,0.00,1.95,1.53,AN1,0323,-0.27,6.01,1.95,4.29,AN2,8A94,2.82,5.87,1.95,5.22,AN3,C32D,2.84,0.00,1.95,3.17,POS,-0.18,1.42,1.40,68
DIST,4,AN0,189B,0.00,0.00,1.95,1.52,AN1,0323,-0.27,6.01,1.95,4.23,AN2,8A94,2.82,5.87,1.95,5.19,AN3,C32D,2.84,0.00,1.95,3.30,POS,-0.18,1.47,1.40,66
DIST,4,AN0,189B,0.00,0.00,1.95,1.51,AN1,0323,-0.27,6.01,1.95,4.23,AN2,8A94,2.82,5.87,1.95,5.12,AN3,C32D,2.84,0.00,1.95,3.19,POS,-0.15,1.51,1.40,72
DIST,4,AN0,189B,0.00,0.00,1.95,1.53,AN1,0323,-0.27,6.01,1.95,4.22,AN2,8A94,2.82,5.87,1.95,5.16,AN3,C32D,2.84,0.00,1.95,3.32,POS,-0.16,1.54,1.40,66
DIST,4,AN0,189B,0.00,0.00,1.95,1.61,AN1,0323,-0.27,6.01,1.95,4.21,AN2,8A94,2.82,5.87,1.95,5.18,AN3,C32D,2.84,0.00,1.95,3.35,POS,-0.18,1.57,1.36,61
DIST,4,AN0,189B,0.00,0.00,1.95,1.62,AN1,0323,-0.27,6.01,1.95,4.15,AN2,8A94,2.82,5.87,1.95,5.08,AN3,C32D,2.84,0.00,1.95,3.33,POS,-0.17,1.60,1.36,66
DIST,4,AN0,189B,0.00,0.00,1.95,1.58,AN1,0323,-0.27,6.01,1.95,4.12,AN2,8A94,2.82,5.87,1.95,5.09,AN3,C32D,2.84,0.00,1.95,3.37,POS,-0.25,1.60,1.48,66
DIST,4,AN0,189B,0.00,0.00,1.95,1.66,AN1,0323,-0.27,6.01,1.95,4.14,AN2,8A94,2.82,5.87,1.95,5.07,AN3,C32D,2.84,0.00,1.95,3.31,POS,-0.21,1.63,1.43,66
DIST,4,AN0,189B,0.00,0.00,1.95,1.63,AN1,0323,-0.27,6.01,1.95,4.15,AN2,8A94,2.82,5.87,1.95,5.06,AN3,C32D,2.84,0.00,1.95,3.28,POS,-0.18,1.65,1.40,68
DIST,4,AN0,189B,0.00,0.00,1.95,1.62,AN1,0323,-0.27,6.01,1.95,4.13,AN2,8A94,2.82,5.87,1.95,4.92,AN3,C32D,2.84,0.00,1.95,3.25,POS,-0.17,1.67,1.40,70
DIST,4,AN0,189B,0.00,0.00,1.95,1.72,AN1,0323,-0.27,6.01,1.95,4.12,AN2,8A94,2.82,5.87,1.95,4.83,AN3,C32D,2.84,0.00,1.95,3.14,POS,-0.10,1.70,1.50,77
DIST,4,AN0,189B,0.00,0.00,1.95,1.68,AN1,0323,-0.27,6.01,1.95,4.04,AN2,8A94,2.82,5.87,1.95,4.77,AN3,C32D,2.84,0.00,1.95,3.05,POS,-0.08,1.70,1.52,77
DIST,4,AN0,189B,0.00,0.00,1.95,1.79,AN1,0323,-0.27,6.01,1.95,4.07,AN2,8A94,2.82,5.87,1.95,4.67,AN3,C32D,2.84,0.00,1.95,3.03,POS,-0.01,1.73,1.49,77
DIST,4,AN0,189B,0.00,0.00,1.95,1.83,AN1,0323,-0.27,6.01,1.95,3.97,AN2,8A94,2.82,5.87,1.95,4.56,AN3,C32D,2.84,0.00,1.95,3.00,POS,0.07,1.77,1.47,76
DIST,4,AN0,189B,0.00,0.00,1.95,1.96,AN1,C32D,2.84,0.00,1.95,2.91,AN2,0323,-0.27,6.01,1.95,3.89,AN3,8A94,2.82,5.87,1.95,4.32,POS,0.18,1.83,1.50,76
DIST,4,AN0,189B,0.00,0.00,1.95,2.06,AN1,C32D,2.84,0.00,1.95,2.88,AN2,0323,-0.27,6.01,1.95,3.86,AN3,8A94,2.82,5.87,1.95,4.23,POS,0.29,1.90,1.48,79
DIST,4,AN0,189B,0.00,0.00,1.95,2.19,AN1,C32D,2.84,0.00,1.95,2.81,AN2,0323,-0.27,6.01,1.95,3.85,AN3,8A94,2.82,5.87,1.95,4.13,POS,0.40,1.95,1.51,83
DIST,4,AN0,189B,0.00,0.00,1.95,2.28,AN1,C32D,2.84,0.00,1.95,2.85,AN2,0323,-0.27,6.01,1.95,3.87,AN3,8A94,2.82,5.87,1.95,4.03,POS,0.52,2.01,1.43,81
DIST,4,AN0,189B,0.00,0.00,1.95,2.38,AN1,C32D,2.84,0.00,1.95,2.82,AN2,0323,-0.27,6.01,1.95,3.93,AN3,8A94,2.82,5.87,1.95,3.93,POS,0.65,2.06,1.54,94
DIST,4,AN0,189B,0.00,0.00,1.95,2.50,AN1,C32D,2.84,0.00,1.95,2.74,AN2,0323,-0.27,6.01,1.95,3.78,AN3,8A94,2.82,5.87,1.95,3.77,POS,0.77,2.13,1.51,91
DIST,4,AN0,189B,0.00,0.00,1.95,2.57,AN1,C32D,2.84,0.00,1.95,2.81,AN2,0323,-0.27,6.01,1.95,3.75,AN3,8A94,2.82,5.87,1.95,3.73,POS,0.87,2.19,1.45,89
DIST,4,AN0,189B,0.00,0.00,1.95,2.64,AN1,C32D,2.84,0.00,1.95,2.82,AN2,0323,-0.27,6.01,1.95,3.70,AN3,8A94,2.82,5.87,1.95,3.64,POS,0.96,2.26,1.41,91
DIST,4,AN0,189B,0.00,0.00,1.95,2.68,AN1,C32D,2.84,0.00,1.95,2.80,AN2,0323,-0.27,6.01,1.95,3.66,AN3,8A94,2.82,5.87,1.95,3.64,POS,1.00,2.30,1.45,94
DIST,4,AN0,189B,0.00,0.00,1.95,2.68,AN1,C32D,2.84,0.00,1.95,2.82,AN2,0323,-0.27,6.01,1.95,3.70,AN3,8A94,2.82,5.87,1.95,3.62,POS,1.06,2.34,1.41,91
DIST,4,AN0,189B,0.00,0.00,1.95,2.68,AN1,C32D,2.84,0.00,1.95,2.84,AN2,0323,-0.27,6.01,1.95,3.63,AN3,8A94,2.82,5.87,1.95,3.61,POS,1.10,2.38,1.43,94
DIST,4,AN0,189B,0.00,0.00,1.95,2.70,AN1,C32D,2.84,0.00,1.95,2.79,AN2,0323,-0.27,6.01,1.95,3.72,AN3,8A94,2.82,5.87,1.95,3.60,POS,1.15,2.40,1.40,92
DIST,4,AN0,189B,0.00,0.00,1.95,2.67,AN1,C32D,2.84,0.00,1.95,2.79,AN2,8A94,2.82,5.87,1.95,3.54,AN3,0323,-0.27,6.01,1.95,3.68,POS,1.18,2.42,1.41,93
DIST,4,AN0,189B,0.00,0.00,1.95,2.63,AN1,C32D,2.84,0.00,1.95,2.81,AN2,8A94,2.82,5.87,1.95,3.60,AN3,0323,-0.27,6.01,1.95,3.73,POS,1.20,2.43,1.39,92
DIST,4,AN0,189B,0.00,0.00,1.95,2.66,AN1,C32D,2.84,0.00,1.95,2.80,AN2,8A94,2.82,5.87,1.95,3.63,AN3,0323,-0.27,6.01,1.95,3.72,POS,1.22,2.44,1.37,91
DIST,4,AN0,189B,0.00,0.00,1.95,2.68,AN1,C32D,2.84,0.00,1.95,2.80,AN2,8A94,2.82,5.87,1.95,3.51,AN3,0323,-0.27,6.01,1.95,3.74,POS,1.25,2.44,1.40,95
DIST,4,AN0,189B,0.00,0.00,1.95,2.70,AN1,C32D,2.84,0.00,1.95,2.82,AN2,8A94,2.82,5.87,1.95,3.57,AN3,0323,-0.27,6.01,1.95,3.67,POS,1.25,2.46,1.39,93
DIST,4,AN0,189B,0.00,0.00,1.95,2.74,AN1,C32D,2.84,0.00,1.95,2.82,AN2,8A94,2.82,5.87,1.95,3.51,AN3,0323,-0.27,6.01,1.95,3.72,POS,1.28,2.47,1.37,91
DIST,4,AN0,189B,0.00,0.00,1.95,2.75,AN1,C32D,2.84,0.00,1.95,2.82,AN2,8A94,2.82,5.87,1.95,3.52,AN3,0323,-0.27,6.01,1.95,3.63,POS,1.29,2.48,1.41,95
DIST,4,AN0,189B,0.00,0.00,1.95,2.83,AN1,C32D,2.84,0.00,1.95,2.88,AN2,8A94,2.82,5.87,1.95,3.46,AN3,0323,-0.27,6.01,1.95,3.65,POS,1.31,2.51,1.36,89
DIST,4,AN0,189B,0.00,0.00,1.95,2.88,AN1,C32D,2.84,0.00,1.95,2.87,AN2,8A94,2.82,5.87,1.95,3.42,AN3,0323,-0.27,6.01,1.95,3.59,POS,1.32,2.54,1.37,94
DIST,4,AN0,189B,0.00,0.00,1.95,2.95,AN1,C32D,2.84,0.00,1.95,2.87,AN2,8A94,2.82,5.87,1.95,3.37,AN3,0323,-0.27,6.01,1.95,3.64,POS,1.36,2.56,1.34,90
DIST,4,AN0,189B,0.00,0.00,1.95,3.03,AN1,C32D,2.84,0.00,1.95,2.84,AN2,8A94,2.82,5.87,1.95,3.34,AN3,0323,-0.27,6.01,1.95,3.71,POS,1.42,2.59,1.42,96
DIST,4,AN0,C32D,2.84,0.00,1.95,2.78,AN1,189B,0.00,0.00,1.95,3.09,AN2,8A94,2.82,5.87,1.95,3.25,AN3,0323,-0.27,6.01,1.95,3.62,POS,1.46,2.61,1.48,97
DIST,4,AN0,C32D,2.84,0.00,1.95,2.80,AN1,189B,0.00,0.00,1.95,3.26,AN2,8A94,2.82,5.87,1.95,3.16,AN3,0323,-0.27,6.01,1.95,3.74,POS,1.58,2.66,1.46,89
DIST,4,AN0,C32D,2.84,0.00,1.95,2.86,AN1,189B,0.00,0.00,1.95,3.31,AN2,8A94,2.82,5.87,1.95,3.04,AN3,0323,-0.27,6.01,1.95,3.60,POS,1.67,2.72,1.53,94
DIST,4,AN0,C32D,2.84,0.00,1.95,2.95,AN1,189B,0.00,0.00,1.95,3.49,AN2,8A94,2.82,5.87,1.95,2.92,AN3,0323,-0.27,6.01,1.95,3.63,POS,1.77,2.80,1.52,88
DIST,4,AN0,C32D,2.84,0.00,1.95,3.02,AN1,8A94,2.82,5.87,1.95,2.82,AN2,189B,0.00,0.00,1.95,3.61,AN3,0323,-0.27,6.01,1.95,3.62,POS,1.87,2.87,1.50,84
DIST,4,AN0,C32D,2.84,0.00,1.95,3.08,AN1,8A94,2.82,5.87,1.95,2.74,AN2,189B,0.00,0.00,1.95,3.79,AN3,0323,-0.27,6.01,1.95,3.58,POS,1.91,2.93,1.44,83
DIST,4,AN0,8A94,2.82,5.87,1.95,2.65,AN1,C32D,2.84,0.00,1.95,3.13,AN2,189B,0.00,0.00,1.95,3.86,AN3,0323,-0.27,6.01,1.95,3.66,POS,2.03,3.01,1.44,77
DIST,4,AN0,8A94,2.82,5.87,1.95,2.59,AN1,C32D,2.84,0.00,1.95,3.19,AN2,189B,0.00,0.00,1.95,3.98,AN3,0323,-0.27,6.01,1.95,3.73,POS,2.11,3.07,1.49,80
DIST,4,AN0,8A94,2.82,5.87,1.95,2.50,AN1,C32D,2.84,0.00,1.95,3.20,AN2,189B,0.00,0.00,1.95,4.14,AN3,0323,-0.27,6.01,1.95,3.74,POS,2.20,3.13,1.42,73
DIST,4,AN0,8A94,2.82,5.87,1.95,2.48,AN1,C32D,2.84,0.00,1.95,3.23,AN2,0323,-0.27,6.01,1.95,3.67,AN3,189B,0.00,0.00,1.95,4.16,POS,2.33,3.21,1.40,74
DIST,4,AN0,8A94,2.82,5.87,1.95,2.39,AN1,C32D,2.84,0.00,1.95,3.29,AN2,0323,-0.27,6.01,1.95,3.69,AN3,189B,0.00,0.00,1.95,4.22,POS,2.37,3.26,1.36,75
DIST,4,AN0,8A94,2.82,5.87,1.95,2.39,AN1,C32D,2.84,0.00,1.95,3.33,AN2,0323,-0.27,6.01,1.95,3.75,AN3,189B,0.00,0.00,1.95,4.35,POS,2.51,3.34,1.35,68
DIST,4,AN0,8A94,2.82,5.87,1.95,2.38,AN1,C32D,2.84,0.00,1.95,3.34,AN2,0323,-0.27,6.01,1.95,3.74,AN3,189B,0.00,0.00,1.95,4.33,POS,2.51,3.36,1.43,74
DIST,4,AN0,8A94,2.82,5.87,1.95,2.33,AN1,C32D,2.84,0.00,1.95,3.34,AN2,0323,-0.27,6.01,1.95,3.83,AN3,189B,0.00,0.00,1.95,4.41,POS,2.57,3.38,1.37,70
DIST,4,AN0,8A94,2.82,5.87,1.95,2.38,AN1,C32D,2.84,0.00,1.95,3.37,AN2,0323,-0.27,6.01,1.95,3.85,AN3,189B,0.00,0.00,1.95,4.45,POS,2.59,3.40,1.40,76
DIST,4,AN0,8A94,2.82,5.87,1.95,2.42,AN1,C32D,2.84,0.00,1.95,3.33,AN2,0323,-0.27,6.01,1.95,3.90,AN3,189B,0.00,0.00,1.95,4.45,POS,2.72,3.44,1.38,68
DIST,4,AN0,8A94,2.82,5.87,1.95,2.51,AN1,C32D,2.84,0.00,1.95,3.35,AN2,0323,-0.27,6.01,1.95,3.80,AN3,189B,0.00,0.00,1.95,4.52,POS,2.84,3.50,1.40,69
DIST,4,AN0,8A94,2.82,5.87,1.95,2.44,AN1,C32D,2.84,0.00,1.95,3.32,AN2,189B,0.00,0.00,1.95,4.38,AN3,0323,-0.27,6.01,1.95,3.82,POS,2.87,3.52,1.38,66
DIST,4,AN0,8A94,2.82,5.87,1.95,2.42,AN1,C32D,2.84,0.00,1.95,3.31,AN2,0323,-0.27,6.01,1.95,3.77,AN3,189B,0.00,0.00,1.95,4.31,POS,2.79,3.48,1.44,74
DIST,4,AN0,8A94,2.82,5.87,1.95,2.40,AN1,C32D,2.84,0.00,1.95,3.33,AN2,0323,-0.27,6.01,1.95,3.68,AN3,189B,0.00,0.00,1.95,4.37,POS,2.84,3.53,1.39,65
DIST,4,AN0,8A94,2.82,5.87,1.95,2.45,AN1,C32D,2.84,0.00,1.95,3.33,AN2,189B,0.00,0.00,1.95,4.37,AN3,0323,-0.27,6.01,1.95,3.69,POS,2.87,3.56,1.33,65
DIST,4,AN0,8A94,2.82,5.87,1.95,2.38,AN1,C32D,2.84,0.00,1.95,3.42,AN2,0323,-0.27,6.01,1.95,3.62,AN3,189B,0.00,0.00,1.95,4.30,POS,2.75,3.53,1.37,75
DIST,4,AN0,8A94,2.82,5.87,1.95,2.30,AN1,C32D,2.84,0.00,1.95,3.40,AN2,0323,-0.27,6.01,1.95,3.56,AN3,189B,0.00,0.00,1.95,4.38,POS,2.78,3.58,1.33,67
DIST,4,AN0,8A94,2.82,5.87,1.95,2.29,AN1,C32D,2.84,0.00,1.95,3.45,AN2,0323,-0.27,6.01,1.95,3.58,AN3,189B,0.00,0.00,1.95,4.43,POS,2.70,3.57,1.44,75
DIST,4,AN0,8A94,2.82,5.87,1.95,2.29,AN1,C32D,2.84,0.00,1.95,3.54,AN2,0323,-0.27,6.01,1.95,3.60,AN3,189B,0.00,0.00,1.95,4.46,POS,2.63,3.57,1.43,76
DIST,4,AN0,8A94,2.82,5.87,1.95,2.30,AN1,C32D,2.84,0.00,1.95,3.47,AN2,0323,-0.27,6.01,1.95,3.59,AN3,189B,0.00,0.00,1.95,4.47,POS,2.72,3.62,1.37,63
DIST,4,AN0,8A94,2.82,5.87,1.95,2.29,AN1,C32D,2.84,0.00,1.95,3.45,AN2,0323,-0.27,6.01,1.95,3.56,AN3,189B,0.00,0.00,1.95,4.51,POS,2.81,3.68,1.32,65
DIST,4,AN0,8A94,2.82,5.87,1.95,2.19,AN1,C32D,2.84,0.00,1.95,3.56,AN2,0323,-0.27,6.01,1.95,3.57,AN3,189B,0.00,0.00,1.95,4.44,POS,2.78,3.70,1.38,79
DIST,3,AN0,C32D,2.84,0.00,1.95,3.53,AN1,0323,-0.27,6.01,1.95,3.55,AN2,189B,0.00,0.00,1.95,4.45,POS,2.79,3.72,1.37,80
DIST,4,AN0,8A94,2.82,5.87,1.95,2.10,AN1,C32D,2.84,0.00,1.95,3.57,AN2,0323,-0.27,6.01,1.95,3.40,AN3,189B,0.00,0.00,1.95,4.45,POS,2.69,3.71,1.36,77
DIST,4,AN0,8A94,2.82,5.87,1.95,2.11,AN1,C32D,2.84,0.00,1.95,3.63,AN2,0323,-0.27,6.01,1.95,3.37,AN3,189B,0.00,0.00,1.95,4.35,POS,2.64,3.73,1.40,78
DIST,4,AN0,8A94,2.82,5.87,1.95,2.13,AN1,0323,-0.27,6.01,1.95,3.25,AN2,C32D,2.84,0.00,1.95,3.65,AN3,189B,0.00,0.00,1.95,4.44,POS,2.54,3.73,1.36,77
DIST,4,AN0,8A94,2.82,5.87,1.95,2.15,AN1,0323,-0.27,6.01,1.95,3.13,AN2,C32D,2.84,0.00,1.95,3.64,AN3,189B,0.00,0.00,1.95,4.30,POS,2.42,3.73,1.36,77
DIST,4,AN0,8A94,2.82,5.87,1.95,2.16,AN1,0323,-0.27,6.01,1.95,3.00,AN2,C32D,2.84,0.00,1.95,3.67,AN3,189B,0.00,0.00,1.95,4.26,POS,2.30,3.73,1.39,83
DIST,4,AN0,8A94,2.82,5.87,1.95,2.16,AN1,0323,-0.27,6.01,1.95,2.95,AN2,C32D,2.84,0.00,1.95,3.76,AN3,189B,0.00,0.00,1.95,4.18,POS,2.23,3.76,1.47,80
DIST,4,AN0,8A94,2.82,5.87,1.95,2.16,AN1,0323,-0.27,6.01,1.95,2.84,AN2,C32D,2.84,0.00,1.95,3.84,AN3,189B,0.00,0.00,1.95,4.21,POS,2.17,3.82,1.39,72
DIST,4,AN0,8A94,2.82,5.87,1.95,2.13,AN1,0323,-0.27,6.01,1.95,2.74,AN2,C32D,2.84,0.00,1.95,3.98,AN3,189B,0.00,0.00,1.95,4.22,POS,2.06,3.86,1.38,81
DIST,4,AN0,8A94,2.82,5.87,1.95,2.19,AN1,0323,-0.27,6.01,1.95,2.67,AN2,C32D,2.84,0.00,1.95,3.95,AN3,189B,0.00,0.00,1.95,4.13,POS,1.94,3.87,1.37,85
DIST,4,AN0,8A94,2.82,5.87,1.95,2.25,AN1,0323,-0.27,6.01,1.95,2.62,AN2,C32D,2.84,0.00,1.95,3.97,AN3,189B,0.00,0.00,1.95,4.18,POS,1.89,3.92,1.32,76
DIST,4,AN0,8A94,2.82,5.87,1.95,2.26,AN1,0323,-0.27,6.01,1.95,2.50,AN2,C32D,2.84,0.00,1.95,3.99,AN3,189B,0.00,0.00,1.95,4.14,POS,1.83,3.96,1.32,81
DIST,4,AN0,8A94,2.82,5.87,1.95,2.29,AN1,0323,-0.27,6.01,1.95,2.50,AN2,C32D,2.84,0.00,1.95,4.08,AN3,189B,0.00,0.00,1.95,4.10,POS,1.73,3.97,1.33,88
DIST,4,AN0,8A94,2.82,5.87,1.95,2.30,AN1,0323,-0.27,6.01,1.95,2.48,AN2,C32D,2.84,0.00,1.95,4.17,AN3,189B,0.00,0.00,1.95,4.14,POS,1.63,3.98,1.42,92
DIST,4,AN0,8A94,2.82,5.87,1.95,2.40,AN1,0323,-0.27,6.01,1.95,2.39,AN2,C32D,2.84,0.00,1.95,4.20,AN3,189B,0.00,0.00,1.95,4.11,POS,1.53,4.00,1.38,82
DIST,4,AN0,8A94,2.82,5.87,1.95,2.52,AN1,0323,-0.27,6.01,1.95,2.17,AN2,C32D,2.84,0.00,1.95,4.23,AN3,189B,0.00,0.00,1.95,4.18,POS,1.38,3.99,1.44,82
DIST,4,AN0,8A94,2.82,5.87,1.95,2.51,AN1,0323,-0.27,6.01,1.95,2.23,AN2,189B,0.00,0.00,1.95,4.18,AN3,C32D,2.84,0.00,1.95,4.16,POS,1.27,3.98,1.50,84
DIST,4,AN0,8A94,2.82,5.87,1.95,2.46,AN1,0323,-0.27,6.01,1.95,2.45,AN2,189B,0.00,0.00,1.95,4.23,AN3,C32D,2.84,0.00,1.95,4.21,POS,1.25,3.97,1.50,87
DIST,4,AN0,8A94,2.82,5.87,1.95,2.51,AN1,0323,-0.27,6.01,1.95,2.52,AN2,189B,0.00,0.00,1.95,4.19,AN3,C32D,2.84,0.00,1.95,4.21,POS,1.23,3.96,1.46,84
DIST,4,AN0,8A94,2.82,5.87,1.95,2.67,AN1,0323,-0.27,6.01,1.95,2.30,AN2,189B,0.00,0.00,1.95,4.21,AN3,C32D,2.84,0.00,1.95,4.20,POS,1.14,3.94,1.42,78
DIST,4,AN0,0323,-0.27,6.01,1.95,2.55,AN1,8A94,2.82,5.87,1.95,2.66,AN2,189B,0.00,0.00,1.95,4.21,AN3,C32D,2.84,0.00,1.95,4.21,POS,1.13,3.92,1.36,80
DIST,4,AN0,0323,-0.27,6.01,1.95,2.24,AN1,8A94,2.82,5.87,1.95,2.63,AN2,189B,0.00,0.00,1.95,4.21,AN3,C32D,2.84,0.00,1.95,4.23,POS,1.06,3.92,1.37,78
DIST,4,AN0,0323,-0.27,6.01,1.95,2.22,AN1,8A94,2.82,5.87,1.95,2.51,AN2,189B,0.00,0.00,1.95,4.23,AN3,C32D,2.84,0.00,1.95,4.18,POS,1.03,3.92,1.43,84
DIST,4,AN0,0323,-0.27,6.01,1.95,2.20,AN1,8A94,2.82,5.87,1.95,2.61,AN2,189B,0.00,0.00,1.95,4.22,AN3,C32D,2.84,0.00,1.95,4.20,POS,0.98,3.92,1.49,82
DIST,4,AN0,0323,-0.27,6.01,1.95,2.19,AN1,8A94,2.82,5.87,1.95,2.77,AN2,189B,0.00,0.00,1.95,4.23,AN3,C32D,2.84,0.00,1.95,4.22,POS,0.91,3.90,1.52,78
DIST,4,AN0,0323,-0.27,6.01,1.95,2.20,AN1,8A94,2.82,5.87,1.95,2.60,AN2,189B,0.00,0.00,1.95,4.29,AN3,C32D,2.84,0.00,1.95,4.22,POS,0.89,3.90,1.53,81
DIST,4,AN0,0323,-0.27,6.01,1.95,2.22,AN1,8A94,2.82,5.87,1.95,2.52,AN2,189B,0.00,0.00,1.95,4.33,AN3,C32D,2.84,0.00,1.95,4.28,POS,0.90,3.93,1.48,77
DIST,4,AN0,0323,-0.27,6.01,1.95,2.21,AN1,8A94,2.82,5.87,1.95,2.56,AN2,189B,0.00,0.00,1.95,4.22,AN3,C32D,2.84,0.00,1.95,4.29,POS,0.90,3.95,1.44,77
DIST,4,AN0,0323,-0.27,6.01,1.95,2.22,AN1,8A94,2.82,5.87,1.95,2.49,AN2,189B,0.00,0.00,1.95,4.26,AN3,C32D,2.84,0.00,1.95,4.27,POS,0.92,3.96,1.43,79
DIST,4,AN0,0323,-0.27,6.01,1.95,2.18,AN1,8A94,2.82,5.87,1.95,2.50,AN2,189B,0.00,0.00,1.95,4.22,AN3,C32D,2.84,0.00,1.95,4.15,POS,0.91,3.96,1.38,76
DIST,4,AN0,0323,-0.27,6.01,1.95,2.25,AN1,8A94,2.82,5.87,1.95,2.47,AN2,189B,0.00,0.00,1.95,4.23,AN3,C32D,2.84,0.00,1.95,4.22,POS,0.94,3.97,1.38,81
DIST,4,AN0,0323,-0.27,6.01,1.95,2.23,AN1,8A94,2.82,5.87,1.95,2.43,AN2,189B,0.00,0.00,1.95,4.22,AN3,C32D,2.84,0.00,1.95,4.22,POS,0.96,3.98,1.41,83
DIST,4,AN0,0323,-0.27,6.01,1.95,2.31,AN1,8A94,2.82,5.87,1.95,2.41,AN2,189B,0.00,0.00,1.95,4.19,AN3,C32D,2.84,0.00,1.95,4.14,POS,1.00,3.97,1.43,85
DIST,4,AN0,0323,-0.27,6.01,1.95,2.36,AN1,8A94,2.82,5.87,1.95,2.30,AN2,189B,0.00,0.00,1.95,4.21,AN3,C32D,2.84,0.00,1.95,4.22,POS,1.10,4.01,1.43,87
DIST,4,AN0,0323,-0.27,6.01,1.95,2.30,AN1,8A94,2.82,5.87,1.95,2.32,AN2,189B,0.00,0.00,1.95,4.25,AN3,C32D,2.84,0.00,1.95,4.22,POS,1.12,4.02,1.42,83
DIST,4,AN0,0323,-0.27,6.01,1.95,2.37,AN1,8A94,2.82,5.87,1.95,2.26,AN2,189B,0.00,0.00,1.95,4.20,AN3,C32D,2.84,0.00,1.95,4.19,POS,1.19,4.05,1.44,88
DIST,4,AN0,8A94,2.82,5.87,1.95,2.33,AN1,0323,-0.27,6.01,1.95,2.32,AN2,189B,0.00,0.00,1.95,4.21,AN3,C32D,2.84,0.00,1.95,4.17,POS,1.19,4.04,1.44,85
DIST,4,AN0,8A94,2.82,5.87,1.95,2.32,AN1,0323,-0.27,6.01,1.95,2.42,AN2,189B,0.00,0.00,1.95,4.19,AN3,C32D,2.84,0.00,1.95,4.14,POS,1.21,4.03,1.40,84
DIST,4,AN0,8A94,2.82,5.87,1.95,2.36,AN1,0323,-0.27,6.01,1.95,2.45,AN2,189B,0.00,0.00,1.95,4.19,AN3,C32D,2.84,0.00,1.95,4.17,POS,1.22,4.01,1.52,92
DIST,4,AN0,8A94,2.82,5.87,1.95,2.31,AN1,0323,-0.27,6.01,1.95,2.37,AN2,189B,0.00,0.00,1.95,4.19,AN3,C32D,2.84,0.00,1.95,4.16,POS,1.23,4.01,1.48,84
DIST,4,AN0,8A94,2.82,5.87,1.95,2.39,AN1,0323,-0.27,6.01,1.95,2.41,AN2,189B,0.00,0.00,1.95,4.18,AN3,C32D,2.84,0.00,1.95,4.17,POS,1.22,4.01,1.41,81
DIST,4,AN0,8A94,2.82,5.87,1.95,2.32,AN1,0323,-0.27,6.01,1.95,2.37,AN2,189B,0.00,0.00,1.95,4.16,AN3,C32D,2.84,0.00,1.95,4.17,POS,1.27,4.03,1.45,89
DIST,4,AN0,8A94,2.82,5.87,1.95,2.31,AN1,0323,-0.27,6.01,1.95,2.32,AN2,189B,0.00,0.00,1.95,4.23,AN3,C32D,2.84,0.00,1.95,4.18,POS,1.25,4.03,1.44,85
DIST,4,AN0,8A94,2.82,5.87,1.95,2.30,AN1,0323,-0.27,6.01,1.95,2.32,AN2,189B,0.00,0.00,1.95,4.23,AN3,C32D,2.84,0.00,1.95,4.21,POS,1.24,4.04,1.42,84
DIST,4,AN0,8A94,2.82,5.87,1.95,2.33,AN1,0323,-0.27,6.01,1.95,2.30,AN2,189B,0.00,0.00,1.95,4.24,AN3,C32D,2.84,0.00,1.95,4.24,POS,1.22,4.04,1.39,81
DIST,4,AN0,8A94,2.82,5.87,1.95,2.32,AN1,0323,-0.27,6.01,1.95,2.35,AN2,189B,0.00,0.00,1.95,4.19,AN3,C32D,2.84,0.00,1.95,4.14,POS,1.22,4.03,1.41,86
DIST,4,AN0,8A94,2.82,5.87,1.95,2.30,AN1,0323,-0.27,6.01,1.95,2.30,AN2,189B,0.00,0.00,1.95,4.16,AN3,C32D,2.84,0.00,1.95,4.22,POS,1.25,4.06,1.45,89
