DIST,4,AN0,8A94,2.82,5.87,1.95,2.23,AN1,0323,-0.27,6.01,1.95,2.37,AN2,C32D,2.84,0.00,1.95,4.27,AN3,189B,0.00,0.00,1.95,4.28,POS,1.45,4.17,1.38,83
DIST,4,AN0,8A94,2.82,5.87,1.95,2.23,AN1,0323,-0.27,6.01,1.95,2.35,AN2,C32D,2.84,0.00,1.95,4.14,AN3,189B,0.00,0.00,1.95,4.33,POS,1.41,4.14,1.42,89
DIST,4,AN0,8A94,2.82,5.87,1.95,2.20,AN1,0323,-0.27,6.01,1.95,2.36,AN2,189B,0.00,0.00,1.95,4.30,AN3,C32D,2.84,0.00,1.95,4.16,POS,1.38,4.12,1.43,88
DIST,4,AN0,8A94,2.82,5.87,1.95,2.25,AN1,0323,-0.27,6.01,1.95,2.40,AN2,189B,0.00,0.00,1.95,4.25,AN3,C32D,2.84,0.00,1.95,4.11,POS,1.37,4.09,1.44,89
DIST,4,AN0,8A94,2.82,5.87,1.95,2.25,AN1,0323,-0.27,6.01,1.95,2.34,AN2,189B,0.00,0.00,1.95,4.35,AN3,C32D,2.84,0.00,1.95,4.04,POS,1.34,4.06,1.39,83
DIST,4,AN0,8A94,2.82,5.87,1.95,2.27,AN1,0323,-0.27,6.01,1.95,2.41,AN2,189B,0.00,0.00,1.95,4.35,AN3,C32D,2.84,0.00,1.95,4.16,POS,1.33,4.05,1.37,84
DIST,4,AN0,8A94,2.82,5.87,1.95,2.20,AN1,0323,-0.27,6.01,1.95,2.40,AN2,189B,0.00,0.00,1.95,4.23,AN3,C32D,2.84,0.00,1.95,4.07,POS,1.34,4.04,1.46,93
DIST,4,AN0,8A94,2.82,5.87,1.95,2.22,AN1,0323,-0.27,6.01,1.95,2.45,AN2,189B,0.00,0.00,1.95,4.31,AN3,C32D,2.84,0.00,1.95,4.20,POS,1.35,4.05,1.39,82
DIST,4,AN0,8A94,2.82,5.87,1.95,2.22,AN1,0323,-0.27,6.01,1.95,2.44,AN2,189B,0.00,0.00,1.95,4.35,AN3,C32D,2.84,0.00,1.95,4.19,POS,1.35,4.06,1.35,83
DIST,4,AN0,8A94,2.82,5.87,1.95,2.24,AN1,0323,-0.27,6.01,1.95,2.43,AN2,189B,0.00,0.00,1.95,4.34,AN3,C32D,2.84,0.00,1.95,4.17,POS,1.35,4.05,1.33,84
DIST,4,AN0,8A94,2.82,5.87,1.95,2.27,AN1,0323,-0.27,6.01,1.95,2.46,AN2,189B,0.00,0.00,1.95,4.32,AN3,C32D,2.84,0.00,1.95,4.15,POS,1.35,4.05,1.30,83
DIST,4,AN0,8A94,2.82,5.87,1.95,2.28,AN1,0323,-0.27,6.01,1.95,2.51,AN2,189B,0.00,0.00,1.95,4.30,AN3,C32D,2.84,0.00,1.95,4.16,POS,1.35,4.03,1.42,93
DIST,4,AN0,8A94,2.82,5.87,1.95,2.37,AN1,0323,-0.27,6.01,1.95,2.62,AN2,189B,0.00,0.00,1.95,4.47,AN3,C32D,2.84,0.00,1.95,4.07,POS,1.36,4.00,1.45,92
DIST,4,AN0,8A94,2.82,5.87,1.95,2.44,AN1,0323,-0.27,6.01,1.95,2.67,AN2,189B,0.00,0.00,1.95,4.21,AN3,C32D,2.84,0.00,1.95,4.38,POS,1.37,3.99,1.47,91
DIST,4,AN0,8A94,2.82,5.87,1.95,2.52,AN1,0323,-0.27,6.01,1.95,2.62,AN2,189B,0.00,0.00,1.95,4.16,AN3,C32D,2.84,0.00,1.95,4.30,POS,1.34,3.97,1.47,88
DIST,4,AN0,8A94,2.82,5.87,1.95,2.53,AN1,0323,-0.27,6.01,1.95,2.61,AN2,189B,0.00,0.00,1.95,4.20,AN3,C32D,2.84,0.00,1.95,4.35,POS,1.31,3.97,1.45,86
DIST,4,AN0,8A94,2.82,5.87,1.95,2.46,AN1,0323,-0.27,6.01,1.95,2.65,AN2,189B,0.00,0.00,1.95,4.26,AN3,C32D,2.84,0.00,1.95,4.28,POS,1.32,3.98,1.42,87
DIST,4,AN0,8A94,2.82,5.87,1.95,2.44,AN1,0323,-0.27,6.01,1.95,2.64,AN2,189B,0.00,0.00,1.95,4.23,AN3,C32D,2.84,0.00,1.95,4.28,POS,1.33,3.98,1.44,90
DIST,4,AN0,8A94,2.82,5.87,1.95,2.43,AN1,0323,-0.27,6.01,1.95,2.61,AN2,189B,0.00,0.00,1.95,4.22,AN3,C32D,2.84,0.00,1.95,4.23,POS,1.34,3.98,1.47,91
DIST,4,AN0,8A94,2.82,5.87,1.95,2.46,AN1,0323,-0.27,6.01,1.95,2.66,AN2,189B,0.00,0.00,1.95,4.24,AN3,C32D,2.84,0.00,1.95,4.12,POS,1.34,3.96,1.41,85
DIST,4,AN0,8A94,2.82,5.87,1.95,2.49,AN1,0323,-0.27,6.01,1.95,2.66,AN2,189B,0.00,0.00,1.95,4.25,AN3,C32D,2.84,0.00,1.95,4.17,POS,1.34,3.96,1.39,85
DIST,4,AN0,8A94,2.82,5.87,1.95,2.46,AN1,0323,-0.27,6.01,1.95,2.60,AN2,189B,0.00,0.00,1.95,4.23,AN3,C32D,2.84,0.00,1.95,4.13,POS,1.33,3.95,1.38,87
DIST,4,AN0,8A94,2.82,5.87,1.95,2.44,AN1,0323,-0.27,6.01,1.95,2.67,AN2,189B,0.00,0.00,1.95,4.22,AN3,C32D,2.84,0.00,1.95,4.24,POS,1.34,3.95,1.40,90
DIST,4,AN0,8A94,2.82,5.87,1.95,2.46,AN1,0323,-0.27,6.01,1.95,2.63,AN2,189B,0.00,0.00,1.95,4.26,AN3,C32D,2.84,0.00,1.95,4.23,POS,1.37,3.97,1.35,82
DIST,4,AN0,8A94,2.82,5.87,1.95,2.44,AN1,0323,-0.27,6.01,1.95,2.66,AN2,189B,0.00,0.00,1.95,4.22,AN3,C32D,2.84,0.00,1.95,4.36,POS,1.37,3.97,1.39,90
DIST,4,AN0,8A94,2.82,5.87,1.95,2.48,AN1,0323,-0.27,6.01,1.95,2.69,AN2,189B,0.00,0.00,1.95,4.17,AN3,C32D,2.84,0.00,1.95,4.21,POS,1.37,3.96,1.41,90
DIST,4,AN0,8A94,2.82,5.87,1.95,2.53,AN1,0323,-0.27,6.01,1.95,2.71,AN2,189B,0.00,0.00,1.95,4.23,AN3,C32D,2.84,0.00,1.95,4.07,POS,1.36,3.92,1.37,86
DIST,4,AN0,8A94,2.82,5.87,1.95,2.54,AN1,0323,-0.27,6.01,1.95,2.62,AN2,189B,0.00,0.00,1.95,4.34,AN3,C32D,2.84,0.00,1.95,4.03,POS,1.33,3.89,1.41,91
DIST,4,AN0,8A94,2.82,5.87,1.95,2.52,AN1,0323,-0.27,6.01,1.95,2.57,AN2,189B,0.00,0.00,1.95,4.30,AN3,C32D,2.84,0.00,1.95,4.12,POS,1.31,3.88,1.41,88
DIST,4,AN0,8A94,2.82,5.87,1.95,2.52,AN1,0323,-0.27,6.01,1.95,2.61,AN2,189B,0.00,0.00,1.95,4.28,AN3,C32D,2.84,0.00,1.95,4.05,POS,1.29,3.86,1.44,90
DIST,4,AN0,8A94,2.82,5.87,1.95,2.45,AN1,0323,-0.27,6.01,1.95,2.57,AN2,189B,0.00,0.00,1.95,4.30,AN3,C32D,2.84,0.00,1.95,4.07,POS,1.29,3.86,1.50,92
DIST,4,AN0,8A94,2.82,5.87,1.95,2.45,AN1,0323,-0.27,6.01,1.95,2.54,AN2,189B,0.00,0.00,1.95,4.29,AN3,C32D,2.84,0.00,1.95,4.05,POS,1.28,3.86,1.42,83
DIST,4,AN0,8A94,2.82,5.87,1.95,2.44,AN1,0323,-0.27,6.01,1.95,2.54,AN2,189B,0.00,0.00,1.95,4.30,AN3,C32D,2.84,0.00,1.95,4.10,POS,1.28,3.87,1.47,91
DIST,4,AN0,8A94,2.82,5.87,1.95,2.45,AN1,0323,-0.27,6.01,1.95,2.52,AN2,189B,0.00,0.00,1.95,4.26,AN3,C32D,2.84,0.00,1.95,4.13,POS,1.27,3.88,1.50,90
DIST,4,AN0,8A94,2.82,5.87,1.95,2.45,AN1,0323,-0.27,6.01,1.95,2.56,AN2,189B,0.00,0.00,1.95,4.33,AN3,C32D,2.84,0.00,1.95,4.09,POS,1.27,3.87,1.52,91
DIST,4,AN0,8A94,2.82,5.87,1.95,2.51,AN1,0323,-0.27,6.01,1.95,2.58,AN2,189B,0.00,0.00,1.95,4.42,AN3,C32D,2.84,0.00,1.95,4.03,POS,1.26,3.86,1.59,93
DIST,4,AN0,8A94,2.82,5.87,1.95,2.49,AN1,0323,-0.27,6.01,1.95,2.59,AN2,189B,0.00,0.00,1.95,4.47,AN3,C32D,2.84,0.00,1.95,4.08,POS,1.26,3.85,1.57,90
DIST,4,AN0,8A94,2.82,5.87,1.95,2.50,AN1,0323,-0.27,6.01,1.95,2.56,AN2,189B,0.00,0.00,1.95,4.45,AN3,C32D,2.84,0.00,1.95,4.05,POS,1.25,3.85,1.63,93
DIST,4,AN0,8A94,2.82,5.87,1.95,2.52,AN1,0323,-0.27,6.01,1.95,2.60,AN2,189B,0.00,0.00,1.95,4.42,AN3,C32D,2.84,0.00,1.95,4.09,POS,1.25,3.84,1.58,88
DIST,4,AN0,8A94,2.82,5.87,1.95,2.51,AN1,0323,-0.27,6.01,1.95,2.61,AN2,189B,0.00,0.00,1.95,4.44,AN3,C32D,2.84,0.00,1.95,4.14,POS,1.26,3.85,1.51,85
DIST,4,AN0,8A94,2.82,5.87,1.95,2.45,AN1,0323,-0.27,6.01,1.95,2.58,AN2,189B,0.00,0.00,1.95,4.49,AN3,C32D,2.84,0.00,1.95,4.09,POS,1.26,3.86,1.51,91
DIST,4,AN0,8A94,2.82,5.87,1.95,2.52,AN1,0323,-0.27,6.01,1.95,2.60,AN2,189B,0.00,0.00,1.95,4.44,AN3,C32D,2.84,0.00,1.95,4.06,POS,1.26,3.85,1.51,90
DIST,4,AN0,8A94,2.82,5.87,1.95,2.52,AN1,0323,-0.27,6.01,1.95,2.60,AN2,189B,0.00,0.00,1.95,4.36,AN3,C32D,2.84,0.00,1.95,4.13,POS,1.26,3.85,1.47,86
DIST,4,AN0,8A94,2.82,5.87,1.95,2.51,AN1,0323,-0.27,6.01,1.95,2.59,AN2,189B,0.00,0.00,1.95,4.43,AN3,C32D,2.84,0.00,1.95,4.08,POS,1.26,3.85,1.47,90
DIST,3,AN0,8A94,2.82,5.87,1.95,2.52,AN1,0323,-0.27,6.01,1.95,2.58,AN2,C32D,2.84,0.00,1.95,4.12,POS,1.25,3.85,1.45,91
DIST,4,AN0,8A94,2.82,5.87,1.95,2.47,AN1,0323,-0.27,6.01,1.95,2.53,AN2,189B,0.00,0.00,1.95,4.31,AN3,C32D,2.84,0.00,1.95,4.06,POS,1.25,3.86,1.39,82
DIST,4,AN0,8A94,2.82,5.87,1.95,2.47,AN1,0323,-0.27,6.01,1.95,2.57,AN2,189B,0.00,0.00,1.95,4.25,AN3,C32D,2.84,0.00,1.95,4.08,POS,1.25,3.86,1.43,91
DIST,4,AN0,8A94,2.82,5.87,1.95,2.47,AN1,0323,-0.27,6.01,1.95,2.57,AN2,189B,0.00,0.00,1.95,4.34,AN3,C32D,2.84,0.00,1.95,4.11,POS,1.25,3.86,1.45,89
DIST,4,AN0,8A94,2.82,5.87,1.95,2.50,AN1,0323,-0.27,6.01,1.95,2.55,AN2,189B,0.00,0.00,1.95,4.35,AN3,C32D,2.84,0.00,1.95,4.08,POS,1.25,3.86,1.49,91
DIST,4,AN0,8A94,2.82,5.87,1.95,2.52,AN1,0323,-0.27,6.01,1.95,2.56,AN2,189B,0.00,0.00,1.95,4.44,AN3,C32D,2.84,0.00,1.95,4.04,POS,1.24,3.84,1.56,93
DIST,4,AN0,8A94,2.82,5.87,1.95,2.51,AN1,0323,-0.27,6.01,1.95,2.57,AN2,189B,0.00,0.00,1.95,4.44,AN3,C32D,2.84,0.00,1.95,4.08,POS,1.24,3.84,1.56,90
DIST,4,AN0,8A94,2.82,5.87,1.95,2.50,AN1,0323,-0.27,6.01,1.95,2.57,AN2,189B,0.00,0.00,1.95,4.41,AN3,C32D,2.84,0.00,1.95,4.14,POS,1.24,3.85,1.51,87
DIST,4,AN0,8A94,2.82,5.87,1.95,2.51,AN1,0323,-0.27,6.01,1.95,2.58,AN2,189B,0.00,0.00,1.95,4.35,AN3,C32D,2.84,0.00,1.95,4.08,POS,1.24,3.85,1.52,90
DIST,4,AN0,8A94,2.82,5.87,1.95,2.47,AN1,0323,-0.27,6.01,1.95,2.55,AN2,189B,0.00,0.00,1.95,4.29,AN3,C32D,2.84,0.00,1.95,4.02,POS,1.24,3.85,1.44,84
DIST,4,AN0,8A94,2.82,5.87,1.95,2.44,AN1,0323,-0.27,6.01,1.95,2.45,AN2,189B,0.00,0.00,1.95,4.35,AN3,C32D,2.84,0.00,1.95,4.17,POS,1.23,3.87,1.52,91
DIST,4,AN0,8A94,2.82,5.87,1.95,2.34,AN1,0323,-0.27,6.01,1.95,2.35,AN2,189B,0.00,0.00,1.95,4.23,AN3,C32D,2.84,0.00,1.95,4.20,POS,1.22,3.91,1.47,82
DIST,4,AN0,8A94,2.82,5.87,1.95,2.32,AN1,0323,-0.27,6.01,1.95,2.31,AN2,189B,0.00,0.00,1.95,4.21,AN3,C32D,2.84,0.00,1.95,4.15,POS,1.21,3.93,1.49,87
DIST,4,AN0,8A94,2.82,5.87,1.95,2.25,AN1,0323,-0.27,6.01,1.95,2.32,AN2,189B,0.00,0.00,1.95,4.25,AN3,C32D,2.84,0.00,1.95,4.18,POS,1.22,3.96,1.48,87
DIST,4,AN0,8A94,2.82,5.87,1.95,2.25,AN1,0323,-0.27,6.01,1.95,2.41,AN2,189B,0.00,0.00,1.95,4.25,AN3,C32D,2.84,0.00,1.95,4.20,POS,1.29,4.01,1.47,85
DIST,4,AN0,8A94,2.82,5.87,1.95,2.26,AN1,0323,-0.27,6.01,1.95,2.40,AN2,189B,0.00,0.00,1.95,4.20,AN3,C32D,2.84,0.00,1.95,4.23,POS,1.30,4.04,1.41,82
DIST,4,AN0,8A94,2.82,5.87,1.95,2.26,AN1,0323,-0.27,6.01,1.95,2.44,AN2,189B,0.00,0.00,1.95,4.25,AN3,C32D,2.84,0.00,1.95,4.10,POS,1.31,4.03,1.41,88
DIST,4,AN0,8A94,2.82,5.87,1.95,2.28,AN1,0323,-0.27,6.01,1.95,2.42,AN2,189B,0.00,0.00,1.95,4.19,AN3,C32D,2.84,0.00,1.95,4.13,POS,1.31,4.02,1.40,86
DIST,4,AN0,8A94,2.82,5.87,1.95,2.27,AN1,0323,-0.27,6.01,1.95,2.46,AN2,189B,0.00,0.00,1.95,4.21,AN3,C32D,2.84,0.00,1.95,4.13,POS,1.37,4.04,1.43,86
DIST,4,AN0,8A94,2.82,5.87,1.95,2.25,AN1,0323,-0.27,6.01,1.95,2.45,AN2,189B,0.00,0.00,1.95,4.15,AN3,C32D,2.84,0.00,1.95,4.09,POS,1.40,4.05,1.48,89
DIST,4,AN0,8A94,2.82,5.87,1.95,2.33,AN1,0323,-0.27,6.01,1.95,2.47,AN2,189B,0.00,0.00,1.95,4.17,AN3,C32D,2.84,0.00,1.95,4.15,POS,1.41,4.05,1.43,84
DIST,4,AN0,8A94,2.82,5.87,1.95,2.27,AN1,0323,-0.27,6.01,1.95,2.42,AN2,189B,0.00,0.00,1.95,4.16,AN3,C32D,2.84,0.00,1.95,4.15,POS,1.42,4.06,1.44,88
DIST,4,AN0,8A94,2.82,5.87,1.95,2.32,AN1,0323,-0.27,6.01,1.95,2.38,AN2,C32D,2.84,0.00,1.95,4.11,AN3,189B,0.00,0.00,1.95,4.12,POS,1.42,4.06,1.52,91
DIST,4,AN0,8A94,2.82,5.87,1.95,2.30,AN1,0323,-0.27,6.01,1.95,2.44,AN2,C32D,2.84,0.00,1.95,4.23,AN3,189B,0.00,0.00,1.95,4.09,POS,1.37,4.07,1.47,83
DIST,4,AN0,8A94,2.82,5.87,1.95,2.27,AN1,0323,-0.27,6.01,1.95,2.47,AN2,189B,0.00,0.00,1.95,4.21,AN3,C32D,2.84,0.00,1.95,4.17,POS,1.40,4.07,1.42,83
DIST,4,AN0,8A94,2.82,5.87,1.95,2.24,AN1,0323,-0.27,6.01,1.95,2.45,AN2,189B,0.00,0.00,1.95,4.17,AN3,C32D,2.84,0.00,1.95,4.14,POS,1.41,4.08,1.42,86
DIST,4,AN0,8A94,2.82,5.87,1.95,2.23,AN1,0323,-0.27,6.01,1.95,2.43,AN2,189B,0.00,0.00,1.95,4.12,AN3,C32D,2.84,0.00,1.95,4.12,POS,1.41,4.07,1.43,89
DIST,4,AN0,8A94,2.82,5.87,1.95,2.30,AN1,0323,-0.27,6.01,1.95,2.46,AN2,189B,0.00,0.00,1.95,4.19,AN3,C32D,2.84,0.00,1.95,4.17,POS,1.42,4.08,1.40,84
DIST,4,AN0,8A94,2.82,5.87,1.95,2.26,AN1,0323,-0.27,6.01,1.95,2.46,AN2,189B,0.00,0.00,1.95,4.21,AN3,C32D,2.84,0.00,1.95,4.12,POS,1.45,4.08,1.44,86
DIST,4,AN0,8A94,2.82,5.87,1.95,2.31,AN1,0323,-0.27,6.01,1.95,2.39,AN2,C32D,2.84,0.00,1.95,4.14,AN3,189B,0.00,0.00,1.95,4.22,POS,1.40,4.06,1.42,85
DIST,4,AN0,8A94,2.82,5.87,1.95,2.30,AN1,0323,-0.27,6.01,1.95,2.45,AN2,189B,0.00,0.00,1.95,4.20,AN3,C32D,2.84,0.00,1.95,4.09,POS,1.38,4.04,1.41,87
DIST,4,AN0,8A94,2.82,5.87,1.95,2.30,AN1,0323,-0.27,6.01,1.95,2.45,AN2,189B,0.00,0.00,1.95,4.16,AN3,C32D,2.84,0.00,1.95,4.12,POS,1.41,4.05,1.42,87
DIST,4,AN0,8A94,2.82,5.87,1.95,2.28,AN1,0323,-0.27,6.01,1.95,2.44,AN2,189B,0.00,0.00,1.95,4.18,AN3,C32D,2.84,0.00,1.95,4.10,POS,1.39,4.03,1.41,87
DIST,4,AN0,8A94,2.82,5.87,1.95,2.32,AN1,0323,-0.27,6.01,1.95,2.47,AN2,189B,0.00,0.00,1.95,4.17,AN3,C32D,2.84,0.00,1.95,4.19,POS,1.38,4.03,1.43,89
DIST,4,AN0,8A94,2.82,5.87,1.95,2.27,AN1,0323,-0.27,6.01,1.95,2.46,AN2,189B,0.00,0.00,1.95,4.17,AN3,C32D,2.84,0.00,1.95,4.11,POS,1.41,4.05,1.45,87
DIST,4,AN0,8A94,2.82,5.87,1.95,2.22,AN1,0323,-0.27,6.01,1.95,2.49,AN2,189B,0.00,0.00,1.95,4.22,AN3,C32D,2.84,0.00,1.95,4.14,POS,1.44,4.06,1.43,84
DIST,4,AN0,8A94,2.82,5.87,1.95,2.27,AN1,0323,-0.27,6.01,1.95,2.48,AN2,C32D,2.84,0.00,1.95,4.09,AN3,189B,0.00,0.00,1.95,4.17,POS,1.47,4.06,1.47,87
DIST,4,AN0,8A94,2.82,5.87,1.95,2.24,AN1,0323,-0.27,6.01,1.95,2.49,AN2,C32D,2.84,0.00,1.95,4.06,AN3,189B,0.00,0.00,1.95,4.15,POS,1.49,4.06,1.51,88
DIST,4,AN0,8A94,2.82,5.87,1.95,2.50,AN1,0323,-0.27,6.01,1.95,2.44,AN2,C32D,2.84,0.00,1.95,4.15,AN3,189B,0.00,0.00,1.95,4.20,POS,1.40,4.02,1.42,79
DIST,4,AN0,8A94,2.82,5.87,1.95,2.32,AN1,0323,-0.27,6.01,1.95,2.44,AN2,189B,0.00,0.00,1.95,4.10,AN3,C32D,2.84,0.00,1.95,4.14,POS,1.38,4.03,1.39,85
DIST,4,AN0,8A94,2.82,5.87,1.95,2.31,AN1,0323,-0.27,6.01,1.95,2.44,AN2,189B,0.00,0.00,1.95,4.10,AN3,C32D,2.84,0.00,1.95,4.21,POS,1.35,4.02,1.48,91
DIST,4,AN0,8A94,2.82,5.87,1.95,2.37,AN1,0323,-0.27,6.01,1.95,2.37,AN2,189B,0.00,0.00,1.95,4.07,AN3,C32D,2.84,0.00,1.95,4.25,POS,1.31,4.02,1.57,89
DIST,4,AN0,8A94,2.82,5.87,1.95,2.41,AN1,0323,-0.27,6.01,1.95,2.28,AN2,189B,0.00,0.00,1.95,4.01,AN3,C32D,2.84,0.00,1.95,4.23,POS,1.25,4.02,1.51,81
DIST,4,AN0,8A94,2.82,5.87,1.95,2.48,AN1,0323,-0.27,6.01,1.95,2.23,AN2,189B,0.00,0.00,1.95,4.04,AN3,C32D,2.84,0.00,1.95,4.22,POS,1.22,4.03,1.53,86
DIST,4,AN0,8A94,2.82,5.87,1.95,2.57,AN1,0323,-0.27,6.01,1.95,2.22,AN2,189B,0.00,0.00,1.95,3.92,AN3,C32D,2.84,0.00,1.95,4.22,POS,1.15,4.02,1.52,81
DIST,4,AN0,0323,-0.27,6.01,1.95,2.19,AN1,8A94,2.82,5.87,1.95,2.72,AN2,189B,0.00,0.00,1.95,3.81,AN3,C32D,2.84,0.00,1.95,4.29,POS,1.04,3.99,1.50,76
DIST,4,AN0,0323,-0.27,6.01,1.95,2.20,AN1,8A94,2.82,5.87,1.95,2.86,AN2,189B,0.00,0.00,1.95,3.79,AN3,C32D,2.84,0.00,1.95,4.21,POS,0.98,3.97,1.53,81
DIST,4,AN0,0323,-0.27,6.01,1.95,2.19,AN1,8A94,2.82,5.87,1.95,2.99,AN2,189B,0.00,0.00,1.95,3.63,AN3,C32D,2.84,0.00,1.95,4.21,POS,0.88,3.92,1.59,77
DIST,4,AN0,0323,-0.27,6.01,1.95,2.25,AN1,8A94,2.82,5.87,1.95,3.10,AN2,189B,0.00,0.00,1.95,3.67,AN3,C32D,2.84,0.00,1.95,4.33,POS,0.76,3.89,1.50,78
DIST,4,AN0,0323,-0.27,6.01,1.95,2.23,AN1,8A94,2.82,5.87,1.95,3.26,AN2,189B,0.00,0.00,1.95,3.56,AN3,C32D,2.84,0.00,1.95,4.34,POS,0.63,3.84,1.47,78
DIST,4,AN0,0323,-0.27,6.01,1.95,2.25,AN1,8A94,2.82,5.87,1.95,3.32,AN2,189B,0.00,0.00,1.95,3.53,AN3,C32D,2.84,0.00,1.95,4.42,POS,0.50,3.80,1.47,78
DIST,4,AN0,0323,-0.27,6.01,1.95,2.35,AN1,8A94,2.82,5.87,1.95,3.41,AN2,189B,0.00,0.00,1.95,3.48,AN3,C32D,2.84,0.00,1.95,4.41,POS,0.40,3.76,1.43,78
DIST,4,AN0,0323,-0.27,6.01,1.95,2.34,AN1,8A94,2.82,5.87,1.95,3.54,AN2,189B,0.00,0.00,1.95,3.49,AN3,C32D,2.84,0.00,1.95,4.44,POS,0.29,3.72,1.37,74
DIST,4,AN0,0323,-0.27,6.01,1.95,2.37,AN1,8A94,2.82,5.87,1.95,3.56,AN2,189B,0.00,0.00,1.95,3.45,AN3,C32D,2.84,0.00,1.95,4.42,POS,0.21,3.68,1.32,74
DIST,4,AN0,0323,-0.27,6.01,1.95,2.42,AN1,8A94,2.82,5.87,1.95,3.61,AN2,189B,0.00,0.00,1.95,3.48,AN3,C32D,2.84,0.00,1.95,4.48,POS,0.15,3.65,1.36,78
DIST,4,AN0,0323,-0.27,6.01,1.95,2.28,AN1,8A94,2.82,5.87,1.95,3.56,AN2,189B,0.00,0.00,1.95,3.33,AN3,C32D,2.84,0.00,1.95,4.53,POS,0.08,3.62,1.32,70
DIST,4,AN0,0323,-0.27,6.01,1.95,2.29,AN1,8A94,2.82,5.87,1.95,3.62,AN2,189B,0.00,0.00,1.95,3.41,AN3,C32D,2.84,0.00,1.95,4.46,POS,0.02,3.61,1.36,75
DIST,4,AN0,0323,-0.27,6.01,1.95,2.23,AN1,8A94,2.82,5.87,1.95,3.53,AN2,189B,0.00,0.00,1.95,3.44,AN3,C32D,2.84,0.00,1.95,4.59,POS,-0.06,3.64,1.42,72
DIST,4,AN0,0323,-0.27,6.01,1.95,2.24,AN1,189B,0.00,0.00,1.95,3.54,AN2,8A94,2.82,5.87,1.95,3.56,AN3,C32D,2.84,0.00,1.95,4.49,POS,-0.04,3.65,1.38,78
DIST,4,AN0,0323,-0.27,6.01,1.95,2.24,AN1,8A94,2.82,5.87,1.95,3.53,AN2,189B,0.00,0.00,1.95,3.46,AN3,C32D,2.84,0.00,1.95,4.56,POS,-0.07,3.64,1.40,75
DIST,4,AN0,0323,-0.27,6.01,1.95,2.23,AN1,189B,0.00,0.00,1.95,3.48,AN2,8A94,2.82,5.87,1.95,3.48,AN3,C32D,2.84,0.00,1.95,4.48,POS,-0.07,3.64,1.42,78
DIST,4,AN0,0323,-0.27,6.01,1.95,2.22,AN1,189B,0.00,0.00,1.95,3.45,AN2,8A94,2.82,5.87,1.95,3.48,AN3,C32D,2.84,0.00,1.95,4.45,POS,-0.07,3.64,1.46,79
DIST,4,AN0,0323,-0.27,6.01,1.95,2.28,AN1,189B,0.00,0.00,1.95,3.45,AN2,8A94,2.82,5.87,1.95,3.47,AN3,C32D,2.84,0.00,1.95,4.49,POS,-0.06,3.63,1.44,77
DIST,4,AN0,0323,-0.27,6.01,1.95,2.29,AN1,189B,0.00,0.00,1.95,3.48,AN2,8A94,2.82,5.87,1.95,3.53,AN3,C32D,2.84,0.00,1.95,4.45,POS,-0.06,3.63,1.41,76
DIST,4,AN0,0323,-0.27,6.01,1.95,2.26,AN1,189B,0.00,0.00,1.95,3.46,AN2,8A94,2.82,5.87,1.95,3.53,AN3,C32D,2.84,0.00,1.95,4.44,POS,-0.06,3.63,1.41,78
DIST,4,AN0,0323,-0.27,6.01,1.95,2.25,AN1,189B,0.00,0.00,1.95,3.45,AN2,8A94,2.82,5.87,1.95,3.46,AN3,C32D,2.84,0.00,1.95,4.49,POS,-0.06,3.63,1.43,79
DIST,4,AN0,0323,-0.27,6.01,1.95,2.25,AN1,189B,0.00,0.00,1.95,3.46,AN2,8A94,2.82,5.87,1.95,3.49,AN3,C32D,2.84,0.00,1.95,4.45,POS,-0.06,3.62,1.43,79
DIST,4,AN0,0323,-0.27,6.01,1.95,2.27,AN1,189B,0.00,0.00,1.95,3.46,AN2,8A94,2.82,5.87,1.95,3.54,AN3,C32D,2.84,0.00,1.95,4.49,POS,-0.07,3.62,1.42,76
DIST,4,AN0,0323,-0.27,6.01,1.95,2.29,AN1,189B,0.00,0.00,1.95,3.44,AN2,8A94,2.82,5.87,1.95,3.52,AN3,C32D,2.84,0.00,1.95,4.49,POS,-0.07,3.61,1.41,76
DIST,4,AN0,0323,-0.27,6.01,1.95,2.27,AN1,189B,0.00,0.00,1.95,3.41,AN2,8A94,2.82,5.87,1.95,3.50,AN3,C32D,2.84,0.00,1.95,4.50,POS,-0.09,3.61,1.45,78
DIST,4,AN0,0323,-0.27,6.01,1.95,2.28,AN1,189B,0.00,0.00,1.95,3.40,AN2,8A94,2.82,5.87,1.95,3.51,AN3,C32D,2.84,0.00,1.95,4.44,POS,-0.08,3.60,1.48,79
DIST,4,AN0,0323,-0.27,6.01,1.95,2.27,AN1,189B,0.00,0.00,1.95,3.48,AN2,8A94,2.82,5.87,1.95,3.50,AN3,C32D,2.84,0.00,1.95,4.50,POS,-0.08,3.61,1.46,77
DIST,4,AN0,0323,-0.27,6.01,1.95,2.25,AN1,189B,0.00,0.00,1.95,3.42,AN2,8A94,2.82,5.87,1.95,3.52,AN3,C32D,2.84,0.00,1.95,4.48,POS,-0.09,3.61,1.48,78
DIST,4,AN0,0323,-0.27,6.01,1.95,2.28,AN1,189B,0.00,0.00,1.95,3.43,AN2,8A94,2.82,5.87,1.95,3.55,AN3,C32D,2.84,0.00,1.95,4.44,POS,-0.09,3.60,1.47,77
DIST,4,AN0,0323,-0.27,6.01,1.95,2.29,AN1,189B,0.00,0.00,1.95,3.41,AN2,8A94,2.82,5.87,1.95,3.52,AN3,C32D,2.84,0.00,1.95,4.45,POS,-0.08,3.60,1.47,78
DIST,4,AN0,0323,-0.27,6.01,1.95,2.26,AN1,189B,0.00,0.00,1.95,3.39,AN2,8A94,2.82,5.87,1.95,3.50,AN3,C32D,2.84,0.00,1.95,4.51,POS,-0.12,3.62,1.52,75
DIST,4,AN0,0323,-0.27,6.01,1.95,2.29,AN1,189B,0.00,0.00,1.95,3.45,AN2,8A94,2.82,5.87,1.95,3.53,AN3,C32D,2.84,0.00,1.95,4.43,POS,-0.10,3.61,1.49,77
DIST,4,AN0,0323,-0.27,6.01,1.95,2.32,AN1,189B,0.00,0.00,1.95,3.43,AN2,8A94,2.82,5.87,1.95,3.49,AN3,C32D,2.84,0.00,1.95,4.40,POS,-0.08,3.60,1.45,78
DIST,4,AN0,0323,-0.27,6.01,1.95,2.29,AN1,189B,0.00,0.00,1.95,3.38,AN2,8A94,2.82,5.87,1.95,3.53,AN3,C32D,2.84,0.00,1.95,4.45,POS,-0.08,3.59,1.48,78
DIST,4,AN0,0323,-0.27,6.01,1.95,2.29,AN1,189B,0.00,0.00,1.95,3.35,AN2,8A94,2.82,5.87,1.95,3.55,AN3,C32D,2.84,0.00,1.95,4.42,POS,-0.09,3.58,1.53,78
DIST,4,AN0,0323,-0.27,6.01,1.95,2.45,AN1,189B,0.00,0.00,1.95,3.33,AN2,8A94,2.82,5.87,1.95,3.67,AN3,C32D,2.84,0.00,1.95,4.44,POS,-0.10,3.55,1.47,71
DIST,4,AN0,0323,-0.27,6.01,1.95,2.45,AN1,189B,0.00,0.00,1.95,3.29,AN2,8A94,2.82,5.87,1.95,3.59,AN3,C32D,2.84,0.00,1.95,4.42,POS,-0.13,3.54,1.43,70
DIST,4,AN0,0323,-0.27,6.01,1.95,2.49,AN1,189B,0.00,0.00,1.95,3.18,AN2,8A94,2.82,5.87,1.95,3.68,AN3,C32D,2.84,0.00,1.95,4.31,POS,-0.13,3.50,1.46,75
DIST,4,AN0,0323,-0.27,6.01,1.95,2.52,AN1,189B,0.00,0.00,1.95,3.12,AN2,8A94,2.82,5.87,1.95,3.65,AN3,C32D,2.84,0.00,1.95,4.26,POS,-0.12,3.45,1.51,76
DIST,4,AN0,0323,-0.27,6.01,1.95,2.59,AN1,189B,0.00,0.00,1.95,3.17,AN2,8A94,2.82,5.87,1.95,3.59,AN3,C32D,2.84,0.00,1.95,4.13,POS,-0.07,3.41,1.49,75
DIST,4,AN0,0323,-0.27,6.01,1.95,2.66,AN1,189B,0.00,0.00,1.95,3.15,AN2,8A94,2.82,5.87,1.95,3.51,AN3,C32D,2.84,0.00,1.95,3.93,POS,0.01,3.36,1.54,75
DIST,4,AN0,0323,-0.27,6.01,1.95,2.72,AN1,189B,0.00,0.00,1.95,3.11,AN2,8A94,2.82,5.87,1.95,3.44,AN3,C32D,2.84,0.00,1.95,3.90,POS,0.11,3.33,1.49,75
DIST,4,AN0,0323,-0.27,6.01,1.95,2.85,AN1,189B,0.00,0.00,1.95,3.10,AN2,8A94,2.82,5.87,1.95,3.44,AN3,C32D,2.84,0.00,1.95,3.57,POS,0.20,3.25,1.46,80
DIST,4,AN0,0323,-0.27,6.01,1.95,3.00,AN1,189B,0.00,0.00,1.95,2.95,AN2,8A94,2.82,5.87,1.95,3.51,AN3,C32D,2.84,0.00,1.95,3.49,POS,0.35,3.19,1.47,89
DIST,4,AN0,0323,-0.27,6.01,1.95,3.15,AN1,189B,0.00,0.00,1.95,2.84,AN2,8A94,2.82,5.87,1.95,3.54,AN3,C32D,2.84,0.00,1.95,3.39,POS,0.44,3.10,1.47,89
DIST,4,AN0,0323,-0.27,6.01,1.95,3.26,AN1,189B,0.00,0.00,1.95,2.77,AN2,8A94,2.82,5.87,1.95,3.51,AN3,C32D,2.84,0.00,1.95,3.21,POS,0.54,3.01,1.51,93
DIST,4,AN0,189B,0.00,0.00,1.95,2.78,AN1,0323,-0.27,6.01,1.95,3.35,AN2,8A94,2.82,5.87,1.95,3.50,AN3,C32D,2.84,0.00,1.95,3.17,POS,0.65,2.94,1.48,91
DIST,4,AN0,189B,0.00,0.00,1.95,2.82,AN1,0323,-0.27,6.01,1.95,3.46,AN2,8A94,2.82,5.87,1.95,3.57,AN3,C32D,2.84,0.00,1.95,3.12,POS,0.75,2.87,1.41,88
DIST,4,AN0,189B,0.00,0.00,1.95,2.81,AN1,0323,-0.27,6.01,1.95,3.51,AN2,C32D,2.84,0.00,1.95,2.92,AN3,8A94,2.82,5.87,1.95,3.53,POS,0.84,2.79,1.47,96
DIST,4,AN0,189B,0.00,0.00,1.95,2.81,AN1,0323,-0.27,6.01,1.95,3.58,AN2,C32D,2.84,0.00,1.95,2.87,AN3,8A94,2.82,5.87,1.95,3.53,POS,0.92,2.73,1.48,95
DIST,4,AN0,189B,0.00,0.00,1.95,2.77,AN1,C32D,2.84,0.00,1.95,2.87,AN2,0323,-0.27,6.01,1.95,3.64,AN3,8A94,2.82,5.87,1.95,3.51,POS,1.02,2.69,1.43,91
DIST,4,AN0,189B,0.00,0.00,1.95,2.79,AN1,C32D,2.84,0.00,1.95,2.81,AN2,0323,-0.27,6.01,1.95,3.65,AN3,8A94,2.82,5.87,1.95,3.52,POS,1.10,2.65,1.43,95
DIST,4,AN0,189B,0.00,0.00,1.95,2.81,AN1,C32D,2.84,0.00,1.95,2.75,AN2,0323,-0.27,6.01,1.95,3.66,AN3,8A94,2.82,5.87,1.95,3.54,POS,1.14,2.61,1.50,97
DIST,4,AN0,189B,0.00,0.00,1.95,2.80,AN1,C32D,2.84,0.00,1.95,2.78,AN2,8A94,2.82,5.87,1.95,3.49,AN3,0323,-0.27,6.01,1.95,3.59,POS,1.17,2.58,1.41,88
DIST,4,AN0,189B,0.00,0.00,1.95,2.82,AN1,C32D,2.84,0.00,1.95,2.84,AN2,8A94,2.82,5.87,1.95,3.49,AN3,0323,-0.27,6.01,1.95,3.57,POS,1.18,2.58,1.47,97
DIST,4,AN0,189B,0.00,0.00,1.95,2.83,AN1,C32D,2.84,0.00,1.95,2.84,AN2,8A94,2.82,5.87,1.95,3.49,AN3,0323,-0.27,6.01,1.95,3.56,POS,1.19,2.57,1.56,98
DIST,4,AN0,189B,0.00,0.00,1.95,2.85,AN1,C32D,2.84,0.00,1.95,2.91,AN2,8A94,2.82,5.87,1.95,3.46,AN3,0323,-0.27,6.01,1.95,3.59,POS,1.22,2.58,1.50,92
DIST,4,AN0,189B,0.00,0.00,1.95,2.83,AN1,C32D,2.84,0.00,1.95,2.96,AN2,8A94,2.82,5.87,1.95,3.46,AN3,0323,-0.27,6.01,1.95,3.53,POS,1.23,2.60,1.47,93
DIST,4,AN0,189B,0.00,0.00,1.95,2.84,AN1,C32D,2.84,0.00,1.95,2.84,AN2,8A94,2.82,5.87,1.95,3.46,AN3,0323,-0.27,6.01,1.95,3.55,POS,1.23,2.59,1.38,87
DIST,4,AN0,189B,0.00,0.00,1.95,2.89,AN1,C32D,2.84,0.00,1.95,2.82,AN2,8A94,2.82,5.87,1.95,3.46,AN3,0323,-0.27,6.01,1.95,3.58,POS,1.24,2.58,1.45,97
DIST,4,AN0,189B,0.00,0.00,1.95,2.86,AN1,C32D,2.84,0.00,1.95,2.91,AN2,8A94,2.82,5.87,1.95,3.42,AN3,0323,-0.27,6.01,1.95,3.53,POS,1.26,2.60,1.46,95
DIST,4,AN0,189B,0.00,0.00,1.95,2.85,AN1,C32D,2.84,0.00,1.95,2.89,AN2,8A94,2.82,5.87,1.95,3.48,AN3,0323,-0.27,6.01,1.95,3.56,POS,1.25,2.59,1.46,94
DIST,4,AN0,189B,0.00,0.00,1.95,2.82,AN1,C32D,2.84,0.00,1.95,2.85,AN2,8A94,2.82,5.87,1.95,3.45,AN3,0323,-0.27,6.01,1.95,3.59,POS,1.27,2.59,1.46,95
DIST,4,AN0,189B,0.00,0.00,1.95,2.80,AN1,C32D,2.84,0.00,1.95,2.87,AN2,8A94,2.82,5.87,1.95,3.45,AN3,0323,-0.27,6.01,1.95,3.57,POS,1.28,2.59,1.47,95
DIST,4,AN0,189B,0.00,0.00,1.95,2.78,AN1,C32D,2.84,0.00,1.95,2.91,AN2,8A94,2.82,5.87,1.95,3.48,AN3,0323,-0.27,6.01,1.95,3.55,POS,1.27,2.60,1.46,94
DIST,4,AN0,189B,0.00,0.00,1.95,2.78,AN1,C32D,2.84,0.00,1.95,2.86,AN2,8A94,2.82,5.87,1.95,3.55,AN3,0323,-0.27,6.01,1.95,3.54,POS,1.29,2.61,1.51,98
DIST,4,AN0,189B,0.00,0.00,1.95,2.74,AN1,C32D,2.84,0.00,1.95,2.87,AN2,8A94,2.82,5.87,1.95,3.51,AN3,0323,-0.27,6.01,1.95,3.61,POS,1.28,2.60,1.48,93
DIST,4,AN0,189B,0.00,0.00,1.95,2.74,AN1,C32D,2.84,0.00,1.95,2.86,AN2,8A94,2.82,5.87,1.95,3.56,AN3,0323,-0.27,6.01,1.95,3.59,POS,1.25,2.58,1.49,95
DIST,4,AN0,189B,0.00,0.00,1.95,2.77,AN1,C32D,2.84,0.00,1.95,2.82,AN2,8A94,2.82,5.87,1.95,3.56,AN3,0323,-0.27,6.01,1.95,3.63,POS,1.24,2.56,1.50,95
DIST,4,AN0,189B,0.00,0.00,1.95,2.75,AN1,C32D,2.84,0.00,1.95,2.83,AN2,8A94,2.82,5.87,1.95,3.50,AN3,0323,-0.27,6.01,1.95,3.53,POS,1.22,2.55,1.43,88
DIST,4,AN0,189B,0.00,0.00,1.95,2.83,AN1,C32D,2.84,0.00,1.95,2.81,AN2,8A94,2.82,5.87,1.95,3.53,AN3,0323,-0.27,6.01,1.95,3.62,POS,1.22,2.54,1.47,96
DIST,4,AN0,189B,0.00,0.00,1.95,2.81,AN1,C32D,2.84,0.00,1.95,2.79,AN2,8A94,2.82,5.87,1.95,3.49,AN3,0323,-0.27,6.01,1.95,3.60,POS,1.23,2.54,1.56,98
DIST,4,AN0,189B,0.00,0.00,1.95,2.82,AN1,C32D,2.84,0.00,1.95,2.80,AN2,8A94,2.82,5.87,1.95,3.51,AN3,0323,-0.27,6.01,1.95,3.65,POS,1.25,2.54,1.54,95
DIST,4,AN0,189B,0.00,0.00,1.95,2.83,AN1,C32D,2.84,0.00,1.95,2.82,AN2,8A94,2.82,5.87,1.95,3.50,AN3,0323,-0.27,6.01,1.95,3.68,POS,1.28,2.54,1.48,91
DIST,4,AN0,189B,0.00,0.00,1.95,2.82,AN1,C32D,2.84,0.00,1.95,2.79,AN2,8A94,2.82,5.87,1.95,3.49,AN3,0323,-0.27,6.01,1.95,3.71,POS,1.32,2.54,1.43,91
DIST,4,AN0,189B,0.00,0.00,1.95,2.78,AN1,C32D,2.84,0.00,1.95,2.70,AN2,8A94,2.82,5.87,1.95,3.45,AN3,0323,-0.27,6.01,1.95,3.72,POS,1.36,2.53,1.46,95
DIST,4,AN0,189B,0.00,0.00,1.95,2.82,AN1,C32D,2.84,0.00,1.95,2.70,AN2,8A94,2.82,5.87,1.95,3.49,AN3,0323,-0.27,6.01,1.95,3.66,POS,1.35,2.52,1.39,88
DIST,4,AN0,189B,0.00,0.00,1.95,2.76,AN1,C32D,2.84,0.00,1.95,2.68,AN2,8A94,2.82,5.87,1.95,3.49,AN3,0323,-0.27,6.01,1.95,3.77,POS,1.39,2.51,1.40,93
DIST,4,AN0,189B,0.00,0.00,1.95,2.81,AN1,C32D,2.84,0.00,1.95,2.68,AN2,8A94,2.82,5.87,1.95,3.48,AN3,0323,-0.27,6.01,1.95,3.72,POS,1.39,2.50,1.46,97
DIST,4,AN0,189B,0.00,0.00,1.95,2.89,AN1,C32D,2.84,0.00,1.95,2.74,AN2,8A94,2.82,5.87,1.95,3.50,AN3,0323,-0.27,6.01,1.95,3.70,POS,1.38,2.50,1.47,95
DIST,4,AN0,189B,0.00,0.00,1.95,2.81,AN1,C32D,2.84,0.00,1.95,2.71,AN2,8A94,2.82,5.87,1.95,3.52,AN3,0323,-0.27,6.01,1.95,3.77,POS,1.41,2.49,1.44,92
DIST,4,AN0,189B,0.00,0.00,1.95,2.87,AN1,C32D,2.84,0.00,1.95,2.71,AN2,8A94,2.82,5.87,1.95,3.42,AN3,0323,-0.27,6.01,1.95,3.71,POS,1.44,2.50,1.47,95
DIST,4,AN0,C32D,2.84,0.00,1.95,2.74,AN1,189B,0.00,0.00,1.95,2.86,AN2,8A94,2.82,5.87,1.95,3.49,AN3,0323,-0.27,6.01,1.95,3.73,POS,1.45,2.50,1.44,92
DIST,4,AN0,C32D,2.84,0.00,1.95,2.74,AN1,189B,0.00,0.00,1.95,2.88,AN2,8A94,2.82,5.87,1.95,3.48,AN3,0323,-0.27,6.01,1.95,3.74,POS,1.46,2.51,1.41,91
DIST,4,AN0,C32D,2.84,0.00,1.95,2.77,AN1,189B,0.00,0.00,1.95,2.92,AN2,8A94,2.82,5.87,1.95,3.43,AN3,0323,-0.27,6.01,1.95,3.65,POS,1.44,2.52,1.45,96
DIST,4,AN0,C32D,2.84,0.00,1.95,2.76,AN1,189B,0.00,0.00,1.95,2.94,AN2,8A94,2.82,5.87,1.95,3.41,AN3,0323,-0.27,6.01,1.95,3.72,POS,1.47,2.53,1.42,91
DIST,4,AN0,C32D,2.84,0.00,1.95,2.72,AN1,189B,0.00,0.00,1.95,2.91,AN2,8A94,2.82,5.87,1.95,3.44,AN3,0323,-0.27,6.01,1.95,3.68,POS,1.46,2.53,1.47,97
DIST,4,AN0,C32D,2.84,0.00,1.95,2.71,AN1,189B,0.00,0.00,1.95,2.96,AN2,8A94,2.82,5.87,1.95,3.47,AN3,0323,-0.27,6.01,1.95,3.79,POS,1.47,2.52,1.43,90
DIST,4,AN0,C32D,2.84,0.00,1.95,2.68,AN1,189B,0.00,0.00,1.95,2.97,AN2,8A94,2.82,5.87,1.95,3.51,AN3,0323,-0.27,6.01,1.95,3.76,POS,1.53,2.55,1.45,93
DIST,4,AN0,C32D,2.84,0.00,1.95,2.67,AN1,189B,0.00,0.00,1.95,3.00,AN2,8A94,2.82,5.87,1.95,3.47,AN3,0323,-0.27,6.01,1.95,3.78,POS,1.59,2.57,1.46,92
DIST,4,AN0,C32D,2.84,0.00,1.95,2.68,AN1,189B,0.00,0.00,1.95,2.96,AN2,8A94,2.82,5.87,1.95,3.47,AN3,0323,-0.27,6.01,1.95,3.78,POS,1.57,2.55,1.45,93
DIST,4,AN0,C32D,2.84,0.00,1.95,2.67,AN1,189B,0.00,0.00,1.95,2.96,AN2,8A94,2.82,5.87,1.95,3.42,AN3,0323,-0.27,6.01,1.95,3.74,POS,1.55,2.54,1.48,96
DIST,4,AN0,C32D,2.84,0.00,1.95,2.72,AN1,189B,0.00,0.00,1.95,2.98,AN2,8A94,2.82,5.87,1.95,3.50,AN3,0323,-0.27,6.01,1.95,3.74,POS,1.59,2.56,1.47,92
DIST,4,AN0,C32D,2.84,0.00,1.95,2.67,AN1,189B,0.00,0.00,1.95,3.00,AN2,8A94,2.82,5.87,1.95,3.47,AN3,0323,-0.27,6.01,1.95,3.76,POS,1.64,2.58,1.50,93
DIST,4,AN0,C32D,2.84,0.00,1.95,2.70,AN1,189B,0.00,0.00,1.95,2.97,AN2,8A94,2.82,5.87,1.95,3.39,AN3,0323,-0.27,6.01,1.95,3.74,POS,1.62,2.58,1.49,93
DIST,4,AN0,C32D,2.84,0.00,1.95,2.67,AN1,189B,0.00,0.00,1.95,2.97,AN2,8A94,2.82,5.87,1.95,3.48,AN3,0323,-0.27,6.01,1.95,3.70,POS,1.65,2.59,1.41,86
DIST,4,AN0,C32D,2.84,0.00,1.95,2.67,AN1,189B,0.00,0.00,1.95,2.94,AN2,8A94,2.82,5.87,1.95,3.41,AN3,0323,-0.27,6.01,1.95,3.68,POS,1.67,2.61,1.36,87
DIST,4,AN0,C32D,2.84,0.00,1.95,2.70,AN1,189B,0.00,0.00,1.95,2.99,AN2,8A94,2.82,5.87,1.95,3.44,AN3,0323,-0.27,6.01,1.95,3.73,POS,1.68,2.62,1.41,93
DIST,4,AN0,C32D,2.84,0.00,1.95,2.68,AN1,189B,0.00,0.00,1.95,2.98,AN2,8A94,2.82,5.87,1.95,3.44,AN3,0323,-0.27,6.01,1.95,3.86,POS,1.69,2.59,1.35,86
DIST,4,AN0,C32D,2.84,0.00,1.95,2.55,AN1,189B,0.00,0.00,1.95,2.98,AN2,8A94,2.82,5.87,1.95,3.53,AN3,0323,-0.27,6.01,1.95,3.99,POS,1.69,2.54,1.31,85
DIST,4,AN0,C32D,2.84,0.00,1.95,2.40,AN1,189B,0.00,0.00,1.95,3.01,AN2,8A94,2.82,5.87,1.95,3.54,AN3,0323,-0.27,6.01,1.95,4.04,POS,1.78,2.52,1.41,88
DIST,4,AN0,C32D,2.84,0.00,1.95,2.27,AN1,189B,0.00,0.00,1.95,2.97,AN2,8A94,2.82,5.87,1.95,3.61,AN3,0323,-0.27,6.01,1.95,4.17,POS,1.86,2.48,1.51,85
DIST,4,AN0,C32D,2.84,0.00,1.95,2.14,AN1,189B,0.00,0.00,1.95,2.95,AN2,8A94,2.82,5.87,1.95,3.66,AN3,0323,-0.27,6.01,1.95,4.29,POS,1.95,2.42,1.43,74
DIST,4,AN0,C32D,2.84,0.00,1.95,2.07,AN1,189B,0.00,0.00,1.95,2.99,AN2,8A94,2.82,5.87,1.95,3.75,AN3,0323,-0.27,6.01,1.95,4.45,POS,1.98,2.33,1.40,76
DIST,4,AN0,C32D,2.84,0.00,1.95,2.06,AN1,189B,0.00,0.00,1.95,3.13,AN2,8A94,2.82,5.87,1.95,3.84,AN3,0323,-0.27,6.01,1.95,4.47,POS,2.10,2.30,1.52,75
DIST,4,AN0,C32D,2.84,0.00,1.95,1.93,AN1,189B,0.00,0.00,1.95,3.22,AN2,8A94,2.82,5.87,1.95,3.88,AN3,0323,-0.27,6.01,1.95,4.65,POS,2.26,2.26,1.46,74
DIST,4,AN0,C32D,2.84,0.00,1.95,1.84,AN1,189B,0.00,0.00,1.95,3.25,AN2,8A94,2.82,5.87,1.95,3.96,AN3,0323,-0.27,6.01,1.95,4.85,POS,2.39,2.19,1.49,78
DIST,4,AN0,C32D,2.84,0.00,1.95,1.74,AN1,189B,0.00,0.00,1.95,3.34,AN2,8A94,2.82,5.87,1.95,4.05,AN3,0323,-0.27,6.01,1.95,4.99,POS,2.55,2.12,1.44,63
DIST,4,AN0,C32D,2.84,0.00,1.95,1.72,AN1,189B,0.00,0.00,1.95,3.31,AN2,8A94,2.82,5.87,1.95,4.13,AN3,0323,-0.27,6.01,1.95,4.99,POS,2.66,2.07,1.40,63
DIST,4,AN0,C32D,2.84,0.00,1.95,1.65,AN1,189B,0.00,0.00,1.95,3.41,AN2,8A94,2.82,5.87,1.95,4.21,AN3,0323,-0.27,6.01,1.95,5.04,POS,2.80,2.03,1.37,68
DIST,4,AN0,C32D,2.84,0.00,1.95,1.56,AN1,189B,0.00,0.00,1.95,3.38,AN2,8A94,2.82,5.87,1.95,4.19,AN3,0323,-0.27,6.01,1.95,5.14,POS,2.90,1.97,1.48,65
DIST,4,AN0,C32D,2.84,0.00,1.95,1.49,AN1,8A94,2.82,5.87,1.95,4.22,AN2,189B,0.00,0.00,1.95,3.40,AN3,0323,-0.27,6.01,1.95,5.14,POS,3.01,1.93,1.53,69
DIST,4,AN0,C32D,2.84,0.00,1.95,1.45,AN1,8A94,2.82,5.87,1.95,4.33,AN2,189B,0.00,0.00,1.95,3.35,AN3,0323,-0.27,6.01,1.95,5.20,POS,3.08,1.88,1.50,67
DIST,4,AN0,C32D,2.84,0.00,1.95,1.52,AN1,8A94,2.82,5.87,1.95,4.33,AN2,189B,0.00,0.00,1.95,3.19,AN3,0323,-0.27,6.01,1.95,5.15,POS,3.05,1.83,1.45,64
DIST,4,AN0,C32D,2.84,0.00,1.95,1.49,AN1,8A94,2.82,5.87,1.95,4.32,AN2,189B,0.00,0.00,1.95,3.15,AN3,0323,-0.27,6.01,1.95,5.24,POS,3.02,1.78,1.45,72
DIST,4,AN0,C32D,2.84,0.00,1.95,1.42,AN1,8A94,2.82,5.87,1.95,4.33,AN2,189B,0.00,0.00,1.95,3.17,AN3,0323,-0.27,6.01,1.95,5.16,POS,3.02,1.75,1.48,69
DIST,4,AN0,C32D,2.84,0.00,1.95,1.38,AN1,8A94,2.82,5.87,1.95,4.36,AN2,189B,0.00,0.00,1.95,3.11,AN3,0323,-0.27,6.01,1.95,5.20,POS,3.00,1.71,1.47,68
DIST,4,AN0,C32D,2.84,0.00,1.95,1.32,AN1,8A94,2.82,5.87,1.95,4.41,AN2,189B,0.00,0.00,1.95,3.09,AN3,0323,-0.27,6.01,1.95,5.25,POS,3.00,1.67,1.47,68
DIST,4,AN0,C32D,2.84,0.00,1.95,1.38,AN1,8A94,2.82,5.87,1.95,4.39,AN2,189B,0.00,0.00,1.95,3.11,AN3,0323,-0.27,6.01,1.95,5.23,POS,2.99,1.64,1.44,66
DIST,4,AN0,C32D,2.84,0.00,1.95,1.36,AN1,8A94,2.82,5.87,1.95,4.37,AN2,189B,0.00,0.00,1.95,3.09,AN3,0323,-0.27,6.01,1.95,5.26,POS,2.97,1.62,1.55,79
DIST,4,AN0,C32D,2.84,0.00,1.95,1.39,AN1,8A94,2.82,5.87,1.95,4.42,AN2,189B,0.00,0.00,1.95,3.09,AN3,0323,-0.27,6.01,1.95,5.30,POS,2.94,1.60,1.54,74
DIST,4,AN0,C32D,2.84,0.00,1.95,1.34,AN1,8A94,2.82,5.87,1.95,4.42,AN2,189B,0.00,0.00,1.95,3.11,AN3,0323,-0.27,6.01,1.95,5.21,POS,2.96,1.59,1.54,70
DIST,4,AN0,C32D,2.84,0.00,1.95,1.37,AN1,8A94,2.82,5.87,1.95,4.38,AN2,189B,0.00,0.00,1.95,3.09,AN3,0323,-0.27,6.01,1.95,5.24,POS,2.96,1.58,1.49,66
DIST,4,AN0,C32D,2.84,0.00,1.95,1.41,AN1,8A94,2.82,5.87,1.95,4.40,AN2,189B,0.00,0.00,1.95,3.10,AN3,0323,-0.27,6.01,1.95,5.29,POS,2.94,1.57,1.48,73
DIST,4,AN0,C32D,2.84,0.00,1.95,1.33,AN1,8A94,2.82,5.87,1.95,4.37,AN2,189B,0.00,0.00,1.95,3.13,AN3,0323,-0.27,6.01,1.95,5.21,POS,2.96,1.58,1.53,70
DIST,4,AN0,C32D,2.84,0.00,1.95,1.41,AN1,8A94,2.82,5.87,1.95,4.34,AN2,189B,0.00,0.00,1.95,3.10,AN3,0323,-0.27,6.01,1.95,5.28,POS,2.93,1.57,1.53,75
DIST,4,AN0,C32D,2.84,0.00,1.95,1.39,AN1,8A94,2.82,5.87,1.95,4.35,AN2,189B,0.00,0.00,1.95,3.17,AN3,0323,-0.27,6.01,1.95,5.26,POS,2.96,1.57,1.49,64
DIST,4,AN0,C32D,2.84,0.00,1.95,1.39,AN1,8A94,2.82,5.87,1.95,4.35,AN2,189B,0.00,0.00,1.95,3.11,AN3,0323,-0.27,6.01,1.95,5.26,POS,2.95,1.57,1.56,77
DIST,4,AN0,C32D,2.84,0.00,1.95,1.40,AN1,8A94,2.82,5.87,1.95,4.39,AN2,189B,0.00,0.00,1.95,3.17,AN3,0323,-0.27,6.01,1.95,5.25,POS,2.97,1.58,1.51,63
DIST,4,AN0,C32D,2.84,0.00,1.95,1.39,AN1,8A94,2.82,5.87,1.95,4.39,AN2,189B,0.00,0.00,1.95,3.11,AN3,0323,-0.27,6.01,1.95,5.27,POS,2.95,1.57,1.56,77
DIST,4,AN0,C32D,2.84,0.00,1.95,1.26,AN1,8A94,2.82,5.87,1.95,4.41,AN2,189B,0.00,0.00,1.95,3.06,AN3,0323,-0.27,6.01,1.95,5.28,POS,2.96,1.55,1.56,70
DIST,4,AN0,C32D,2.84,0.00,1.95,1.26,AN1,8A94,2.82,5.87,1.95,4.50,AN2,189B,0.00,0.00,1.95,3.07,AN3,0323,-0.27,6.01,1.95,5.24,POS,2.97,1.55,1.60,73
DIST,4,AN0,C32D,2.84,0.00,1.95,1.22,AN1,8A94,2.82,5.87,1.95,4.52,AN2,189B,0.00,0.00,1.95,2.98,AN3,0323,-0.27,6.01,1.95,5.32,POS,2.95,1.51,1.54,69
DIST,4,AN0,C32D,2.84,0.00,1.95,1.25,AN1,8A94,2.82,5.87,1.95,4.54,AN2,189B,0.00,0.00,1.95,2.91,AN3,0323,-0.27,6.01,1.95,5.26,POS,2.92,1.49,1.49,72
DIST,4,AN0,C32D,2.84,0.00,1.95,1.27,AN1,8A94,2.82,5.87,1.95,4.58,AN2,189B,0.00,0.00,1.95,2.80,AN3,0323,-0.27,6.01,1.95,5.13,POS,2.86,1.49,1.48,81
DIST,3,AN0,C32D,2.84,0.00,1.95,1.27,AN1,189B,0.00,0.00,1.95,2.70,AN2,0323,-0.27,6.01,1.95,5.06,POS,2.79,1.49,1.49,86
DIST,4,AN0,C32D,2.84,0.00,1.95,1.28,AN1,189B,0.00,0.00,1.95,2.55,AN2,8A94,2.82,5.87,1.95,4.63,AN3,0323,-0.27,6.01,1.95,5.07,POS,2.69,1.46,1.46,79
DIST,4,AN0,C32D,2.84,0.00,1.95,1.27,AN1,189B,0.00,0.00,1.95,2.31,AN2,8A94,2.82,5.87,1.95,4.73,AN3,0323,-0.27,6.01,1.95,5.02,POS,2.57,1.43,1.45,73
DIST,4,AN0,C32D,2.84,0.00,1.95,1.22,AN1,189B,0.00,0.00,1.95,2.21,AN2,8A94,2.82,5.87,1.95,4.78,AN3,0323,-0.27,6.01,1.95,5.09,POS,2.46,1.37,1.43,66
DIST,4,AN0,C32D,2.84,0.00,1.95,1.26,AN1,189B,0.00,0.00,1.95,2.11,AN2,8A94,2.82,5.87,1.95,4.97,AN3,0323,-0.27,6.01,1.95,5.14,POS,2.34,1.32,1.51,67
DIST,4,AN0,C32D,2.84,0.00,1.95,1.35,AN1,189B,0.00,0.00,1.95,2.00,AN2,8A94,2.82,5.87,1.95,4.96,AN3,0323,-0.27,6.01,1.95,5.27,POS,2.22,1.25,1.46,57
DIST,4,AN0,C32D,2.84,0.00,1.95,1.43,AN1,189B,0.00,0.00,1.95,1.90,AN2,8A94,2.82,5.87,1.95,4.96,AN3,0323,-0.27,6.01,1.95,5.12,POS,2.10,1.21,1.47,66
DIST,4,AN0,C32D,2.84,0.00,1.95,1.40,AN1,189B,0.00,0.00,1.95,1.82,AN2,8A94,2.82,5.87,1.95,4.97,AN3,0323,-0.27,6.01,1.95,5.22,POS,1.94,1.11,1.43,59
DIST,4,AN0,C32D,2.84,0.00,1.95,1.47,AN1,189B,0.00,0.00,1.95,1.70,AN2,8A94,2.82,5.87,1.95,4.92,AN3,0323,-0.27,6.01,1.95,5.18,POS,1.85,1.08,1.44,67
DIST,4,AN0,C32D,2.84,0.00,1.95,1.53,AN1,189B,0.00,0.00,1.95,1.68,AN2,8A94,2.82,5.87,1.95,5.07,AN3,0323,-0.27,6.01,1.95,5.19,POS,1.77,1.05,1.43,66
DIST,4,AN0,C32D,2.84,0.00,1.95,1.58,AN1,189B,0.00,0.00,1.95,1.64,AN2,8A94,2.82,5.87,1.95,5.00,AN3,0323,-0.27,6.01,1.95,5.26,POS,1.69,1.02,1.52,73
DIST,4,AN0,C32D,2.84,0.00,1.95,1.56,AN1,189B,0.00,0.00,1.95,1.63,AN2,8A94,2.82,5.87,1.95,5.02,AN3,0323,-0.27,6.01,1.95,5.20,POS,1.64,1.00,1.48,66
DIST,4,AN0,C32D,2.84,0.00,1.95,1.55,AN1,189B,0.00,0.00,1.95,1.57,AN2,8A94,2.82,5.87,1.95,5.06,AN3,0323,-0.27,6.01,1.95,5.17,POS,1.54,0.94,1.47,61
DIST,4,AN0,C32D,2.84,0.00,1.95,1.54,AN1,189B,0.00,0.00,1.95,1.59,AN2,8A94,2.82,5.87,1.95,5.03,AN3,0323,-0.27,6.01,1.95,5.28,POS,1.52,0.92,1.46,63
DIST,4,AN0,C32D,2.84,0.00,1.95,1.52,AN1,189B,0.00,0.00,1.95,1.66,AN2,8A94,2.82,5.87,1.95,5.07,AN3,0323,-0.27,6.01,1.95,5.15,POS,1.52,0.93,1.47,69
DIST,4,AN0,C32D,2.84,0.00,1.95,1.56,AN1,189B,0.00,0.00,1.95,1.66,AN2,8A94,2.82,5.87,1.95,5.11,AN3,0323,-0.27,6.01,1.95,5.21,POS,1.51,0.93,1.43,64
DIST,4,AN0,C32D,2.84,0.00,1.95,1.51,AN1,189B,0.00,0.00,1.95,1.57,AN2,8A94,2.82,5.87,1.95,5.09,AN3,0323,-0.27,6.01,1.95,5.12,POS,1.49,0.94,1.50,74
DIST,4,AN0,C32D,2.84,0.00,1.95,1.51,AN1,189B,0.00,0.00,1.95,1.63,AN2,8A94,2.82,5.87,1.95,5.03,AN3,0323,-0.27,6.01,1.95,5.30,POS,1.50,0.92,1.47,61
DIST,4,AN0,C32D,2.84,0.00,1.95,1.49,AN1,189B,0.00,0.00,1.95,1.64,AN2,8A94,2.82,5.87,1.95,5.06,AN3,0323,-0.27,6.01,1.95,5.28,POS,1.48,0.89,1.48,66
DIST,4,AN0,C32D,2.84,0.00,1.95,1.48,AN1,189B,0.00,0.00,1.95,1.62,AN2,8A94,2.82,5.87,1.95,5.10,AN3,0323,-0.27,6.01,1.95,5.22,POS,1.49,0.90,1.48,66
DIST,4,AN0,C32D,2.84,0.00,1.95,1.44,AN1,189B,0.00,0.00,1.95,1.66,AN2,8A94,2.82,5.87,1.95,5.08,AN3,0323,-0.27,6.01,1.95,5.22,POS,1.50,0.90,1.49,66
DIST,4,AN0,C32D,2.84,0.00,1.95,1.49,AN1,189B,0.00,0.00,1.95,1.64,AN2,8A94,2.82,5.87,1.95,5.04,AN3,0323,-0.27,6.01,1.95,5.28,POS,1.50,0.89,1.47,63
DIST,4,AN0,C32D,2.84,0.00,1.95,1.43,AN1,189B,0.00,0.00,1.95,1.62,AN2,8A94,2.82,5.87,1.95,5.06,AN3,0323,-0.27,6.01,1.95,5.25,POS,1.47,0.85,1.46,62
DIST,4,AN0,C32D,2.84,0.00,1.95,1.52,AN1,189B,0.00,0.00,1.95,1.65,AN2,8A94,2.82,5.87,1.95,5.18,AN3,0323,-0.27,6.01,1.95,5.29,POS,1.47,0.85,1.41,60
DIST,4,AN0,C32D,2.84,0.00,1.95,1.55,AN1,189B,0.00,0.00,1.95,1.63,AN2,8A94,2.82,5.87,1.95,5.10,AN3,0323,-0.27,6.01,1.95,5.31,POS,1.47,0.86,1.51,71
DIST,4,AN0,C32D,2.84,0.00,1.95,1.53,AN1,189B,0.00,0.00,1.95,1.61,AN2,8A94,2.82,5.87,1.95,5.09,AN3,0323,-0.27,6.01,1.95,5.29,POS,1.46,0.85,1.49,64
DIST,4,AN0,C32D,2.84,0.00,1.95,1.43,AN1,189B,0.00,0.00,1.95,1.63,AN2,8A94,2.82,5.87,1.95,5.14,AN3,0323,-0.27,6.01,1.95,5.31,POS,1.43,0.80,1.46,58
DIST,4,AN0,C32D,2.84,0.00,1.95,1.42,AN1,189B,0.00,0.00,1.95,1.68,AN2,8A94,2.82,5.87,1.95,5.14,AN3,0323,-0.27,6.01,1.95,5.26,POS,1.47,0.82,1.46,64
DIST,4,AN0,C32D,2.84,0.00,1.95,1.41,AN1,189B,0.00,0.00,1.95,1.67,AN2,8A94,2.82,5.87,1.95,5.15,AN3,0323,-0.27,6.01,1.95,5.27,POS,1.49,0.84,1.47,63
DIST,3,AN0,C32D,2.84,0.00,1.95,1.49,AN1,8A94,2.82,5.87,1.95,5.14,AN2,0323,-0.27,6.01,1.95,5.23,POS,1.42,0.80,1.52,84
DIST,4,AN0,C32D,2.84,0.00,1.95,1.50,AN1,189B,0.00,0.00,1.95,1.64,AN2,8A94,2.82,5.87,1.95,5.16,AN3,0323,-0.27,6.01,1.95,5.29,POS,1.44,0.81,1.47,60
DIST,4,AN0,C32D,2.84,0.00,1.95,1.47,AN1,189B,0.00,0.00,1.95,1.69,AN2,8A94,2.82,5.87,1.95,5.11,AN3,0323,-0.27,6.01,1.95,5.33,POS,1.44,0.80,1.48,63
DIST,4,AN0,C32D,2.84,0.00,1.95,1.51,AN1,189B,0.00,0.00,1.95,1.67,AN2,8A94,2.82,5.87,1.95,5.17,AN3,0323,-0.27,6.01,1.95,5.27,POS,1.46,0.82,1.44,61
DIST,4,AN0,C32D,2.84,0.00,1.95,1.51,AN1,189B,0.00,0.00,1.95,1.63,AN2,8A94,2.82,5.87,1.95,5.07,AN3,0323,-0.27,6.01,1.95,5.27,POS,1.44,0.82,1.47,68
DIST,4,AN0,C32D,2.84,0.00,1.95,1.49,AN1,189B,0.00,0.00,1.95,1.64,AN2,8A94,2.82,5.87,1.95,5.05,AN3,0323,-0.27,6.01,1.95,5.26,POS,1.43,0.82,1.50,68
DIST,4,AN0,C32D,2.84,0.00,1.95,1.60,AN1,189B,0.00,0.00,1.95,1.62,AN2,8A94,2.82,5.87,1.95,5.02,AN3,0323,-0.27,6.01,1.95,5.19,POS,1.41,0.84,1.50,69
DIST,4,AN0,189B,0.00,0.00,1.95,1.68,AN1,C32D,2.84,0.00,1.95,1.61,AN2,8A94,2.82,5.87,1.95,5.03,AN3,0323,-0.27,6.01,1.95,5.16,POS,1.42,0.87,1.45,65
DIST,4,AN0,C32D,2.84,0.00,1.95,1.55,AN1,189B,0.00,0.00,1.95,1.71,AN2,8A94,2.82,5.87,1.95,5.02,AN3,0323,-0.27,6.01,1.95,5.12,POS,1.45,0.91,1.45,69
DIST,4,AN0,C32D,2.84,0.00,1.95,1.66,AN1,189B,0.00,0.00,1.95,1.72,AN2,8A94,2.82,5.87,1.95,4.97,AN3,0323,-0.27,6.01,1.95,5.10,POS,1.45,0.95,1.40,67
DIST,4,AN0,C32D,2.84,0.00,1.95,1.61,AN1,189B,0.00,0.00,1.95,1.73,AN2,8A94,2.82,5.87,1.95,4.97,AN3,0323,-0.27,6.01,1.95,5.13,POS,1.42,0.94,1.45,72
DIST,4,AN0,C32D,2.84,0.00,1.95,1.52,AN1,189B,0.00,0.00,1.95,1.75,AN2,8A94,2.82,5.87,1.95,5.13,AN3,0323,-0.27,6.01,1.95,5.19,POS,1.46,0.95,1.42,64
DIST,4,AN0,C32D,2.84,0.00,1.95,1.55,AN1,189B,0.00,0.00,1.95,1.73,AN2,8A94,2.82,5.87,1.95,5.03,AN3,0323,-0.27,6.01,1.95,5.26,POS,1.45,0.93,1.41,63
DIST,4,AN0,C32D,2.84,0.00,1.95,1.53,AN1,189B,0.00,0.00,1.95,1.70,AN2,8A94,2.82,5.87,1.95,5.05,AN3,0323,-0.27,6.01,1.95,5.17,POS,1.47,0.94,1.40,66
DIST,4,AN0,C32D,2.84,0.00,1.95,1.53,AN1,189B,0.00,0.00,1.95,1.70,AN2,8A94,2.82,5.87,1.95,5.06,AN3,0323,-0.27,6.01,1.95,5.20,POS,1.49,0.95,1.39,65
DIST,4,AN0,C32D,2.84,0.00,1.95,1.54,AN1,189B,0.00,0.00,1.95,1.71,AN2,8A94,2.82,5.87,1.95,5.07,AN3,0323,-0.27,6.01,1.95,5.15,POS,1.50,0.96,1.39,67
DIST,4,AN0,C32D,2.84,0.00,1.95,1.51,AN1,189B,0.00,0.00,1.95,1.69,AN2,8A94,2.82,5.87,1.95,5.03,AN3,0323,-0.27,6.01,1.95,5.18,POS,1.51,0.96,1.40,66
DIST,4,AN0,C32D,2.84,0.00,1.95,1.54,AN1,189B,0.00,0.00,1.95,1.67,AN2,8A94,2.82,5.87,1.95,5.05,AN3,0323,-0.27,6.01,1.95,5.22,POS,1.47,0.93,1.46,70
DIST,4,AN0,C32D,2.84,0.00,1.95,1.55,AN1,189B,0.00,0.00,1.95,1.66,AN2,8A94,2.82,5.87,1.95,5.09,AN3,0323,-0.27,6.01,1.95,5.18,POS,1.47,0.94,1.45,66
DIST,4,AN0,C32D,2.84,0.00,1.95,1.54,AN1,189B,0.00,0.00,1.95,1.68,AN2,8A94,2.82,5.87,1.95,5.15,AN3,0323,-0.27,6.01,1.95,5.19,POS,1.48,0.94,1.42,65
DIST,4,AN0,C32D,2.84,0.00,1.95,1.63,AN1,189B,0.00,0.00,1.95,1.62,AN2,8A94,2.82,5.87,1.95,5.16,AN3,0323,-0.27,6.01,1.95,5.32,POS,1.46,0.93,1.45,69
DIST,4,AN0,C32D,2.84,0.00,1.95,1.69,AN1,189B,0.00,0.00,1.95,1.57,AN2,8A94,2.82,5.87,1.95,5.16,AN3,0323,-0.27,6.01,1.95,5.26,POS,1.43,0.92,1.48,72
DIST,4,AN0,C32D,2.84,0.00,1.95,1.73,AN1,189B,0.00,0.00,1.95,1.46,AN2,8A94,2.82,5.87,1.95,5.21,AN3,0323,-0.27,6.01,1.95,5.08,POS,1.39,0.94,1.48,69
DIST,4,AN0,189B,0.00,0.00,1.95,1.48,AN1,C32D,2.84,0.00,1.95,1.84,AN2,8A94,2.82,5.87,1.95,5.18,AN3,0323,-0.27,6.01,1.95,5.12,POS,1.34,0.95,1.53,72
DIST,4,AN0,189B,0.00,0.00,1.95,1.40,AN1,C32D,2.84,0.00,1.95,1.94,AN2,8A94,2.82,5.87,1.95,5.22,AN3,0323,-0.27,6.01,1.95,4.97,POS,1.27,0.98,1.49,65
DIST,4,AN0,189B,0.00,0.00,1.95,1.35,AN1,C32D,2.84,0.00,1.95,2.11,AN2,8A94,2.82,5.87,1.95,5.21,AN3,0323,-0.27,6.01,1.95,4.96,POS,1.19,1.01,1.57,68
DIST,4,AN0,189B,0.00,0.00,1.95,1.27,AN1,C32D,2.84,0.00,1.95,2.19,AN2,8A94,2.82,5.87,1.95,5.21,AN3,0323,-0.27,6.01,1.95,4.85,POS,1.09,1.03,1.52,60
DIST,4,AN0,189B,0.00,0.00,1.95,1.27,AN1,C32D,2.84,0.00,1.95,2.36,AN2,8A94,2.82,5.87,1.95,5.24,AN3,0323,-0.27,6.01,1.95,4.82,POS,0.99,1.07,1.62,75
DIST,4,AN0,189B,0.00,0.00,1.95,1.15,AN1,C32D,2.84,0.00,1.95,2.50,AN2,0323,-0.27,6.01,1.95,4.76,AN3,8A94,2.82,5.87,1.95,5.25,POS,0.79,1.03,1.52,66
DIST,4,AN0,189B,0.00,0.00,1.95,1.14,AN1,C32D,2.84,0.00,1.95,2.63,AN2,0323,-0.27,6.01,1.95,4.70,AN3,8A94,2.82,5.87,1.95,5.24,POS,0.63,1.04,1.51,82
DIST,4,AN0,189B,0.00,0.00,1.95,1.22,AN1,C32D,2.84,0.00,1.95,2.78,AN2,0323,-0.27,6.01,1.95,4.65,AN3,8A94,2.82,5.87,1.95,5.17,POS,0.53,1.10,1.59,81
DIST,4,AN0,189B,0.00,0.00,1.95,1.26,AN1,C32D,2.84,0.00,1.95,2.96,AN2,0323,-0.27,6.01,1.95,4.49,AN3,8A94,2.82,5.87,1.95,5.21,POS,0.36,1.13,1.58,71
DIST,4,AN0,189B,0.00,0.00,1.95,1.40,AN1,C32D,2.84,0.00,1.95,2.99,AN2,0323,-0.27,6.01,1.95,4.36,AN3,8A94,2.82,5.87,1.95,5.10,POS,0.24,1.19,1.61,74
DIST,4,AN0,189B,0.00,0.00,1.95,1.47,AN1,C32D,2.84,0.00,1.95,3.11,AN2,0323,-0.27,6.01,1.95,4.42,AN3,8A94,2.82,5.87,1.95,5.22,POS,0.19,1.27,1.59,80
DIST,4,AN0,189B,0.00,0.00,1.95,1.48,AN1,C32D,2.84,0.00,1.95,3.24,AN2,0323,-0.27,6.01,1.95,4.37,AN3,8A94,2.82,5.87,1.95,5.21,POS,0.12,1.34,1.62,77
DIST,4,AN0,189B,0.00,0.00,1.95,1.45,AN1,C32D,2.84,0.00,1.95,3.29,AN2,0323,-0.27,6.01,1.95,4.33,AN3,8A94,2.82,5.87,1.95,5.19,POS,0.02,1.39,1.55,61
DIST,4,AN0,189B,0.00,0.00,1.95,1.53,AN1,C32D,2.84,0.00,1.95,3.33,AN2,0323,-0.27,6.01,1.95,4.26,AN3,8A94,2.82,5.87,1.95,5.19,POS,-0.09,1.41,1.53,65
DIST,4,AN0,189B,0.00,0.00,1.95,1.55,AN1,0323,-0.27,6.01,1.95,4.27,AN2,8A94,2.82,5.87,1.95,5.21,AN3,C32D,2.84,0.00,1.95,3.38,POS,-0.16,1.46,1.47,64
DIST,4,AN0,189B,0.00,0.00,1.95,1.54,AN1,0323,-0.27,6.01,1.95,4.22,AN2,8A94,2.82,5.87,1.95,5.17,AN3,C32D,2.84,0.00,1.95,3.21,POS,-0.14,1.50,1.44,70
DIST,4,AN0,189B,0.00,0.00,1.95,1.51,AN1,0323,-0.27,6.01,1.95,4.19,AN2,8A94,2.82,5.87,1.95,5.18,AN3,C32D,2.84,0.00,1.95,3.31,POS,-0.16,1.54,1.46,69
DIST,4,AN0,189B,0.00,0.00,1.95,1.51,AN1,0323,-0.27,6.01,1.95,4.19,AN2,8A94,2.82,5.87,1.95,5.12,AN3,C32D,2.84,0.00,1.95,3.23,POS,-0.14,1.56,1.48,73
DIST,4,AN0,189B,0.00,0.00,1.95,1.54,AN1,0323,-0.27,6.01,1.95,4.18,AN2,8A94,2.82,5.87,1.95,5.10,AN3,C32D,2.84,0.00,1.95,3.24,POS,-0.13,1.59,1.47,72
DIST,3,AN0,0323,-0.27,6.01,1.95,4.16,AN1,8A94,2.82,5.87,1.95,4.94,AN2,C32D,2.84,0.00,1.95,3.30,POS,-0.13,1.62,1.40,80
DIST,4,AN0,189B,0.00,0.00,1.95,1.56,AN1,0323,-0.27,6.01,1.95,4.15,AN2,8A94,2.82,5.87,1.95,4.98,AN3,C32D,2.84,0.00,1.95,3.28,POS,-0.14,1.64,1.42,69
DIST,4,AN0,189B,0.00,0.00,1.95,1.59,AN1,0323,-0.27,6.01,1.95,4.17,AN2,8A94,2.82,5.87,1.95,4.93,AN3,C32D,2.84,0.00,1.95,3.34,POS,-0.14,1.65,1.40,68
DIST,4,AN0,189B,0.00,0.00,1.95,1.59,AN1,0323,-0.27,6.01,1.95,4.14,AN2,8A94,2.82,5.87,1.95,4.98,AN3,C32D,2.84,0.00,1.95,3.27,POS,-0.14,1.66,1.41,68
DIST,4,AN0,189B,0.00,0.00,1.95,1.54,AN1,0323,-0.27,6.01,1.95,4.14,AN2,8A94,2.82,5.87,1.95,4.99,AN3,C32D,2.84,0.00,1.95,3.30,POS,-0.16,1.67,1.45,69
DIST,4,AN0,189B,0.00,0.00,1.95,1.55,AN1,0323,-0.27,6.01,1.95,4.20,AN2,8A94,2.82,5.87,1.95,4.98,AN3,C32D,2.84,0.00,1.95,3.26,POS,-0.16,1.66,1.43,68
DIST,4,AN0,189B,0.00,0.00,1.95,1.58,AN1,0323,-0.27,6.01,1.95,4.20,AN2,8A94,2.82,5.87,1.95,5.01,AN3,C32D,2.84,0.00,1.95,3.29,POS,-0.16,1.66,1.41,66
DIST,4,AN0,189B,0.00,0.00,1.95,1.56,AN1,0323,-0.27,6.01,1.95,4.18,AN2,8A94,2.82,5.87,1.95,5.09,AN3,C32D,2.84,0.00,1.95,3.22,POS,-0.14,1.66,1.41,72
DIST,4,AN0,189B,0.00,0.00,1.95,1.51,AN1,0323,-0.27,6.01,1.95,4.23,AN2,8A94,2.82,5.87,1.95,5.08,AN3,C32D,2.84,0.00,1.95,3.26,POS,-0.16,1.65,1.41,65
DIST,4,AN0,189B,0.00,0.00,1.95,1.55,AN1,0323,-0.27,6.01,1.95,4.18,AN2,8A94,2.82,5.87,1.95,5.14,AN3,C32D,2.84,0.00,1.95,3.19,POS,-0.13,1.65,1.42,73
DIST,4,AN0,189B,0.00,0.00,1.95,1.54,AN1,0323,-0.27,6.01,1.95,4.25,AN2,8A94,2.82,5.87,1.95,5.05,AN3,C32D,2.84,0.00,1.95,3.32,POS,-0.15,1.64,1.39,63
DIST,4,AN0,189B,0.00,0.00,1.95,1.47,AN1,0323,-0.27,6.01,1.95,4.21,AN2,8A94,2.82,5.87,1.95,5.01,AN3,C32D,2.84,0.00,1.95,3.25,POS,-0.16,1.64,1.44,71
DIST,4,AN0,189B,0.00,0.00,1.95,1.49,AN1,0323,-0.27,6.01,1.95,4.23,AN2,8A94,2.82,5.87,1.95,4.99,AN3,C32D,2.84,0.00,1.95,3.27,POS,-0.16,1.63,1.44,69
DIST,4,AN0,189B,0.00,0.00,1.95,1.46,AN1,0323,-0.27,6.01,1.95,4.27,AN2,8A94,2.82,5.87,1.95,5.04,AN3,C32D,2.84,0.00,1.95,3.30,POS,-0.17,1.62,1.44,67
DIST,4,AN0,189B,0.00,0.00,1.95,1.50,AN1,0323,-0.27,6.01,1.95,4.23,AN2,8A94,2.82,5.87,1.95,5.02,AN3,C32D,2.84,0.00,1.95,3.26,POS,-0.17,1.62,1.44,68
DIST,4,AN0,189B,0.00,0.00,1.95,1.47,AN1,0323,-0.27,6.01,1.95,4.25,AN2,8A94,2.82,5.87,1.95,5.06,AN3,C32D,2.84,0.00,1.95,3.14,POS,-0.18,1.58,1.45,66
DIST,4,AN0,189B,0.00,0.00,1.95,1.44,AN1,0323,-0.27,6.01,1.95,4.23,AN2,8A94,2.82,5.87,1.95,5.12,AN3,C32D,2.84,0.00,1.95,3.28,POS,-0.20,1.58,1.49,67
DIST,4,AN0,189B,0.00,0.00,1.95,1.49,AN1,0323,-0.27,6.01,1.95,4.26,AN2,8A94,2.82,5.87,1.95,5.10,AN3,C32D,2.84,0.00,1.95,3.20,POS,-0.19,1.58,1.46,66
DIST,4,AN0,189B,0.00,0.00,1.95,1.47,AN1,0323,-0.27,6.01,1.95,4.29,AN2,8A94,2.82,5.87,1.95,5.08,AN3,C32D,2.84,0.00,1.95,3.17,POS,-0.18,1.58,1.44,68
DIST,4,AN0,189B,0.00,0.00,1.95,1.44,AN1,0323,-0.27,6.01,1.95,4.28,AN2,8A94,2.82,5.87,1.95,5.05,AN3,C32D,2.84,0.00,1.95,3.22,POS,-0.17,1.58,1.44,70
DIST,4,AN0,189B,0.00,0.00,1.95,1.41,AN1,0323,-0.27,6.01,1.95,4.26,AN2,8A94,2.82,5.87,1.95,5.16,AN3,C32D,2.84,0.00,1.95,3.24,POS,-0.22,1.55,1.54,63
DIST,4,AN0,189B,0.00,0.00,1.95,1.41,AN1,0323,-0.27,6.01,1.95,4.30,AN2,8A94,2.82,5.87,1.95,5.11,AN3,C32D,2.84,0.00,1.95,3.26,POS,-0.22,1.54,1.53,67
DIST,4,AN0,189B,0.00,0.00,1.95,1.44,AN1,0323,-0.27,6.01,1.95,4.29,AN2,8A94,2.82,5.87,1.95,5.12,AN3,C32D,2.84,0.00,1.95,3.23,POS,-0.21,1.54,1.51,67
DIST,4,AN0,189B,0.00,0.00,1.95,1.40,AN1,0323,-0.27,6.01,1.95,4.27,AN2,8A94,2.82,5.87,1.95,5.12,AN3,C32D,2.84,0.00,1.95,3.22,POS,-0.21,1.54,1.54,70
DIST,4,AN0,189B,0.00,0.00,1.95,1.38,AN1,0323,-0.27,6.01,1.95,4.29,AN2,8A94,2.82,5.87,1.95,5.12,AN3,C32D,2.84,0.00,1.95,3.21,POS,-0.21,1.54,1.56,70
DIST,4,AN0,189B,0.00,0.00,1.95,1.41,AN1,0323,-0.27,6.01,1.95,4.27,AN2,8A94,2.82,5.87,1.95,5.18,AN3,C32D,2.84,0.00,1.95,3.27,POS,-0.26,1.52,1.59,63
DIST,4,AN0,189B,0.00,0.00,1.95,1.41,AN1,0323,-0.27,6.01,1.95,4.25,AN2,8A94,2.82,5.87,1.95,5.06,AN3,C32D,2.84,0.00,1.95,3.22,POS,-0.24,1.53,1.61,72
DIST,4,AN0,189B,0.00,0.00,1.95,1.45,AN1,0323,-0.27,6.01,1.95,4.30,AN2,8A94,2.82,5.87,1.95,5.06,AN3,C32D,2.84,0.00,1.95,3.22,POS,-0.22,1.54,1.56,68
DIST,4,AN0,189B,0.00,0.00,1.95,1.42,AN1,0323,-0.27,6.01,1.95,4.29,AN2,8A94,2.82,5.87,1.95,5.11,AN3,C32D,2.84,0.00,1.95,3.26,POS,-0.22,1.54,1.55,67
DIST,4,AN0,189B,0.00,0.00,1.95,1.43,AN1,0323,-0.27,6.01,1.95,4.27,AN2,8A94,2.82,5.87,1.95,5.07,AN3,C32D,2.84,0.00,1.95,3.18,POS,-0.20,1.54,1.54,71
DIST,4,AN0,189B,0.00,0.00,1.95,1.48,AN1,0323,-0.27,6.01,1.95,4.24,AN2,8A94,2.82,5.87,1.95,5.02,AN3,C32D,2.84,0.00,1.95,3.13,POS,-0.17,1.56,1.51,72
DIST,4,AN0,189B,0.00,0.00,1.95,1.52,AN1,0323,-0.27,6.01,1.95,4.23,AN2,8A94,2.82,5.87,1.95,5.06,AN3,C32D,2.84,0.00,1.95,3.21,POS,-0.17,1.57,1.48,67
DIST,4,AN0,189B,0.00,0.00,1.95,1.47,AN1,0323,-0.27,6.01,1.95,4.22,AN2,8A94,2.82,5.87,1.95,5.04,AN3,C32D,2.84,0.00,1.95,3.15,POS,-0.18,1.56,1.50,68
DIST,4,AN0,189B,0.00,0.00,1.95,1.45,AN1,0323,-0.27,6.01,1.95,4.22,AN2,8A94,2.82,5.87,1.95,5.04,AN3,C32D,2.84,0.00,1.95,3.18,POS,-0.18,1.57,1.52,72
DIST,4,AN0,189B,0.00,0.00,1.95,1.49,AN1,0323,-0.27,6.01,1.95,4.28,AN2,8A94,2.82,5.87,1.95,5.09,AN3,C32D,2.84,0.00,1.95,3.15,POS,-0.19,1.54,1.49,64
DIST,4,AN0,189B,0.00,0.00,1.95,1.46,AN1,0323,-0.27,6.01,1.95,4.23,AN2,8A94,2.82,5.87,1.95,5.03,AN3,C32D,2.84,0.00,1.95,3.20,POS,-0.18,1.56,1.50,71
DIST,4,AN0,189B,0.00,0.00,1.95,1.44,AN1,0323,-0.27,6.01,1.95,4.22,AN2,8A94,2.82,5.87,1.95,5.07,AN3,C32D,2.84,0.00,1.95,3.20,POS,-0.18,1.57,1.54,71
DIST,4,AN0,189B,0.00,0.00,1.95,1.49,AN1,0323,-0.27,6.01,1.95,4.23,AN2,8A94,2.82,5.87,1.95,5.10,AN3,C32D,2.84,0.00,1.95,3.16,POS,-0.15,1.58,1.52,75
DIST,4,AN0,189B,0.00,0.00,1.95,1.46,AN1,0323,-0.27,6.01,1.95,4.23,AN2,8A94,2.82,5.87,1.95,5.03,AN3,C32D,2.84,0.00,1.95,3.17,POS,-0.14,1.59,1.52,72
DIST,4,AN0,189B,0.00,0.00,1.95,1.48,AN1,0323,-0.27,6.01,1.95,4.27,AN2,8A94,2.82,5.87,1.95,4.99,AN3,C32D,2.84,0.00,1.95,3.10,POS,-0.11,1.59,1.48,73
DIST,4,AN0,189B,0.00,0.00,1.95,1.50,AN1,0323,-0.27,6.01,1.95,4.22,AN2,8A94,2.82,5.87,1.95,4.99,AN3,C32D,2.84,0.00,1.95,3.19,POS,-0.11,1.59,1.51,74
DIST,4,AN0,189B,0.00,0.00,1.95,1.53,AN1,0323,-0.27,6.01,1.95,4.22,AN2,8A94,2.82,5.87,1.95,4.97,AN3,C32D,2.84,0.00,1.95,3.21,POS,-0.10,1.60,1.48,70
DIST,4,AN0,189B,0.00,0.00,1.95,1.55,AN1,0323,-0.27,6.01,1.95,4.23,AN2,8A94,2.82,5.87,1.95,4.98,AN3,C32D,2.84,0.00,1.95,3.24,POS,-0.10,1.61,1.44,68
DIST,4,AN0,189B,0.00,0.00,1.95,1.55,AN1,0323,-0.27,6.01,1.95,4.23,AN2,8A94,2.82,5.87,1.95,4.98,AN3,C32D,2.84,0.00,1.95,3.18,POS,-0.10,1.61,1.41,69
DIST,4,AN0,189B,0.00,0.00,1.95,1.56,AN1,0323,-0.27,6.01,1.95,4.18,AN2,8A94,2.82,5.87,1.95,4.98,AN3,C32D,2.84,0.00,1.95,3.13,POS,-0.11,1.60,1.43,69
DIST,4,AN0,189B,0.00,0.00,1.95,1.53,AN1,0323,-0.27,6.01,1.95,4.22,AN2,8A94,2.82,5.87,1.95,4.96,AN3,C32D,2.84,0.00,1.95,3.23,POS,-0.11,1.61,1.42,69
DIST,4,AN0,189B,0.00,0.00,1.95,1.57,AN1,0323,-0.27,6.01,1.95,4.24,AN2,8A94,2.82,5.87,1.95,4.90,AN3,C32D,2.84,0.00,1.95,3.22,POS,-0.06,1.61,1.38,74
DIST,4,AN0,189B,0.00,0.00,1.95,1.61,AN1,0323,-0.27,6.01,1.95,4.22,AN2,8A94,2.82,5.87,1.95,4.97,AN3,C32D,2.84,0.00,1.95,3.29,POS,-0.06,1.63,1.49,79
DIST,4,AN0,189B,0.00,0.00,1.95,1.57,AN1,0323,-0.27,6.01,1.95,4.19,AN2,8A94,2.82,5.87,1.95,4.95,AN3,C32D,2.84,0.00,1.95,3.28,POS,-0.08,1.64,1.45,67
DIST,4,AN0,189B,0.00,0.00,1.95,1.58,AN1,0323,-0.27,6.01,1.95,4.17,AN2,8A94,2.82,5.87,1.95,4.94,AN3,C32D,2.84,0.00,1.95,3.23,POS,-0.09,1.65,1.44,71
DIST,4,AN0,189B,0.00,0.00,1.95,1.62,AN1,0323,-0.27,6.01,1.95,4.17,AN2,8A94,2.82,5.87,1.95,4.88,AN3,C32D,2.84,0.00,1.95,3.32,POS,-0.06,1.66,1.40,72
DIST,4,AN0,189B,0.00,0.00,1.95,1.63,AN1,0323,-0.27,6.01,1.95,4.08,AN2,8A94,2.82,5.87,1.95,4.88,AN3,C32D,2.84,0.00,1.95,3.29,POS,-0.08,1.69,1.42,71
DIST,4,AN0,189B,0.00,0.00,1.95,1.67,AN1,0323,-0.27,6.01,1.95,4.08,AN2,8A94,2.82,5.87,1.95,4.85,AN3,C32D,2.84,0.00,1.95,3.23,POS,-0.07,1.71,1.40,71
DIST,4,AN0,189B,0.00,0.00,1.95,1.74,AN1,0323,-0.27,6.01,1.95,4.03,AN2,8A94,2.82,5.87,1.95,4.77,AN3,C32D,2.84,0.00,1.95,3.27,POS,-0.06,1.74,1.38,71
DIST,4,AN0,189B,0.00,0.00,1.95,1.75,AN1,0323,-0.27,6.01,1.95,4.00,AN2,8A94,2.82,5.87,1.95,4.75,AN3,C32D,2.84,0.00,1.95,3.23,POS,-0.05,1.77,1.40,76
DIST,4,AN0,189B,0.00,0.00,1.95,1.79,AN1,0323,-0.27,6.01,1.95,4.02,AN2,8A94,2.82,5.87,1.95,4.66,AN3,C32D,2.84,0.00,1.95,3.16,POS,0.00,1.79,1.37,76
DIST,4,AN0,189B,0.00,0.00,1.95,1.86,AN1,C32D,2.84,0.00,1.95,3.01,AN2,0323,-0.27,6.01,1.95,3.99,AN3,8A94,2.82,5.87,1.95,4.53,POS,0.09,1.82,1.37,76
DIST,4,AN0,189B,0.00,0.00,1.95,1.86,AN1,C32D,2.84,0.00,1.95,2.96,AN2,0323,-0.27,6.01,1.95,3.97,AN3,8A94,2.82,5.87,1.95,4.47,POS,0.16,1.84,1.40,76
DIST,4,AN0,189B,0.00,0.00,1.95,1.96,AN1,C32D,2.84,0.00,1.95,2.83,AN2,0323,-0.27,6.01,1.95,3.95,AN3,8A94,2.82,5.87,1.95,4.40,POS,0.24,1.85,1.35,76
DIST,4,AN0,189B,0.00,0.00,1.95,2.11,AN1,C32D,2.84,0.00,1.95,2.85,AN2,0323,-0.27,6.01,1.95,3.90,AN3,8A94,2.82,5.87,1.95,4.13,POS,0.36,1.91,1.36,80
DIST,4,AN0,189B,0.00,0.00,1.95,2.23,AN1,C32D,2.84,0.00,1.95,2.88,AN2,0323,-0.27,6.01,1.95,3.87,AN3,8A94,2.82,5.87,1.95,4.02,POS,0.48,1.98,1.35,83
DIST,4,AN0,189B,0.00,0.00,1.95,2.37,AN1,C32D,2.84,0.00,1.95,2.87,AN2,0323,-0.27,6.01,1.95,3.77,AN3,8A94,2.82,5.87,1.95,3.96,POS,0.59,2.05,1.34,84
DIST,4,AN0,189B,0.00,0.00,1.95,2.50,AN1,C32D,2.84,0.00,1.95,2.85,AN2,0323,-0.27,6.01,1.95,3.72,AN3,8A94,2.82,5.87,1.95,3.83,POS,0.69,2.12,1.34,88
DIST,4,AN0,189B,0.00,0.00,1.95,2.59,AN1,C32D,2.84,0.00,1.95,2.82,AN2,0323,-0.27,6.01,1.95,3.78,AN3,8A94,2.82,5.87,1.95,3.82,POS,0.80,2.17,1.31,87
DIST,4,AN0,189B,0.00,0.00,1.95,2.61,AN1,C32D,2.84,0.00,1.95,2.77,AN2,0323,-0.27,6.01,1.95,3.77,AN3,8A94,2.82,5.87,1.95,3.62,POS,0.92,2.23,1.32,92
DIST,4,AN0,189B,0.00,0.00,1.95,2.74,AN1,C32D,2.84,0.00,1.95,2.82,AN2,0323,-0.27,6.01,1.95,3.72,AN3,8A94,2.82,5.87,1.95,3.57,POS,1.02,2.30,1.30,90
DIST,4,AN0,189B,0.00,0.00,1.95,2.82,AN1,C32D,2.84,0.00,1.95,2.79,AN2,0323,-0.27,6.01,1.95,3.62,AN3,8A94,2.82,5.87,1.95,3.49,POS,1.08,2.36,1.39,97
DIST,4,AN0,189B,0.00,0.00,1.95,2.87,AN1,C32D,2.84,0.00,1.95,2.82,AN2,0323,-0.27,6.01,1.95,3.59,AN3,8A94,2.82,5.87,1.95,3.44,POS,1.14,2.41,1.45,97
DIST,4,AN0,189B,0.00,0.00,1.95,2.90,AN1,C32D,2.84,0.00,1.95,2.86,AN2,8A94,2.82,5.87,1.95,3.45,AN3,0323,-0.27,6.01,1.95,3.64,POS,1.21,2.46,1.41,91
DIST,4,AN0,189B,0.00,0.00,1.95,2.93,AN1,C32D,2.84,0.00,1.95,2.82,AN2,8A94,2.82,5.87,1.95,3.39,AN3,0323,-0.27,6.01,1.95,3.67,POS,1.28,2.49,1.39,91
DIST,4,AN0,189B,0.00,0.00,1.95,2.89,AN1,C32D,2.84,0.00,1.95,2.76,AN2,8A94,2.82,5.87,1.95,3.40,AN3,0323,-0.27,6.01,1.95,3.58,POS,1.30,2.51,1.34,89
DIST,4,AN0,189B,0.00,0.00,1.95,2.86,AN1,C32D,2.84,0.00,1.95,2.76,AN2,8A94,2.82,5.87,1.95,3.45,AN3,0323,-0.27,6.01,1.95,3.68,POS,1.34,2.52,1.37,94
DIST,4,AN0,189B,0.00,0.00,1.95,2.89,AN1,C32D,2.84,0.00,1.95,2.73,AN2,8A94,2.82,5.87,1.95,3.50,AN3,0323,-0.27,6.01,1.95,3.65,POS,1.40,2.55,1.47,97
DIST,4,AN0,189B,0.00,0.00,1.95,2.90,AN1,C32D,2.84,0.00,1.95,2.71,AN2,8A94,2.82,5.87,1.95,3.49,AN3,0323,-0.27,6.01,1.95,3.70,POS,1.46,2.57,1.51,95
DIST,4,AN0,C32D,2.84,0.00,1.95,2.73,AN1,189B,0.00,0.00,1.95,2.90,AN2,8A94,2.82,5.87,1.95,3.46,AN3,0323,-0.27,6.01,1.95,3.64,POS,1.43,2.55,1.42,87
DIST,4,AN0,C32D,2.84,0.00,1.95,2.74,AN1,189B,0.00,0.00,1.95,2.84,AN2,8A94,2.82,5.87,1.95,3.43,AN3,0323,-0.27,6.01,1.95,3.70,POS,1.44,2.55,1.43,94
DIST,4,AN0,C32D,2.84,0.00,1.95,2.74,AN1,189B,0.00,0.00,1.95,2.83,AN2,8A94,2.82,5.87,1.95,3.47,AN3,0323,-0.27,6.01,1.95,3.65,POS,1.42,2.54,1.50,98
DIST,4,AN0,189B,0.00,0.00,1.95,2.83,AN1,C32D,2.84,0.00,1.95,2.78,AN2,8A94,2.82,5.87,1.95,3.48,AN3,0323,-0.27,6.01,1.95,3.74,POS,1.43,2.54,1.43,89
DIST,4,AN0,C32D,2.84,0.00,1.95,2.75,AN1,189B,0.00,0.00,1.95,2.83,AN2,8A94,2.82,5.87,1.95,3.52,AN3,0323,-0.27,6.01,1.95,3.67,POS,1.39,2.53,1.47,96
DIST,4,AN0,189B,0.00,0.00,1.95,2.88,AN1,C32D,2.84,0.00,1.95,2.74,AN2,8A94,2.82,5.87,1.95,3.49,AN3,0323,-0.27,6.01,1.95,3.66,POS,1.44,2.55,1.52,96
DIST,4,AN0,C32D,2.84,0.00,1.95,2.75,AN1,189B,0.00,0.00,1.95,2.87,AN2,8A94,2.82,5.87,1.95,3.49,AN3,0323,-0.27,6.01,1.95,3.71,POS,1.43,2.54,1.50,94
DIST,4,AN0,C32D,2.84,0.00,1.95,2.77,AN1,189B,0.00,0.00,1.95,2.83,AN2,8A94,2.82,5.87,1.95,3.51,AN3,0323,-0.27,6.01,1.95,3.67,POS,1.40,2.54,1.50,95
DIST,4,AN0,189B,0.00,0.00,1.95,2.83,AN1,C32D,2.84,0.00,1.95,2.74,AN2,8A94,2.82,5.87,1.95,3.49,AN3,0323,-0.27,6.01,1.95,3.66,POS,1.38,2.53,1.55,98
DIST,4,AN0,189B,0.00,0.00,1.95,2.84,AN1,C32D,2.84,0.00,1.95,2.77,AN2,8A94,2.82,5.87,1.95,3.49,AN3,0323,-0.27,6.01,1.95,3.66,POS,1.37,2.53,1.55,96
DIST,4,AN0,189B,0.00,0.00,1.95,2.87,AN1,C32D,2.84,0.00,1.95,2.78,AN2,8A94,2.82,5.87,1.95,3.47,AN3,0323,-0.27,6.01,1.95,3.67,POS,1.37,2.53,1.52,95
DIST,4,AN0,189B,0.00,0.00,1.95,2.90,AN1,C32D,2.84,0.00,1.95,2.76,AN2,8A94,2.82,5.87,1.95,3.48,AN3,0323,-0.27,6.01,1.95,3.66,POS,1.36,2.53,1.53,96
DIST,4,AN0,189B,0.00,0.00,1.95,2.85,AN1,C32D,2.84,0.00,1.95,2.77,AN2,8A94,2.82,5.87,1.95,3.49,AN3,0323,-0.27,6.01,1.95,3.69,POS,1.38,2.53,1.50,93
DIST,4,AN0,189B,0.00,0.00,1.95,2.89,AN1,C32D,2.84,0.00,1.95,2.74,AN2,8A94,2.82,5.87,1.95,3.51,AN3,0323,-0.27,6.01,1.95,3.68,POS,1.43,2.55,1.51,95
DIST,4,AN0,C32D,2.84,0.00,1.95,2.77,AN1,189B,0.00,0.00,1.95,2.84,AN2,8A94,2.82,5.87,1.95,3.54,AN3,0323,-0.27,6.01,1.95,3.74,POS,1.43,2.54,1.46,90
DIST,4,AN0,C32D,2.84,0.00,1.95,2.71,AN1,189B,0.00,0.00,1.95,2.89,AN2,8A94,2.82,5.87,1.95,3.51,AN3,0323,-0.27,6.01,1.95,3.77,POS,1.43,2.52,1.43,92
DIST,4,AN0,C32D,2.84,0.00,1.95,2.68,AN1,189B,0.00,0.00,1.95,2.94,AN2,8A94,2.82,5.87,1.95,3.51,AN3,0323,-0.27,6.01,1.95,3.66,POS,1.50,2.56,1.38,87
DIST,4,AN0,C32D,2.84,0.00,1.95,2.73,AN1,189B,0.00,0.00,1.95,2.87,AN2,8A94,2.82,5.87,1.95,3.55,AN3,0323,-0.27,6.01,1.95,3.72,POS,1.51,2.56,1.39,93
DIST,4,AN0,C32D,2.84,0.00,1.95,2.71,AN1,189B,0.00,0.00,1.95,2.94,AN2,8A94,2.82,5.87,1.95,3.38,AN3,0323,-0.27,6.01,1.95,3.72,POS,1.54,2.56,1.41,93
DIST,4,AN0,C32D,2.84,0.00,1.95,2.71,AN1,189B,0.00,0.00,1.95,2.92,AN2,8A94,2.82,5.87,1.95,3.44,AN3,0323,-0.27,6.01,1.95,3.71,POS,1.51,2.55,1.44,95
DIST,4,AN0,C32D,2.84,0.00,1.95,2.62,AN1,189B,0.00,0.00,1.95,2.97,AN2,8A94,2.82,5.87,1.95,3.49,AN3,0323,-0.27,6.01,1.95,3.79,POS,1.58,2.57,1.50,94
DIST,4,AN0,C32D,2.84,0.00,1.95,2.59,AN1,189B,0.00,0.00,1.95,2.95,AN2,8A94,2.82,5.87,1.95,3.46,AN3,0323,-0.27,6.01,1.95,3.81,POS,1.63,2.57,1.55,94
DIST,4,AN0,C32D,2.84,0.00,1.95,2.58,AN1,189B,0.00,0.00,1.95,2.95,AN2,8A94,2.82,5.87,1.95,3.50,AN3,0323,-0.27,6.01,1.95,3.91,POS,1.63,2.53,1.50,89
DIST,4,AN0,C32D,2.84,0.00,1.95,2.62,AN1,189B,0.00,0.00,1.95,3.01,AN2,8A94,2.82,5.87,1.95,3.41,AN3,0323,-0.27,6.01,1.95,3.88,POS,1.65,2.52,1.45,88
DIST,4,AN0,C32D,2.84,0.00,1.95,2.68,AN1,189B,0.00,0.00,1.95,3.10,AN2,8A94,2.82,5.87,1.95,3.31,AN3,0323,-0.27,6.01,1.95,3.79,POS,1.66,2.54,1.44,91
DIST,4,AN0,C32D,2.84,0.00,1.95,2.75,AN1,189B,0.00,0.00,1.95,3.24,AN2,8A94,2.82,5.87,1.95,3.17,AN3,0323,-0.27,6.01,1.95,3.75,POS,1.74,2.60,1.45,90
DIST,4,AN0,C32D,2.84,0.00,1.95,2.80,AN1,189B,0.00,0.00,1.95,3.39,AN2,8A94,2.82,5.87,1.95,3.04,AN3,0323,-0.27,6.01,1.95,3.68,POS,1.77,2.65,1.47,92
DIST,4,AN0,C32D,2.84,0.00,1.95,2.88,AN1,189B,0.00,0.00,1.95,3.49,AN2,8A94,2.82,5.87,1.95,2.93,AN3,0323,-0.27,6.01,1.95,3.73,POS,1.85,2.73,1.46,87
DIST,4,AN0,C32D,2.84,0.00,1.95,2.92,AN1,8A94,2.82,5.87,1.95,2.87,AN2,189B,0.00,0.00,1.95,3.64,AN3,0323,-0.27,6.01,1.95,3.78,POS,1.96,2.80,1.43,81
DIST,4,AN0,C32D,2.84,0.00,1.95,2.99,AN1,8A94,2.82,5.87,1.95,2.80,AN2,189B,0.00,0.00,1.95,3.78,AN3,0323,-0.27,6.01,1.95,3.68,POS,2.08,2.90,1.38,72
DIST,4,AN0,C32D,2.84,0.00,1.95,3.09,AN1,8A94,2.82,5.87,1.95,2.74,AN2,189B,0.00,0.00,1.95,3.89,AN3,0323,-0.27,6.01,1.95,3.76,POS,2.18,2.98,1.38,74
DIST,4,AN0,8A94,2.82,5.87,1.95,2.63,AN1,C32D,2.84,0.00,1.95,3.11,AN2,189B,0.00,0.00,1.95,4.00,AN3,0323,-0.27,6.01,1.95,3.79,POS,2.27,3.05,1.40,73
DIST,4,AN0,8A94,2.82,5.87,1.95,2.51,AN1,C32D,2.84,0.00,1.95,3.20,AN2,189B,0.00,0.00,1.95,4.10,AN3,0323,-0.27,6.01,1.95,3.85,POS,2.35,3.11,1.47,73
DIST,4,AN0,8A94,2.82,5.87,1.95,2.45,AN1,C32D,2.84,0.00,1.95,3.29,AN2,189B,0.00,0.00,1.95,4.24,AN3,0323,-0.27,6.01,1.95,3.78,POS,2.45,3.19,1.47,76
DIST,4,AN0,8A94,2.82,5.87,1.95,2.37,AN1,C32D,2.84,0.00,1.95,3.36,AN2,0323,-0.27,6.01,1.95,3.73,AN3,189B,0.00,0.00,1.95,4.37,POS,2.47,3.26,1.52,75
DIST,4,AN0,8A94,2.82,5.87,1.95,2.30,AN1,C32D,2.84,0.00,1.95,3.41,AN2,0323,-0.27,6.01,1.95,3.66,AN3,189B,0.00,0.00,1.95,4.48,POS,2.61,3.38,1.48,65
DIST,4,AN0,8A94,2.82,5.87,1.95,2.25,AN1,C32D,2.84,0.00,1.95,3.49,AN2,0323,-0.27,6.01,1.95,3.75,AN3,189B,0.00,0.00,1.95,4.46,POS,2.67,3.45,1.47,73
DIST,4,AN0,8A94,2.82,5.87,1.95,2.31,AN1,C32D,2.84,0.00,1.95,3.53,AN2,0323,-0.27,6.01,1.95,3.71,AN3,189B,0.00,0.00,1.95,4.55,POS,2.75,3.53,1.42,65
DIST,4,AN0,8A94,2.82,5.87,1.95,2.20,AN1,C32D,2.84,0.00,1.95,3.49,AN2,0323,-0.27,6.01,1.95,3.72,AN3,189B,0.00,0.00,1.95,4.49,POS,2.73,3.54,1.51,77
DIST,4,AN0,8A94,2.82,5.87,1.95,2.26,AN1,C32D,2.84,0.00,1.95,3.47,AN2,0323,-0.27,6.01,1.95,3.72,AN3,189B,0.00,0.00,1.95,4.49,POS,2.70,3.54,1.53,76
DIST,4,AN0,8A94,2.82,5.87,1.95,2.28,AN1,C32D,2.84,0.00,1.95,3.49,AN2,0323,-0.27,6.01,1.95,3.77,AN3,189B,0.00,0.00,1.95,4.45,POS,2.71,3.54,1.51,76
DIST,3,AN0,8A94,2.82,5.87,1.95,2.28,AN1,0323,-0.27,6.01,1.95,3.79,AN2,189B,0.00,0.00,1.95,4.50,POS,2.70,3.56,1.54,82
DIST,4,AN0,8A94,2.82,5.87,1.95,2.29,AN1,C32D,2.84,0.00,1.95,3.42,AN2,0323,-0.27,6.01,1.95,3.81,AN3,189B,0.00,0.00,1.95,4.51,POS,2.70,3.55,1.56,76
DIST,4,AN0,8A94,2.82,5.87,1.95,2.33,AN1,C32D,2.84,0.00,1.95,3.34,AN2,0323,-0.27,6.01,1.95,3.75,AN3,189B,0.00,0.00,1.95,4.57,POS,2.69,3.53,1.47,73
DIST,4,AN0,8A94,2.82,5.87,1.95,2.32,AN1,C32D,2.84,0.00,1.95,3.44,AN2,0323,-0.27,6.01,1.95,3.77,AN3,189B,0.00,0.00,1.95,4.57,POS,2.81,3.59,1.42,68
DIST,4,AN0,8A94,2.82,5.87,1.95,2.32,AN1,C32D,2.84,0.00,1.95,3.40,AN2,0323,-0.27,6.01,1.95,3.78,AN3,189B,0.00,0.00,1.95,4.52,POS,2.89,3.62,1.36,68
DIST,4,AN0,8A94,2.82,5.87,1.95,2.34,AN1,C32D,2.84,0.00,1.95,3.41,AN2,0323,-0.27,6.01,1.95,3.78,AN3,189B,0.00,0.00,1.95,4.45,POS,2.82,3.58,1.41,76
DIST,4,AN0,8A94,2.82,5.87,1.95,2.31,AN1,C32D,2.84,0.00,1.95,3.43,AN2,189B,0.00,0.00,1.95,4.43,AN3,0323,-0.27,6.01,1.95,3.81,POS,2.81,3.56,1.43,76
DIST,4,AN0,8A94,2.82,5.87,1.95,2.33,AN1,C32D,2.84,0.00,1.95,3.33,AN2,0323,-0.27,6.01,1.95,3.79,AN3,189B,0.00,0.00,1.95,4.50,POS,2.78,3.53,1.38,72
DIST,4,AN0,8A94,2.82,5.87,1.95,2.38,AN1,C32D,2.84,0.00,1.95,3.37,AN2,0323,-0.27,6.01,1.95,3.80,AN3,189B,0.00,0.00,1.95,4.53,POS,2.89,3.58,1.37,69
DIST,4,AN0,8A94,2.82,5.87,1.95,2.39,AN1,C32D,2.84,0.00,1.95,3.42,AN2,0323,-0.27,6.01,1.95,3.76,AN3,189B,0.00,0.00,1.95,4.38,POS,2.80,3.55,1.37,75
DIST,4,AN0,8A94,2.82,5.87,1.95,2.44,AN1,C32D,2.84,0.00,1.95,3.40,AN2,0323,-0.27,6.01,1.95,3.74,AN3,189B,0.00,0.00,1.95,4.34,POS,2.72,3.52,1.36,75
DIST,4,AN0,8A94,2.82,5.87,1.95,2.43,AN1,C32D,2.84,0.00,1.95,3.38,AN2,0323,-0.27,6.01,1.95,3.72,AN3,189B,0.00,0.00,1.95,4.41,POS,2.78,3.55,1.39,70
DIST,4,AN0,8A94,2.82,5.87,1.95,2.35,AN1,C32D,2.84,0.00,1.95,3.34,AN2,0323,-0.27,6.01,1.95,3.63,AN3,189B,0.00,0.00,1.95,4.32,POS,2.71,3.52,1.35,75
DIST,4,AN0,8A94,2.82,5.87,1.95,2.37,AN1,C32D,2.84,0.00,1.95,3.34,AN2,0323,-0.27,6.01,1.95,3.63,AN3,189B,0.00,0.00,1.95,4.33,POS,2.65,3.50,1.31,75
DIST,4,AN0,8A94,2.82,5.87,1.95,2.34,AN1,C32D,2.84,0.00,1.95,3.37,AN2,0323,-0.27,6.01,1.95,3.54,AN3,189B,0.00,0.00,1.95,4.34,POS,2.58,3.49,1.29,75
DIST,4,AN0,8A94,2.82,5.87,1.95,2.27,AN1,C32D,2.84,0.00,1.95,3.45,AN2,0323,-0.27,6.01,1.95,3.43,AN3,189B,0.00,0.00,1.95,4.23,POS,2.51,3.51,1.29,75
DIST,4,AN0,8A94,2.82,5.87,1.95,2.18,AN1,C32D,2.84,0.00,1.95,3.57,AN2,0323,-0.27,6.01,1.95,3.34,AN3,189B,0.00,0.00,1.95,4.35,POS,2.45,3.55,1.28,76
DIST,4,AN0,8A94,2.82,5.87,1.95,2.16,AN1,C32D,2.84,0.00,1.95,3.64,AN2,0323,-0.27,6.01,1.95,3.23,AN3,189B,0.00,0.00,1.95,4.40,POS,2.38,3.59,1.27,76
DIST,4,AN0,8A94,2.82,5.87,1.95,2.09,AN1,0323,-0.27,6.01,1.95,3.04,AN2,C32D,2.84,0.00,1.95,3.66,AN3,189B,0.00,0.00,1.95,4.33,POS,2.29,3.63,1.34,81
DIST,4,AN0,8A94,2.82,5.87,1.95,2.13,AN1,0323,-0.27,6.01,1.95,3.01,AN2,C32D,2.84,0.00,1.95,3.72,AN3,189B,0.00,0.00,1.95,4.22,POS,2.26,3.70,1.32,76
DIST,4,AN0,8A94,2.82,5.87,1.95,2.19,AN1,0323,-0.27,6.01,1.95,2.90,AN2,C32D,2.84,0.00,1.95,3.73,AN3,189B,0.00,0.00,1.95,4.21,POS,2.15,3.71,1.35,85
DIST,4,AN0,8A94,2.82,5.87,1.95,2.17,AN1,0323,-0.27,6.01,1.95,2.80,AN2,C32D,2.84,0.00,1.95,3.81,AN3,189B,0.00,0.00,1.95,4.17,POS,2.10,3.77,1.34,75
DIST,4,AN0,8A94,2.82,5.87,1.95,2.27,AN1,0323,-0.27,6.01,1.95,2.71,AN2,C32D,2.84,0.00,1.95,3.80,AN3,189B,0.00,0.00,1.95,4.13,POS,1.97,3.78,1.40,91
DIST,4,AN0,8A94,2.82,5.87,1.95,2.24,AN1,0323,-0.27,6.01,1.95,2.63,AN2,C32D,2.84,0.00,1.95,3.93,AN3,189B,0.00,0.00,1.95,4.15,POS,1.91,3.84,1.35,77
DIST,4,AN0,8A94,2.82,5.87,1.95,2.33,AN1,0323,-0.27,6.01,1.95,2.49,AN2,C32D,2.84,0.00,1.95,4.05,AN3,189B,0.00,0.00,1.95,4.10,POS,1.81,3.88,1.40,89
DIST,4,AN0,8A94,2.82,5.87,1.95,2.25,AN1,0323,-0.27,6.01,1.95,2.48,AN2,C32D,2.84,0.00,1.95,4.10,AN3,189B,0.00,0.00,1.95,4.11,POS,1.71,3.92,1.40,87
DIST,4,AN0,8A94,2.82,5.87,1.95,2.31,AN1,0323,-0.27,6.01,1.95,2.45,AN2,C32D,2.84,0.00,1.95,4.12,AN3,189B,0.00,0.00,1.95,4.12,POS,1.63,3.95,1.40,88
DIST,4,AN0,8A94,2.82,5.87,1.95,2.37,AN1,0323,-0.27,6.01,1.95,2.47,AN2,C32D,2.84,0.00,1.95,4.13,AN3,189B,0.00,0.00,1.95,4.04,POS,1.55,3.95,1.35,82
DIST,4,AN0,8A94,2.82,5.87,1.95,2.47,AN1,0323,-0.27,6.01,1.95,2.50,AN2,C32D,2.84,0.00,1.95,4.11,AN3,189B,0.00,0.00,1.95,4.10,POS,1.51,3.97,1.33,85
DIST,4,AN0,8A94,2.82,5.87,1.95,2.59,AN1,0323,-0.27,6.01,1.95,2.42,AN2,C32D,2.84,0.00,1.95,4.10,AN3,189B,0.00,0.00,1.95,4.04,POS,1.39,3.94,1.31,81
DIST,4,AN0,8A94,2.82,5.87,1.95,2.37,AN1,0323,-0.27,6.01,1.95,2.32,AN2,189B,0.00,0.00,1.95,4.00,AN3,C32D,2.84,0.00,1.95,4.08,POS,1.37,3.96,1.29,82
DIST,4,AN0,8A94,2.82,5.87,1.95,2.46,AN1,0323,-0.27,6.01,1.95,2.84,AN2,189B,0.00,0.00,1.95,4.12,AN3,C32D,2.84,0.00,1.95,4.03,POS,1.41,3.93,1.36,91
DIST,4,AN0,8A94,2.82,5.87,1.95,2.46,AN1,0323,-0.27,6.01,1.95,2.74,AN2,189B,0.00,0.00,1.95,4.12,AN3,C32D,2.84,0.00,1.95,4.11,POS,1.41,3.91,1.46,94
DIST,4,AN0,8A94,2.82,5.87,1.95,2.45,AN1,0323,-0.27,6.01,1.95,2.76,AN2,189B,0.00,0.00,1.95,4.05,AN3,C32D,2.84,0.00,1.95,4.07,POS,1.41,3.90,1.43,88
DIST,4,AN0,8A94,2.82,5.87,1.95,2.39,AN1,0323,-0.27,6.01,1.95,2.80,AN2,189B,0.00,0.00,1.95,4.07,AN3,C32D,2.84,0.00,1.95,4.11,POS,1.40,3.90,1.44,90
DIST,4,AN0,8A94,2.82,5.87,1.95,2.45,AN1,0323,-0.27,6.01,1.95,2.34,AN2,189B,0.00,0.00,1.95,4.04,AN3,C32D,2.84,0.00,1.95,4.15,POS,1.37,3.93,1.45,88
DIST,4,AN0,8A94,2.82,5.87,1.95,2.42,AN1,0323,-0.27,6.01,1.95,2.68,AN2,189B,0.00,0.00,1.95,4.08,AN3,C32D,2.84,0.00,1.95,4.11,POS,1.37,3.92,1.42,88
DIST,4,AN0,8A94,2.82,5.87,1.95,2.35,AN1,0323,-0.27,6.01,1.95,2.33,AN2,189B,0.00,0.00,1.95,4.08,AN3,C32D,2.84,0.00,1.95,4.15,POS,1.36,3.96,1.48,90
DIST,4,AN0,8A94,2.82,5.87,1.95,2.39,AN1,0323,-0.27,6.01,1.95,2.29,AN2,189B,0.00,0.00,1.95,4.05,AN3,C32D,2.84,0.00,1.95,4.13,POS,1.35,3.99,1.41,82
DIST,4,AN0,8A94,2.82,5.87,1.95,2.38,AN1,0323,-0.27,6.01,1.95,2.57,AN2,189B,0.00,0.00,1.95,4.14,AN3,C32D,2.84,0.00,1.95,4.10,POS,1.38,4.00,1.36,82
DIST,4,AN0,8A94,2.82,5.87,1.95,2.35,AN1,0323,-0.27,6.01,1.95,2.80,AN2,189B,0.00,0.00,1.95,4.10,AN3,C32D,2.84,0.00,1.95,4.14,POS,1.43,3.96,1.35,86
DIST,4,AN0,8A94,2.82,5.87,1.95,2.35,AN1,0323,-0.27,6.01,1.95,2.71,AN2,C32D,2.84,0.00,1.95,4.15,AN3,189B,0.00,0.00,1.95,4.13,POS,1.43,3.96,1.37,88
DIST,4,AN0,8A94,2.82,5.87,1.95,2.33,AN1,0323,-0.27,6.01,1.95,2.76,AN2,C32D,2.84,0.00,1.95,4.14,AN3,189B,0.00,0.00,1.95,4.09,POS,1.46,3.93,1.39,88
DIST,4,AN0,8A94,2.82,5.87,1.95,2.36,AN1,0323,-0.27,6.01,1.95,2.59,AN2,C32D,2.84,0.00,1.95,4.13,AN3,189B,0.00,0.00,1.95,4.10,POS,1.44,3.94,1.42,91
DIST,4,AN0,8A94,2.82,5.87,1.95,2.35,AN1,0323,-0.27,6.01,1.95,2.20,AN2,C32D,2.84,0.00,1.95,4.16,AN3,189B,0.00,0.00,1.95,4.08,POS,1.40,3.99,1.40,83
DIST,4,AN0,8A94,2.82,5.87,1.95,2.33,AN1,0323,-0.27,6.01,1.95,2.23,AN2,189B,0.00,0.00,1.95,4.13,AN3,C32D,2.84,0.00,1.95,4.19,POS,1.38,4.03,1.37,82
DIST,4,AN0,8A94,2.82,5.87,1.95,2.38,AN1,0323,-0.27,6.01,1.95,2.60,AN2,189B,0.00,0.00,1.95,4.13,AN3,C32D,2.84,0.00,1.95,4.14,POS,1.38,4.01,1.38,89
DIST,4,AN0,8A94,2.82,5.87,1.95,2.33,AN1,0323,-0.27,6.01,1.95,2.61,AN2,189B,0.00,0.00,1.95,4.04,AN3,C32D,2.84,0.00,1.95,4.17,POS,1.39,3.98,1.50,94
DIST,4,AN0,8A94,2.82,5.87,1.95,2.33,AN1,0323,-0.27,6.01,1.95,2.27,AN2,189B,0.00,0.00,1.95,4.10,AN3,C32D,2.84,0.00,1.95,4.18,POS,1.37,4.01,1.59,91
DIST,4,AN0,8A94,2.82,5.87,1.95,2.31,AN1,0323,-0.27,6.01,1.95,2.23,AN2,189B,0.00,0.00,1.95,4.08,AN3,C32D,2.84,0.00,1.95,4.15,POS,1.36,4.04,1.53,84
DIST,4,AN0,8A94,2.82,5.87,1.95,2.37,AN1,0323,-0.27,6.01,1.95,2.21,AN2,189B,0.00,0.00,1.95,4.16,AN3,C32D,2.84,0.00,1.95,4.22,POS,1.28,4.04,1.55,85
DIST,4,AN0,8A94,2.82,5.87,1.95,2.38,AN1,0323,-0.27,6.01,1.95,2.20,AN2,189B,0.00,0.00,1.95,4.20,AN3,C32D,2.84,0.00,1.95,4.15,POS,1.22,4.03,1.48,78
DIST,4,AN0,8A94,2.82,5.87,1.95,2.34,AN1,0323,-0.27,6.01,1.95,2.22,AN2,189B,0.00,0.00,1.95,4.15,AN3,C32D,2.84,0.00,1.95,4.12,POS,1.19,4.02,1.42,80
DIST,4,AN0,0323,-0.27,6.01,1.95,2.20,AN1,8A94,2.82,5.87,1.95,2.34,AN2,189B,0.00,0.00,1.95,4.09,AN3,C32D,2.84,0.00,1.95,4.15,POS,1.22,4.06,1.43,86
DIST,4,AN0,8A94,2.82,5.87,1.95,2.37,AN1,0323,-0.27,6.01,1.95,2.26,AN2,189B,0.00,0.00,1.95,4.06,AN3,C32D,2.84,0.00,1.95,4.17,POS,1.19,4.04,1.47,86
DIST,4,AN0,8A94,2.82,5.87,1.95,2.36,AN1,0323,-0.27,6.01,1.95,2.24,AN2,189B,0.00,0.00,1.95,4.08,AN3,C32D,2.84,0.00,1.95,4.13,POS,1.17,4.03,1.40,78
DIST,4,AN0,0323,-0.27,6.01,1.95,2.23,AN1,8A94,2.82,5.87,1.95,2.41,AN2,189B,0.00,0.00,1.95,4.09,AN3,C32D,2.84,0.00,1.95,4.16,POS,1.14,4.01,1.50,87
DIST,4,AN0,0323,-0.27,6.01,1.95,2.26,AN1,8A94,2.82,5.87,1.95,2.32,AN2,189B,0.00,0.00,1.95,4.10,AN3,C32D,2.84,0.00,1.95,4.20,POS,1.17,4.04,1.56,90
DIST,4,AN0,0323,-0.27,6.01,1.95,2.27,AN1,8A94,2.82,5.87,1.95,2.37,AN2,189B,0.00,0.00,1.95,4.06,AN3,C32D,2.84,0.00,1.95,4.18,POS,1.19,4.04,1.60,89
DIST,4,AN0,0323,-0.27,6.01,1.95,2.27,AN1,8A94,2.82,5.87,1.95,2.31,AN2,189B,0.00,0.00,1.95,4.10,AN3,C32D,2.84,0.00,1.95,4.10,POS,1.18,4.03,1.50,80
DIST,4,AN0,0323,-0.27,6.01,1.95,2.25,AN1,8A94,2.82,5.87,1.95,2.35,AN2,189B,0.00,0.00,1.95,4.09,AN3,C32D,2.84,0.00,1.95,4.07,POS,1.16,4.01,1.46,82
DIST,4,AN0,0323,-0.27,6.01,1.95,2.25,AN1,8A94,2.82,5.87,1.95,2.36,AN2,189B,0.00,0.00,1.95,4.11,AN3,C32D,2.84,0.00,1.95,4.11,POS,1.14,4.01,1.40,79
DIST,3,AN0,0323,-0.27,6.01,1.95,2.22,AN1,189B,0.00,0.00,1.95,4.07,AN2,C32D,2.84,0.00,1.95,4.12,POS,1.19,4.04,1.42,89
