DIST,4,AN0,8A94,2.82,5.87,1.95,1.68,AN1,0323,-0.27,6.01,1.95,2.47,AN2,C32D,2.84,0.00,1.95,5.53,AN3,189B,0.00,0.00,1.95,6.09,POS,1.78,5.44,0.73,33
DIST,4,AN0,8A94,2.82,5.87,1.95,1.67,AN1,0323,-0.27,6.01,1.95,2.45,AN2,C32D,2.84,0.00,1.95,4.95,AN3,189B,0.00,0.00,1.95,6.47,POS,1.77,5.28,0.87,63
DIST,4,AN0,8A94,2.82,5.87,1.95,1.70,AN1,0323,-0.27,6.01,1.95,2.51,AN2,C32D,2.84,0.00,1.95,4.95,AN3,189B,0.00,0.00,1.95,6.72,POS,1.77,5.15,0.95,60
DIST,4,AN0,8A94,2.82,5.87,1.95,1.68,AN1,0323,-0.27,6.01,1.95,2.49,AN2,C32D,2.84,0.00,1.95,5.49,AN3,189B,0.00,0.00,1.95,6.44,POS,1.78,5.18,0.91,34
DIST,4,AN0,8A94,2.82,5.87,1.95,1.74,AN1,0323,-0.27,6.01,1.95,2.47,AN2,C32D,2.84,0.00,1.95,5.41,AN3,189B,0.00,0.00,1.95,6.76,POS,1.77,5.17,0.88,39
DIST,4,AN0,8A94,2.82,5.87,1.95,1.68,AN1,0323,-0.27,6.01,1.95,2.45,AN2,C32D,2.84,0.00,1.95,5.00,AN3,189B,0.00,0.00,1.95,6.32,POS,1.76,5.09,0.96,59
DIST,4,AN0,8A94,2.82,5.87,1.95,1.68,AN1,0323,-0.27,6.01,1.95,2.52,AN2,C32D,2.84,0.00,1.95,5.02,AN3,189B,0.00,0.00,1.95,6.76,POS,1.77,5.02,1.00,56
DIST,4,AN0,8A94,2.82,5.87,1.95,1.69,AN1,0323,-0.27,6.01,1.95,2.47,AN2,C32D,2.84,0.00,1.95,4.97,AN3,189B,0.00,0.00,1.95,6.81,POS,1.76,4.97,1.05,60
DIST,4,AN0,8A94,2.82,5.87,1.95,1.72,AN1,0323,-0.27,6.01,1.95,2.49,AN2,C32D,2.84,0.00,1.95,4.98,AN3,189B,0.00,0.00,1.95,6.78,POS,1.76,4.92,1.07,59
DIST,4,AN0,8A94,2.82,5.87,1.95,1.68,AN1,0323,-0.27,6.01,1.95,2.46,AN2,C32D,2.84,0.00,1.95,5.69,AN3,189B,0.00,0.00,1.95,6.84,POS,1.76,5.05,0.98,26
DIST,4,AN0,8A94,2.82,5.87,1.95,1.68,AN1,0323,-0.27,6.01,1.95,2.47,AN2,C32D,2.84,0.00,1.95,5.41,AN3,189B,0.00,0.00,1.95,6.39,POS,1.77,5.09,0.94,39
DIST,4,AN0,8A94,2.82,5.87,1.95,1.71,AN1,0323,-0.27,6.01,1.95,2.50,AN2,C32D,2.84,0.00,1.95,5.45,AN3,189B,0.00,0.00,1.95,6.82,POS,1.77,5.12,0.90,36
DIST,4,AN0,8A94,2.82,5.87,1.95,1.68,AN1,0323,-0.27,6.01,1.95,2.48,AN2,C32D,2.84,0.00,1.95,5.39,AN3,189B,0.00,0.00,1.95,6.74,POS,1.77,5.13,0.88,39
DIST,4,AN0,8A94,2.82,5.87,1.95,1.67,AN1,0323,-0.27,6.01,1.95,2.47,AN2,C32D,2.84,0.00,1.95,5.72,AN3,189B,0.00,0.00,1.95,6.41,POS,1.78,5.22,0.83,23
DIST,4,AN0,8A94,2.82,5.87,1.95,1.70,AN1,0323,-0.27,6.01,1.95,2.46,AN2,C32D,2.84,0.00,1.95,5.44,AN3,189B,0.00,0.00,1.95,6.79,POS,1.77,5.22,0.83,37
DIST,4,AN0,8A94,2.82,5.87,1.95,1.72,AN1,0323,-0.27,6.01,1.95,2.48,AN2,C32D,2.84,0.00,1.95,5.46,AN3,189B,0.00,0.00,1.95,6.45,POS,1.77,5.22,0.81,36
DIST,4,AN0,8A94,2.82,5.87,1.95,1.67,AN1,0323,-0.27,6.01,1.95,2.51,AN2,C32D,2.84,0.00,1.95,5.42,AN3,189B,0.00,0.00,1.95,6.73,POS,1.78,5.21,0.81,37
DIST,4,AN0,8A94,2.82,5.87,1.95,1.70,AN1,0323,-0.27,6.01,1.95,2.45,AN2,C32D,2.84,0.00,1.95,5.82,AN3,189B,0.00,0.00,1.95,6.66,POS,1.77,5.30,0.77,19
DIST,4,AN0,8A94,2.82,5.87,1.95,1.70,AN1,0323,-0.27,6.01,1.95,2.48,AN2,C32D,2.84,0.00,1.95,5.83,AN3,189B,0.00,0.00,1.95,6.45,POS,1.78,5.37,0.74,19
DIST,4,AN0,8A94,2.82,5.87,1.95,1.72,AN1,0323,-0.27,6.01,1.95,2.49,AN2,C32D,2.84,0.00,1.95,5.06,AN3,189B,0.00,0.00,1.95,6.71,POS,1.77,5.24,0.82,55
DIST,4,AN0,8A94,2.82,5.87,1.95,1.69,AN1,0323,-0.27,6.01,1.95,2.48,AN2,C32D,2.84,0.00,1.95,5.43,AN3,189B,0.00,0.00,1.95,6.44,POS,1.77,5.23,0.81,37
DIST,4,AN0,8A94,2.82,5.87,1.95,1.69,AN1,0323,-0.27,6.01,1.95,2.48,AN2,C32D,2.84,0.00,1.95,5.05,AN3,189B,0.00,0.00,1.95,6.72,POS,1.77,5.14,0.89,56
DIST,4,AN0,8A94,2.82,5.87,1.95,1.67,AN1,0323,-0.27,6.01,1.95,2.46,AN2,C32D,2.84,0.00,1.95,5.42,AN3,189B,0.00,0.00,1.95,6.40,POS,1.77,5.15,0.87,38
DIST,4,AN0,8A94,2.82,5.87,1.95,1.68,AN1,0323,-0.27,6.01,1.95,2.47,AN2,C32D,2.84,0.00,1.95,5.01,AN3,189B,0.00,0.00,1.95,6.44,POS,1.77,5.07,0.95,58
DIST,4,AN0,8A94,2.82,5.87,1.95,1.72,AN1,0323,-0.27,6.01,1.95,2.46,AN2,C32D,2.84,0.00,1.95,5.32,AN3,189B,0.00,0.00,1.95,6.84,POS,1.76,5.08,0.93,43
DIST,4,AN0,8A94,2.82,5.87,1.95,1.72,AN1,0323,-0.27,6.01,1.95,2.49,AN2,C32D,2.84,0.00,1.95,5.88,AN3,189B,0.00,0.00,1.95,6.74,POS,1.77,5.22,0.84,16
DIST,4,AN0,8A94,2.82,5.87,1.95,1.72,AN1,0323,-0.27,6.01,1.95,2.45,AN2,C32D,2.84,0.00,1.95,5.49,AN3,189B,0.00,0.00,1.95,6.77,POS,1.76,5.22,0.82,35
DIST,4,AN0,8A94,2.82,5.87,1.95,1.70,AN1,0323,-0.27,6.01,1.95,2.49,AN2,C32D,2.84,0.00,1.95,5.45,AN3,189B,0.00,0.00,1.95,6.76,POS,1.76,5.22,0.81,36
DIST,4,AN0,8A94,2.82,5.87,1.95,1.69,AN1,0323,-0.27,6.01,1.95,2.45,AN2,C32D,2.84,0.00,1.95,5.48,AN3,189B,0.00,0.00,1.95,6.44,POS,1.76,5.23,0.81,36
DIST,4,AN0,8A94,2.82,5.87,1.95,1.68,AN1,0323,-0.27,6.01,1.95,2.49,AN2,C32D,2.84,0.00,1.95,5.28,AN3,189B,0.00,0.00,1.95,6.08,POS,1.77,5.19,0.83,44
DIST,4,AN0,8A94,2.82,5.87,1.95,1.65,AN1,0323,-0.27,6.01,1.95,2.47,AN2,C32D,2.84,0.00,1.95,5.33,AN3,189B,0.00,0.00,1.95,5.85,POS,1.77,5.17,0.85,42
DIST,4,AN0,8A94,2.82,5.87,1.95,1.72,AN1,0323,-0.27,6.01,1.95,2.46,AN2,C32D,2.84,0.00,1.95,5.92,AN3,189B,0.00,0.00,1.95,5.86,POS,1.77,5.29,0.79,17
DIST,4,AN0,8A94,2.82,5.87,1.95,1.69,AN1,0323,-0.27,6.01,1.95,2.45,AN2,C32D,2.84,0.00,1.95,5.75,AN3,189B,0.00,0.00,1.95,5.86,POS,1.77,5.35,0.76,22
DIST,4,AN0,8A94,2.82,5.87,1.95,1.70,AN1,0323,-0.27,6.01,1.95,2.44,AN2,C32D,2.84,0.00,1.95,5.73,AN3,189B,0.00,0.00,1.95,5.93,POS,1.77,5.38,0.74,24
DIST,4,AN0,8A94,2.82,5.87,1.95,1.71,AN1,0323,-0.27,6.01,1.95,2.47,AN2,C32D,2.84,0.00,1.95,5.71,AN3,189B,0.00,0.00,1.95,5.85,POS,1.76,5.40,0.72,24
DIST,4,AN0,8A94,2.82,5.87,1.95,1.69,AN1,0323,-0.27,6.01,1.95,2.45,AN2,C32D,2.84,0.00,1.95,5.41,AN3,189B,0.00,0.00,1.95,5.79,POS,1.76,5.34,0.75,39
DIST,4,AN0,8A94,2.82,5.87,1.95,1.72,AN1,0323,-0.27,6.01,1.95,2.44,AN2,C32D,2.84,0.00,1.95,5.69,AN3,189B,0.00,0.00,1.95,5.63,POS,1.75,5.37,0.74,26
DIST,4,AN0,8A94,2.82,5.87,1.95,1.71,AN1,0323,-0.27,6.01,1.95,2.52,AN2,C32D,2.84,0.00,1.95,5.72,AN3,189B,0.00,0.00,1.95,6.40,POS,1.77,5.39,0.71,22
DIST,4,AN0,8A94,2.82,5.87,1.95,1.71,AN1,0323,-0.27,6.01,1.95,2.47,AN2,C32D,2.84,0.00,1.95,5.52,AN3,189B,0.00,0.00,1.95,5.34,POS,1.76,5.37,0.72,33
DIST,4,AN0,8A94,2.82,5.87,1.95,1.70,AN1,0323,-0.27,6.01,1.95,2.49,AN2,C32D,2.84,0.00,1.95,5.10,AN3,189B,0.00,0.00,1.95,5.26,POS,1.76,5.25,0.80,54
DIST,4,AN0,8A94,2.82,5.87,1.95,1.70,AN1,0323,-0.27,6.01,1.95,2.44,AN2,C32D,2.84,0.00,1.95,5.34,AN3,189B,0.00,0.00,1.95,5.33,POS,1.75,5.22,0.82,43
DIST,4,AN0,8A94,2.82,5.87,1.95,1.73,AN1,0323,-0.27,6.01,1.95,2.49,AN2,C32D,2.84,0.00,1.95,5.04,AN3,189B,0.00,0.00,1.95,5.36,POS,1.75,5.12,0.88,56
DIST,4,AN0,8A94,2.82,5.87,1.95,1.74,AN1,0323,-0.27,6.01,1.95,2.48,AN2,C32D,2.84,0.00,1.95,5.14,AN3,189B,0.00,0.00,1.95,5.36,POS,1.75,5.07,0.91,51
DIST,4,AN0,8A94,2.82,5.87,1.95,1.70,AN1,0323,-0.27,6.01,1.95,2.48,AN2,C32D,2.84,0.00,1.95,5.16,AN3,189B,0.00,0.00,1.95,5.42,POS,1.75,5.04,0.93,50
DIST,4,AN0,8A94,2.82,5.87,1.95,1.75,AN1,0323,-0.27,6.01,1.95,2.51,AN2,C32D,2.84,0.00,1.95,5.08,AN3,189B,0.00,0.00,1.95,5.33,POS,1.75,5.00,0.94,53
DIST,4,AN0,8A94,2.82,5.87,1.95,1.72,AN1,0323,-0.27,6.01,1.95,2.46,AN2,C32D,2.84,0.00,1.95,5.01,AN3,189B,0.00,0.00,1.95,5.32,POS,1.75,4.95,0.99,59
DIST,4,AN0,8A94,2.82,5.87,1.95,1.71,AN1,0323,-0.27,6.01,1.95,2.48,AN2,C32D,2.84,0.00,1.95,5.05,AN3,189B,0.00,0.00,1.95,5.36,POS,1.75,4.93,1.01,56
DIST,4,AN0,8A94,2.82,5.87,1.95,1.73,AN1,0323,-0.27,6.01,1.95,2.49,AN2,C32D,2.84,0.00,1.95,4.97,AN3,189B,0.00,0.00,1.95,5.32,POS,1.75,4.89,1.05,60
DIST,4,AN0,8A94,2.82,5.87,1.95,1.71,AN1,0323,-0.27,6.01,1.95,2.43,AN2,C32D,2.84,0.00,1.95,5.10,AN3,189B,0.00,0.00,1.95,5.29,POS,1.74,4.89,1.06,55
DIST,4,AN0,8A94,2.82,5.87,1.95,1.69,AN1,0323,-0.27,6.01,1.95,2.42,AN2,C32D,2.84,0.00,1.95,5.07,AN3,189B,0.00,0.00,1.95,5.33,POS,1.74,4.89,1.08,57
DIST,4,AN0,8A94,2.82,5.87,1.95,1.70,AN1,0323,-0.27,6.01,1.95,2.47,AN2,C32D,2.84,0.00,1.95,4.97,AN3,189B,0.00,0.00,1.95,5.32,POS,1.74,4.87,1.11,60
DIST,4,AN0,8A94,2.82,5.87,1.95,1.70,AN1,0323,-0.27,6.01,1.95,2.52,AN2,C32D,2.84,0.00,1.95,5.10,AN3,189B,0.00,0.00,1.95,5.26,POS,1.74,4.88,1.08,53
DIST,4,AN0,8A94,2.82,5.87,1.95,1.70,AN1,0323,-0.27,6.01,1.95,2.46,AN2,C32D,2.84,0.00,1.95,5.00,AN3,189B,0.00,0.00,1.95,5.32,POS,1.74,4.86,1.10,59
DIST,4,AN0,8A94,2.82,5.87,1.95,1.70,AN1,0323,-0.27,6.01,1.95,2.51,AN2,C32D,2.84,0.00,1.95,4.99,AN3,189B,0.00,0.00,1.95,5.40,POS,1.75,4.85,1.11,58
DIST,4,AN0,8A94,2.82,5.87,1.95,1.71,AN1,0323,-0.27,6.01,1.95,2.45,AN2,C32D,2.84,0.00,1.95,5.04,AN3,189B,0.00,0.00,1.95,5.33,POS,1.74,4.85,1.12,58
DIST,4,AN0,8A94,2.82,5.87,1.95,1.72,AN1,0323,-0.27,6.01,1.95,2.45,AN2,C32D,2.84,0.00,1.95,5.03,AN3,189B,0.00,0.00,1.95,5.36,POS,1.74,4.84,1.12,58
DIST,4,AN0,8A94,2.82,5.87,1.95,1.70,AN1,0323,-0.27,6.01,1.95,2.44,AN2,C32D,2.84,0.00,1.95,5.06,AN3,189B,0.00,0.00,1.95,5.31,POS,1.73,4.85,1.12,57
DIST,4,AN0,8A94,2.82,5.87,1.95,1.75,AN1,0323,-0.27,6.01,1.95,2.48,AN2,C32D,2.84,DIST,4,AN0,0323,-0.27,6.01,1.95,2.44,AN1,8A94,2.82,5.87,1.95,2.46,AN2,189B,0.00,0.00,1.95,4.10,AN3,C32D,2.84,0.00,1.95,4.16,POS,1.21,3.94,1.38,84
DIST,4,AN0,8A94,2.82,5.87,1.95,2.45,AN1,0323,-0.27,6.01,1.95,2.42,AN2,189B,0.00,0.00,1.95,4.10,AN3,C32D,2.84,0.00,1.95,4.11,POS,1.20,3.93,1.36,83
DIST,4,AN0,8A94,2.82,5.87,1.95,2.42,AN1,0323,-0.27,6.01,1.95,2.42,AN2,189B,0.00,0.00,1.95,4.13,AN3,C32D,2.84,0.00,1.95,4.13,POS,1.19,3.93,1.34,83
DIST,4,AN0,8A94,2.82,5.87,1.95,2.40,AN1,0323,-0.27,6.01,1.95,2.44,AN2,189B,0.00,0.00,1.95,4.18,AN3,C32D,2.84,0.00,1.95,4.04,POS,1.20,3.92,1.37,88
DIST,4,AN0,8A94,2.82,5.87,1.95,2.37,AN1,0323,-0.27,6.01,1.95,2.43,AN2,189B,0.00,0.00,1.95,4.20,AN3,C32D,2.84,0.00,1.95,4.11,POS,1.21,3.93,1.35,84
DIST,4,AN0,8A94,2.82,5.87,1.95,2.34,AN1,0323,-0.27,6.01,1.95,2.38,AN2,189B,0.00,0.00,1.95,4.20,AN3,C32D,2.84,0.00,1.95,4.05,POS,1.21,3.93,1.43,90
DIST,4,AN0,8A94,2.82,5.87,1.95,2.34,AN1,0323,-0.27,6.01,1.95,2.43,AN2,189B,0.00,0.00,1.95,4.26,AN3,C32D,2.84,0.00,1.95,4.07,POS,1.22,3.93,1.43,88
DIST,4,AN0,8A94,2.82,5.87,1.95,2.34,AN1,0323,-0.27,6.01,1.95,2.40,AN2,189B,0.00,0.00,1.95,4.22,AN3,C32D,2.84,0.00,1.95,4.06,POS,1.23,3.93,1.46,89
DIST,4,AN0,8A94,2.82,5.87,1.95,2.30,AN1,0323,-0.27,6.01,1.95,2.41,AN2,189B,0.00,0.00,1.95,4.30,AN3,C32D,2.84,0.00,1.95,4.08,POS,1.24,3.93,1.46,89
DIST,4,AN0,8A94,2.82,5.87,1.95,2.41,AN1,0323,-0.27,6.01,1.95,2.38,AN2,189B,0.00,0.00,1.95,4.13,AN3,C32D,2.84,0.00,1.95,4.09,POS,1.22,3.93,1.47,87
DIST,4,AN0,8A94,2.82,5.87,1.95,2.35,AN1,0323,-0.27,6.01,1.95,2.41,AN2,189B,0.00,0.00,1.95,4.12,AN3,C32D,2.84,0.00,1.95,4.10,POS,1.22,3.94,1.45,86
DIST,4,AN0,8A94,2.82,5.87,1.95,2.31,AN1,0323,-0.27,6.01,1.95,2.42,AN2,189B,0.00,0.00,1.95,4.16,AN3,C32D,2.84,0.00,1.95,4.14,POS,1.28,3.97,1.46,88
DIST,3,AN0,8A94,2.82,5.87,1.95,2.30,AN1,0323,-0.27,6.01,1.95,2.40,AN2,189B,0.00,0.00,1.95,4.11,POS,1.28,3.99,1.40,81
DIST,4,AN0,8A94,2.82,5.87,1.95,2.26,AN1,0323,-0.27,6.01,1.95,2.46,AN2,189B,0.00,0.00,1.95,4.16,AN3,C32D,2.84,0.00,1.95,4.13,POS,1.32,4.01,1.40,86
DIST,4,AN0,8A94,2.82,5.87,1.95,2.30,AN1,0323,-0.27,6.01,1.95,2.45,AN2,189B,0.00,0.00,1.95,4.13,AN3,C32D,2.84,0.00,1.95,4.22,POS,1.32,4.01,1.50,92
DIST,4,AN0,8A94,2.82,5.87,1.95,2.28,AN1,0323,-0.27,6.01,1.95,2.39,AN2,189B,0.00,0.00,1.95,4.10,AN3,C32D,2.84,0.00,1.95,4.15,POS,1.32,4.02,1.48,87
DIST,4,AN0,8A94,2.82,5.87,1.95,2.32,AN1,0323,-0.27,6.01,1.95,2.41,AN2,189B,0.00,0.00,1.95,4.10,AN3,C32D,2.84,0.00,1.95,4.19,POS,1.31,4.03,1.42,82
DIST,4,AN0,8A94,2.82,5.87,1.95,2.34,AN1,0323,-0.27,6.01,1.95,2.40,AN2,189B,0.00,0.00,1.95,4.12,AN3,C32D,2.84,0.00,1.95,4.21,POS,1.30,4.03,1.49,91
DIST,4,AN0,8A94,2.82,5.87,1.95,2.32,AN1,0323,-0.27,6.01,1.95,2.32,AN2,189B,0.00,0.00,1.95,4.07,AN3,C32D,2.84,0.00,1.95,4.14,POS,1.30,4.04,1.57,92
DIST,4,AN0,8A94,2.82,5.87,1.95,2.37,AN1,0323,-0.27,6.01,1.95,2.24,AN2,189B,0.00,0.00,1.95,4.04,AN3,C32D,2.84,0.00,1.95,4.27,POS,1.24,4.04,1.54,82
DIST,4,AN0,8A94,2.82,5.87,1.95,2.43,AN1,0323,-0.27,6.01,1.95,2.19,AN2,189B,0.00,0.00,1.95,4.00,AN3,C32D,2.84,0.00,1.95,4.27,POS,1.18,4.04,1.51,81
DIST,4,AN0,0323,-0.27,6.01,1.95,2.15,AN1,8A94,2.82,5.87,1.95,2.50,AN2,189B,0.00,0.00,1.95,4.03,AN3,C32D,2.84,0.00,1.95,4.29,POS,1.14,4.05,1.53,83
DIST,4,AN0,0323,-0.27,6.01,1.95,2.18,AN1,8A94,2.82,5.87,1.95,2.60,AN2,189B,0.00,0.00,1.95,4.00,AN3,C32D,2.84,0.00,1.95,4.22,POS,1.07,4.02,1.55,81
DIST,4,AN0,0323,-0.27,6.01,1.95,2.18,AN1,8A94,2.82,5.87,1.95,2.69,AN2,189B,0.00,0.00,1.95,3.87,AN3,C32D,2.84,0.00,1.95,4.19,POS,0.99,3.98,1.63,81
DIST,4,AN0,0323,-0.27,6.01,1.95,2.19,AN1,8A94,2.82,5.87,1.95,2.86,AN2,189B,0.00,0.00,1.95,3.82,AN3,C32D,2.84,0.00,1.95,4.25,POS,0.93,3.96,1.59,78
DIST,4,AN0,0323,-0.27,6.01,1.95,2.18,AN1,8A94,2.82,5.87,1.95,2.94,AN2,189B,0.00,0.00,1.95,3.72,AN3,C32D,2.84,0.00,1.95,4.24,POS,0.86,3.93,1.58,77
DIST,4,AN0,0323,-0.27,6.01,1.95,2.16,AN1,8A94,2.82,5.87,1.95,3.05,AN2,189B,0.00,0.00,1.95,3.63,AN3,C32D,2.84,0.00,1.95,4.33,POS,0.74,3.90,1.56,78
DIST,4,AN0,0323,-0.27,6.01,1.95,2.14,AN1,8A94,2.82,5.87,1.95,3.10,AN2,189B,0.00,0.00,1.95,3.72,AN3,C32D,2.84,0.00,1.95,4.35,POS,0.68,3.89,1.53,78
DIST,4,AN0,0323,-0.27,6.01,1.95,2.12,AN1,8A94,2.82,5.87,1.95,3.15,AN2,189B,0.00,0.00,1.95,3.70,AN3,C32D,2.84,0.00,1.95,4.37,POS,0.62,3.88,1.51,78
DIST,4,AN0,0323,-0.27,6.01,1.95,2.17,AN1,8A94,2.82,5.87,1.95,3.24,AN2,189B,0.00,0.00,1.95,3.57,AN3,C32D,2.84,0.00,1.95,4.35,POS,0.52,3.84,1.52,78
DIST,4,AN0,0323,-0.27,6.01,1.95,2.25,AN1,8A94,2.82,5.87,1.95,3.41,AN2,189B,0.00,0.00,1.95,3.55,AN3,C32D,2.84,0.00,1.95,4.52,POS,0.39,3.80,1.45,76
DIST,4,AN0,0323,-0.27,6.01,1.95,2.34,AN1,8A94,2.82,5.87,1.95,3.45,AN2,189B,0.00,0.00,1.95,3.54,AN3,C32D,2.84,0.00,1.95,4.39,POS,0.33,3.75,1.40,78
DIST,4,AN0,0323,-0.27,6.01,1.95,2.35,AN1,8A94,2.82,5.87,1.95,3.59,AN2,189B,0.00,0.00,1.95,3.39,AN3,C32D,2.84,0.00,1.95,4.41,POS,0.22,3.70,1.39,75
DIST,4,AN0,0323,-0.27,6.01,1.95,2.36,AN1,8A94,2.82,5.87,1.95,3.72,AN2,189B,0.00,0.00,1.95,3.42,AN3,C32D,2.84,0.00,1.95,4.37,POS,0.09,3.62,1.40,68
DIST,4,AN0,0323,-0.27,6.01,1.95,2.44,AN1,8A94,2.82,5.87,1.95,3.66,AN2,189B,0.00,0.00,1.95,3.40,AN3,C32D,2.84,0.00,1.95,4.40,POS,0.06,3.59,1.49,77
DIST,4,AN0,0323,-0.27,6.01,1.95,2.46,AN1,8A94,2.82,5.87,1.95,3.69,AN2,189B,0.00,0.00,1.95,3.41,AN3,C32D,2.84,0.00,1.95,4.53,POS,0.01,3.56,1.50,76
DIST,4,AN0,0323,-0.27,6.01,1.95,2.47,AN1,189B,0.00,0.00,1.95,3.41,AN2,8A94,2.82,5.87,1.95,3.66,AN3,C32D,2.84,0.00,1.95,4.51,POS,-0.02,3.54,1.51,77
DIST,4,AN0,0323,-0.27,6.01,1.95,2.49,AN1,189B,0.00,0.00,1.95,3.38,AN2,8A94,2.82,5.87,1.95,3.69,AN3,C32D,2.84,0.00,1.95,4.53,POS,-0.08,3.54,1.52,73
DIST,4,AN0,0323,-0.27,6.01,1.95,2.49,AN1,189B,0.00,0.00,1.95,3.36,AN2,8A94,2.82,5.87,1.95,3.65,AN3,C32D,2.84,0.00,1.95,4.51,POS,-0.07,3.52,1.55,77
DIST,4,AN0,0323,-0.27,6.01,1.95,2.52,AN1,189B,0.00,0.00,1.95,3.32,AN2,8A94,2.82,5.87,1.95,3.71,AN3,C32D,2.84,0.00,1.95,4.49,POS,-0.11,3.51,1.59,74
DIST,4,AN0,0323,-0.27,6.01,1.95,2.50,AN1,189B,0.00,0.00,1.95,3.35,AN2,8A94,2.82,5.87,1.95,3.67,AN3,C32D,2.84,0.00,1.95,4.37,POS,-0.09,3.50,1.62,77
DIST,4,AN0,0323,-0.27,6.01,1.95,2.46,AN1,189B,0.00,0.00,1.95,3.35,AN2,8A94,2.82,5.87,1.95,3.64,AN3,C32D,2.84,0.00,1.95,4.29,POS,-0.04,3.49,1.52,77
DIST,4,AN0,0323,-0.27,6.01,1.95,2.45,AN1,189B,0.00,0.00,1.95,3.32,AN2,8A94,2.82,5.87,1.95,3.53,AN3,C32D,2.84,0.00,1.95,4.29,POS,-0.02,3.48,1.46,77
DIST,4,AN0,0323,-0.27,6.01,1.95,2.50,AN1,189B,0.00,0.00,1.95,3.25,AN2,8A94,2.82,5.87,1.95,3.45,AN3,C32D,2.84,0.00,1.95,4.16,POS,0.03,3.46,1.47,75
DIST,4,AN0,0323,-0.27,6.01,1.95,2.49,AN1,189B,0.00,0.00,1.95,3.12,AN2,8A94,2.82,5.87,1.95,3.41,AN3,C32D,2.84,0.00,1.95,4.14,POS,0.02,3.46,1.40,74
DIST,4,AN0,0323,-0.27,6.01,1.95,2.61,AN1,189B,0.00,0.00,1.95,3.19,AN2,8A94,2.82,5.87,1.95,3.42,AN3,C32D,2.84,0.00,1.95,4.08,POS,0.08,3.42,1.39,74
DIST,4,AN0,0323,-0.27,6.01,1.95,2.68,AN1,189B,0.00,0.00,1.95,3.19,AN2,8A94,2.82,5.87,1.95,3.46,AN3,C32D,2.84,0.00,1.95,3.91,POS,0.14,3.37,1.43,76
DIST,4,AN0,0323,-0.27,6.01,1.95,2.75,AN1,189B,0.00,0.00,1.95,3.10,AN2,8A94,2.82,5.87,1.95,3.41,AN3,C32D,2.84,0.00,1.95,3.79,POS,0.23,3.34,1.43,80
DIST,4,AN0,0323,-0.27,6.01,1.95,2.89,AN1,189B,0.00,0.00,1.95,3.12,AN2,8A94,2.82,5.87,1.95,3.34,AN3,C32D,2.84,0.00,1.95,3.56,POS,0.39,3.29,1.44,89
DIST,4,AN0,0323,-0.27,6.01,1.95,2.95,AN1,189B,0.00,0.00,1.95,3.08,AN2,8A94,2.82,5.87,1.95,3.35,AN3,C32D,2.84,0.00,1.95,3.43,POS,0.54,3.25,1.54,95
DIST,4,AN0,0323,-0.27,6.01,1.95,3.06,AN1,189B,0.00,0.00,1.95,3.00,AN2,8A94,2.82,5.87,1.95,3.32,AN3,C32D,2.84,0.00,1.95,3.36,POS,0.62,3.18,1.60,94
DIST,4,AN0,0323,-0.27,6.01,1.95,3.17,AN1,189B,0.00,0.00,1.95,2.99,AN2,8A94,2.82,5.87,1.95,3.35,AN3,C32D,2.84,0.00,1.95,3.34,POS,0.71,3.11,1.54,91
DIST,4,AN0,0323,-0.27,6.01,1.95,3.26,AN1,189B,0.00,0.00,1.95,2.96,AN2,8A94,2.82,5.87,1.95,3.41,AN3,C32D,2.84,0.00,1.95,3.10,POS,0.77,3.02,1.47,88
DIST,4,AN0,189B,0.00,0.00,1.95,2.93,AN1,0323,-0.27,6.01,1.95,3.38,AN2,8A94,2.82,5.87,1.95,3.40,AN3,C32D,2.84,0.00,1.95,3.05,POS,0.86,2.95,1.49,96
DIST,4,AN0,189B,0.00,0.00,1.95,2.84,AN1,0323,-0.27,6.01,1.95,3.46,AN2,8A94,2.82,5.87,1.95,3.43,AN3,C32D,2.84,0.00,1.95,2.90,POS,0.93,2.86,1.42,88
DIST,4,AN0,189B,0.00,0.00,1.95,2.83,AN1,0323,-0.27,6.01,1.95,3.58,AN2,C32D,2.84,0.00,1.95,2.83,AN3,8A94,2.82,5.87,1.95,3.41,POS,1.04,2.80,1.47,97
DIST,4,AN0,189B,0.00,0.00,1.95,2.78,AN1,C32D,2.84,0.00,1.95,2.82,AN2,0323,-0.27,6.01,1.95,3.59,AN3,8A94,2.82,5.87,1.95,3.52,POS,1.08,2.73,1.53,97
DIST,4,AN0,189B,0.00,0.00,1.95,2.85,AN1,C32D,2.84,0.00,1.95,2.83,AN2,0323,-0.27,6.01,1.95,3.56,AN3,8A94,2.82,5.87,1.95,3.49,POS,1.17,2.71,1.55,97
DIST,4,AN0,189B,0.00,0.00,1.95,2.82,AN1,C32D,2.84,0.00,1.95,2.82,AN2,8A94,2.82,5.87,1.95,3.47,AN3,0323,-0.27,6.01,1.95,3.61,POS,1.20,2.67,1.55,96
DIST,4,AN0,189B,0.00,0.00,1.95,2.78,AN1,C32D,2.84,0.00,1.95,2.80,AN2,8A94,2.82,5.87,1.95,3.52,AN3,0323,-0.27,6.01,1.95,3.59,POS,1.20,2.63,1.45,87
DIST,4,AN0,189B,0.00,0.00,1.95,2.88,AN1,C32D,2.84,0.00,1.95,2.80,AN2,8A94,2.82,5.87,1.95,3.51,AN3,0323,-0.27,6.01,1.95,3.62,POS,1.28,2.64,1.47,96
DIST,4,AN0,189B,0.00,0.00,1.95,2.82,AN1,C32D,2.84,0.00,1.95,2.76,AN2,8A94,2.82,5.87,1.95,3.50,AN3,0323,-0.27,6.01,1.95,3.54,POS,1.25,2.60,1.45,92
DIST,4,AN0,189B,0.00,0.00,1.95,2.86,AN1,C32D,2.84,0.00,1.95,2.81,AN2,8A94,2.82,5.87,1.95,3.49,AN3,0323,-0.27,6.01,1.95,3.62,POS,1.26,2.59,1.48,96
DIST,4,AN0,189B,0.00,0.00,1.95,2.85,AN1,C32D,2.84,0.00,1.95,2.82,AN2,8A94,2.82,5.87,1.95,3.49,AN3,0323,-0.27,6.01,1.95,3.58,POS,1.25,2.58,1.55,98
DIST,4,AN0,189B,0.00,0.00,1.95,2.86,AN1,C32D,2.84,0.00,1.95,2.82,AN2,8A94,2.82,5.87,1.95,3.43,AN3,0323,-0.27,6.01,1.95,3.63,POS,1.29,2.58,1.52,94
DIST,4,AN0,189B,0.00,0.00,1.95,2.82,AN1,C32D,2.84,0.00,1.95,2.82,AN2,8A94,2.82,5.87,1.95,3.46,AN3,0323,-0.27,6.01,1.95,3.54,POS,1.27,2.57,1.44,88
DIST,4,AN0,189B,0.00,0.00,1.95,2.87,AN1,C32D,2.84,0.00,1.95,2.77,AN2,8A94,2.82,5.87,1.95,3.46,AN3,0323,-0.27,6.01,1.95,3.58,POS,1.34,2.60,1.37,87
DIST,4,AN0,189B,0.00,0.00,1.95,2.94,AN1,C32D,2.84,0.00,1.95,2.79,AN2,8A94,2.82,5.87,1.95,3.51,AN3,0323,-0.27,6.01,1.95,3.56,POS,1.40,2.63,1.32,88
DIST,4,AN0,189B,0.00,0.00,1.95,2.89,AN1,C32D,2.84,0.00,1.95,2.86,AN2,8A94,2.82,5.87,1.95,3.44,AN3,0323,-0.27,6.01,1.95,3.55,POS,1.36,2.62,1.40,97
DIST,4,AN0,189B,0.00,0.00,1.95,2.94,AN1,C32D,2.84,0.00,1.95,2.85,AN2,8A94,2.82,5.87,1.95,3.43,AN3,0323,-0.27,6.01,1.95,3.56,POS,1.40,2.65,1.45,96
DIST,4,AN0,189B,0.00,0.00,1.95,2.95,AN1,C32D,2.84,0.00,1.95,2.79,AN2,8A94,2.82,5.87,1.95,3.39,AN3,0323,-0.27,6.01,1.95,3.56,POS,1.38,2.63,1.38,88
DIST,4,AN0,189B,0.00,0.00,1.95,2.98,AN1,C32D,2.84,0.00,1.95,2.78,AN2,8A94,2.82,5.87,1.95,3.40,AN3,0323,-0.27,6.01,1.95,3.65,POS,1.40,2.62,1.40,95
DIST,4,AN0,189B,0.00,0.00,1.95,3.00,AN1,C32D,2.84,0.00,1.95,2.68,AN2,8A94,2.82,5.87,1.95,3.40,AN3,0323,-0.27,6.01,1.95,3.77,POS,1.44,2.60,1.41,92
DIST,4,AN0,C32D,2.84,0.00,1.95,2.65,AN1,189B,0.00,0.00,1.95,2.97,AN2,8A94,2.82,5.87,1.95,3.48,AN3,0323,-0.27,6.01,1.95,3.80,POS,1.52,2.60,1.42,91
DIST,4,AN0,C32D,2.84,0.00,1.95,2.50,AN1,189B,0.00,0.00,1.95,2.95,AN2,8A94,2.82,5.87,1.95,3.57,AN3,0323,-0.27,6.01,1.95,3.95,POS,1.61,2.57,1.44,89
DIST,4,AN0,C32D,2.84,0.00,1.95,2.39,AN1,189B,0.00,0.00,1.95,2.94,AN2,8A94,2.82,5.87,1.95,3.67,AN3,0323,-0.27,6.01,1.95,4.08,POS,1.70,2.52,1.45,86
DIST,4,AN0,C32D,2.84,0.00,1.95,2.24,AN1,189B,0.00,0.00,1.95,3.07,AN2,8A94,2.82,5.87,1.95,3.62,AN3,0323,-0.27,6.01,1.95,4.21,POS,1.84,2.49,1.39,73
DIST,4,AN0,C32D,2.84,0.00,1.95,2.12,AN1,189B,0.00,0.00,1.95,3.01,AN2,8A94,2.82,5.87,1.95,3.74,AN3,0323,-0.27,6.01,1.95,4.39,POS,1.95,2.42,1.43,77
DIST,4,AN0,C32D,2.84,0.00,1.95,2.04,AN1,189B,0.00,0.00,1.95,3.20,AN2,8A94,2.82,5.87,1.95,3.84,AN3,0323,-0.27,6.01,1.95,4.54,POS,2.11,2.37,1.53,75
DIST,4,AN0,C32D,2.84,0.00,1.95,1.93,AN1,189B,0.00,0.00,1.95,3.21,AN2,8A94,2.82,5.87,1.95,3.92,AN3,0323,-0.27,6.01,1.95,4.76,POS,2.25,2.29,1.50,78
DIST,4,AN0,C32D,2.84,0.00,1.95,1.83,AN1,189B,0.00,0.00,1.95,3.21,AN2,8A94,2.82,5.87,1.95,3.92,AN3,0323,-0.27,6.01,1.95,4.80,POS,2.37,2.22,1.59,78
DIST,4,AN0,C32D,2.84,0.00,1.95,1.71,AN1,189B,0.00,0.00,1.95,3.24,AN2,8A94,2.82,5.87,1.95,4.00,AN3,0323,-0.27,6.01,1.95,4.97,POS,2.49,2.14,1.62,78
DIST,4,AN0,C32D,2.84,0.00,1.95,1.64,AN1,189B,0.00,0.00,1.95,3.26,AN2,8A94,2.82,5.87,1.95,4.13,AN3,0323,-0.27,6.01,1.95,4.93,POS,2.61,2.09,1.64,71
DIST,4,AN0,C32D,2.84,0.00,1.95,1.62,AN1,189B,0.00,0.00,1.95,3.20,AN2,8A94,2.82,5.87,1.95,4.20,AN3,0323,-0.27,6.01,1.95,5.04,POS,2.68,2.02,1.69,78
DIST,4,AN0,C32D,2.84,0.00,1.95,1.50,AN1,189B,0.00,0.00,1.95,3.31,AN2,8A94,2.82,5.87,1.95,4.26,AN3,0323,-0.27,6.01,1.95,5.21,POS,2.79,1.94,1.63,63
DIST,4,AN0,C32D,2.84,0.00,1.95,1.51,AN1,189B,0.00,0.00,1.95,3.30,AN2,8A94,2.82,5.87,1.95,4.25,AN3,0323,-0.27,6.01,1.95,5.20,POS,2.87,1.88,1.58,62
DIST,4,AN0,C32D,2.84,0.00,1.95,1.48,AN1,8A94,2.82,5.87,1.95,4.35,AN2,189B,0.00,0.00,1.95,3.33,AN3,0323,-0.27,6.01,1.95,5.17,POS,2.97,1.85,1.51,66
DIST,4,AN0,C32D,2.84,0.00,1.95,1.47,AN1,8A94,2.82,5.87,1.95,4.25,AN2,189B,0.00,0.00,1.95,3.27,AN3,0323,-0.27,6.01,1.95,5.18,POS,3.00,1.81,1.54,64
DIST,4,AN0,C32D,2.84,0.00,1.95,1.46,AN1,8A94,2.82,5.87,1.95,4.27,AN2,189B,0.00,0.00,1.95,3.26,AN3,0323,-0.27,6.01,1.95,5.21,POS,3.03,1.78,1.52,63
DIST,4,AN0,C32D,2.84,0.00,1.95,1.50,AN1,8A94,2.82,5.87,1.95,4.31,AN2,189B,0.00,0.00,1.95,3.22,AN3,0323,-0.27,6.01,1.95,5.12,POS,3.03,1.77,1.51,66
DIST,4,AN0,C32D,2.84,0.00,1.95,1.49,AN1,8A94,2.82,5.87,1.95,4.31,AN2,189B,0.00,0.00,1.95,3.24,AN3,0323,-0.27,6.01,1.95,5.11,POS,3.04,1.76,1.56,69
DIST,4,AN0,C32D,2.84,0.00,1.95,1.52,AN1,8A94,2.82,5.87,1.95,4.29,AN2,189B,0.00,0.00,1.95,3.20,AN3,0323,-0.27,6.01,1.95,5.09,POS,3.03,1.76,1.54,68
DIST,4,AN0,C32D,2.84,0.00,1.95,1.50,AN1,8A94,2.82,5.87,1.95,4.27,AN2,189B,0.00,0.00,1.95,3.17,AN3,0323,-0.27,6.01,1.95,5.14,POS,3.01,1.74,1.48,65
DIST,4,AN0,C32D,2.84,0.00,1.95,1.50,AN1,8A94,2.82,5.87,1.95,4.32,AN2,189B,0.00,0.00,1.95,3.21,AN3,0323,-0.27,6.01,1.95,5.12,POS,3.01,1.74,1.47,66
DIST,4,AN0,C32D,2.84,0.00,1.95,1.50,AN1,8A94,2.82,5.87,1.95,4.28,AN2,189B,0.00,0.00,1.95,3.23,AN3,0323,-0.27,6.01,1.95,5.15,POS,3.02,1.73,1.46,65
DIST,4,AN0,C32D,2.84,0.00,1.95,1.47,AN1,8A94,2.82,5.87,1.95,4.30,AN2,189B,0.00,0.00,1.95,3.16,AN3,0323,-0.27,6.01,1.95,5.17,POS,3.01,1.71,1.43,66
DIST,4,AN0,C32D,2.84,0.00,1.95,1.46,AN1,8A94,2.82,5.87,1.95,4.36,AN2,189B,0.00,0.00,1.95,3.19,AN3,0323,-0.27,6.01,1.95,5.18,POS,3.01,1.70,1.42,65
DIST,4,AN0,C32D,2.84,0.00,1.95,1.36,AN1,8A94,2.82,5.87,1.95,4.34,AN2,189B,0.00,0.00,1.95,3.14,AN3,0323,-0.27,6.01,1.95,5.16,POS,3.01,1.69,1.53,72
DIST,4,AN0,C32D,2.84,0.00,1.95,1.39,AN1,8A94,2.82,5.87,1.95,4.36,AN2,189B,0.00,0.00,1.95,3.11,AN3,0323,-0.27,6.01,1.95,5.18,POS,3.00,1.67,1.52,70
DIST,4,AN0,C32D,2.84,0.00,1.95,1.39,AN1,8A94,2.82,5.87,1.95,4.41,AN2,189B,0.00,0.00,1.95,3.17,AN3,0323,-0.27,6.01,1.95,5.20,POS,3.01,1.66,1.53,68
DIST,4,AN0,C32D,2.84,0.00,1.95,1.32,AN1,8A94,2.82,5.87,1.95,4.43,AN2,189B,0.00,0.00,1.95,3.10,AN3,0323,-0.27,6.01,1.95,5.21,POS,3.01,1.64,1.56,72
DIST,4,AN0,C32D,2.84,0.00,1.95,1.27,AN1,8A94,2.82,5.87,1.95,4.45,AN2,189B,0.00,0.00,1.95,3.10,AN3,0323,-0.27,6.01,1.95,5.15,POS,3.03,1.63,1.56,65
DIST,4,AN0,C32D,2.84,0.00,1.95,1.31,AN1,8A94,2.82,5.87,1.95,4.48,AN2,189B,0.00,0.00,1.95,2.90,AN3,0323,-0.27,6.01,1.95,5.17,POS,2.96,1.60,1.52,75
DIST,4,AN0,C32D,2.84,0.00,1.95,1.28,AN1,8A94,2.82,5.87,1.95,4.53,AN2,189B,0.00,0.00,1.95,2.78,AN3,0323,-0.27,6.01,1.95,5.07,POS,2.88,1.58,1.53,81
DIST,4,AN0,C32D,2.84,0.00,1.95,1.31,AN1,8A94,2.82,5.87,1.95,4.53,AN2,189B,0.00,0.00,1.95,2.68,AN3,0323,-0.27,6.01,1.95,5.13,POS,2.78,1.55,1.57,81
DIST,4,AN0,C32D,2.84,0.00,1.95,1.28,AN1,189B,0.00,0.00,1.95,2.52,AN2,8A94,2.82,5.87,1.95,4.60,AN3,0323,-0.27,6.01,1.95,5.18,POS,2.66,1.49,1.56,81
DIST,4,AN0,C32D,2.84,0.00,1.95,1.24,AN1,189B,0.00,0.00,1.95,2.31,AN2,8A94,2.82,5.87,1.95,4.68,AN3,0323,-0.27,6.01,1.95,5.07,POS,2.55,1.44,1.51,71
DIST,4,AN0,C32D,2.84,0.00,1.95,1.26,AN1,189B,0.00,0.00,1.95,2.13,AN2,8A94,2.82,5.87,1.95,4.81,AN3,0323,-0.27,6.01,1.95,5.00,POS,2.42,1.39,1.50,67
DIST,4,AN0,C32D,2.84,0.00,1.95,1.36,AN1,189B,0.00,0.00,1.95,1.99,AN2,8A94,2.82,5.87,1.95,4.91,AN3,0323,-0.27,6.01,1.95,5.06,POS,2.27,1.34,1.60,70
DIST,4,AN0,C32D,2.84,0.00,1.95,1.44,AN1,189B,0.00,0.00,1.95,1.99,AN2,8A94,2.82,5.87,1.95,4.92,AN3,0323,-0.27,6.01,1.95,5.09,POS,2.15,1.30,1.56,66
DIST,4,AN0,C32D,2.84,0.00,1.95,1.50,AN1,189B,0.00,0.00,1.95,1.88,AN2,8A94,2.82,5.87,1.95,4.96,AN3,0323,-0.27,6.01,1.95,5.08,POS,2.03,1.25,1.53,68
DIST,4,AN0,C32D,2.84,0.00,1.95,1.48,AN1,189B,0.00,0.00,1.95,1.77,AN2,8A94,2.82,5.87,1.95,5.00,AN3,0323,-0.27,6.01,1.95,5.05,POS,1.93,1.22,1.57,73
DIST,4,AN0,C32D,2.84,0.00,1.95,1.40,AN1,189B,0.00,0.00,1.95,1.71,AN2,8A94,2.82,5.87,1.95,5.07,AN3,0323,-0.27,6.01,1.95,5.16,POS,1.85,1.16,1.61,70
DIST,4,AN0,C32D,2.84,0.00,1.95,1.47,AN1,189B,0.00,0.00,1.95,1.72,AN2,8A94,2.82,5.87,1.95,5.08,AN3,0323,-0.27,6.01,1.95,5.20,POS,1.78,1.11,1.57,65
DIST,4,AN0,C32D,2.84,0.00,1.95,1.46,AN1,189B,0.00,0.00,1.95,1.71,AN2,8A94,2.82,5.87,1.95,5.12,AN3,0323,-0.27,6.01,1.95,5.15,POS,1.73,1.09,1.57,69
DIST,4,AN0,C32D,2.84,0.00,1.95,1.48,AN1,189B,0.00,0.00,1.95,1.67,AN2,8A94,2.82,5.87,1.95,5.05,AN3,0323,-0.27,6.01,1.95,5.32,POS,1.68,1.02,1.50,58
DIST,4,AN0,C32D,2.84,0.00,1.95,1.48,AN1,189B,0.00,0.00,1.95,1.69,AN2,8A94,2.82,5.87,1.95,5.13,AN3,0323,-0.27,6.01,1.95,5.22,POS,1.65,1.00,1.48,64
DIST,4,AN0,C32D,2.84,0.00,1.95,1.35,AN1,189B,0.00,0.00,1.95,1.73,AN2,8A94,2.82,5.87,1.95,5.08,AN3,0323,-0.27,6.01,1.95,5.25,POS,1.65,0.98,1.50,64
DIST,4,AN0,C32D,2.84,0.00,1.95,1.38,AN1,189B,0.00,0.00,1.95,1.71,AN2,8A94,2.82,5.87,1.95,5.12,AN3,0323,-0.27,6.01,1.95,5.23,POS,1.64,0.97,1.52,65
DIST,4,AN0,C32D,2.84,0.00,1.95,1.40,AN1,189B,0.00,0.00,1.95,1.70,AN2,8A94,2.82,5.87,1.95,5.10,AN3,0323,-0.27,6.01,1.95,5.29,POS,1.63,0.95,1.50,61
DIST,4,AN0,C32D,2.84,0.00,1.95,1.48,AN1,189B,0.00,0.00,1.95,1.68,AN2,8A94,2.82,5.87,1.95,5.13,AN3,0323,-0.27,6.01,1.95,5.25,POS,1.61,0.94,1.47,63
DIST,4,AN0,C32D,2.84,0.00,1.95,1.53,AN1,189B,0.00,0.00,1.95,1.71,AN2,8A94,2.82,5.87,1.95,5.12,AN3,0323,-0.27,6.01,1.95,5.25,POS,1.59,0.93,1.42,61
DIST,4,AN0,C32D,2.84,0.00,1.95,1.49,AN1,189B,0.00,0.00,1.95,1.70,AN2,8A94,2.82,5.87,1.95,5.12,AN3,0323,-0.27,6.01,1.95,5.20,POS,1.58,0.93,1.42,65
DIST,4,AN0,C32D,2.84,0.00,1.95,1.47,AN1,189B,0.00,0.00,1.95,1.67,AN2,8A94,2.82,5.87,1.95,5.11,AN3,0323,-0.27,6.01,1.95,5.30,POS,1.53,0.89,1.49,68
DIST,4,AN0,C32D,2.84,0.00,1.95,1.43,AN1,189B,0.00,0.00,1.95,1.68,AN2,8A94,2.82,5.87,1.95,5.05,AN3,0323,-0.27,6.01,1.95,5.23,POS,1.54,0.90,1.49,65
DIST,4,AN0,C32D,2.84,0.00,1.95,1.47,AN1,189B,0.00,0.00,1.95,1.68,AN2,8A94,2.82,5.87,1.95,5.12,AN3,0323,-0.27,6.01,1.95,5.18,POS,1.54,0.92,1.50,68
DIST,4,AN0,C32D,2.84,0.00,1.95,1.48,AN1,189B,0.00,0.00,1.95,1.62,AN2,8A94,2.82,5.87,1.95,5.13,AN3,0323,-0.27,6.01,1.95,5.16,POS,1.53,0.93,1.52,70
DIST,4,AN0,C32D,2.84,0.00,1.95,1.51,AN1,189B,0.00,0.00,1.95,1.62,AN2,8A94,2.82,5.87,1.95,5.09,AN3,0323,-0.27,6.01,1.95,5.23,POS,1.47,0.88,1.48,59
DIST,4,AN0,C32D,2.84,0.00,1.95,1.50,AN1,189B,0.00,0.00,1.95,1.65,AN2,8A94,2.82,5.87,1.95,5.06,AN3,0323,-0.27,6.01,1.95,5.18,POS,1.48,0.90,1.48,68
DIST,4,AN0,C32D,2.84,0.00,1.95,1.51,AN1,189B,0.00,0.00,1.95,1.63,AN2,8A94,2.82,5.87,1.95,5.11,AN3,0323,-0.27,6.01,1.95,5.21,POS,1.49,0.90,1.47,66
DIST,4,AN0,C32D,2.84,0.00,1.95,1.51,AN1,189B,0.00,0.00,1.95,1.65,AN2,8A94,2.82,5.87,1.95,5.18,AN3,0323,-0.27,6.01,1.95,5.10,POS,1.49,0.93,1.51,73
DIST,4,AN0,C32D,2.84,0.00,1.95,1.52,AN1,189B,0.00,0.00,1.95,1.56,AN2,8A94,2.82,5.87,1.95,5.15,AN3,0323,-0.27,6.01,1.95,5.19,POS,1.48,0.93,1.52,69
DIST,4,AN0,C32D,2.84,0.00,1.95,1.55,AN1,189B,0.00,0.00,1.95,1.55,AN2,8A94,2.82,5.87,1.95,5.08,AN3,0323,-0.27,6.01,1.95,5.24,POS,1.46,0.91,1.49,66
DIST,4,AN0,C32D,2.84,0.00,1.95,1.55,AN1,189B,0.00,0.00,1.95,1.54,AN2,8A94,2.82,5.87,1.95,5.13,AN3,0323,-0.27,6.01,1.95,5.24,POS,1.41,0.86,1.47,57
DIST,4,AN0,189B,0.00,0.00,1.95,1.59,AN1,C32D,2.84,0.00,1.95,1.55,AN2,8A94,2.82,5.87,1.95,5.09,AN3,0323,-0.27,6.01,1.95,5.26,POS,1.39,0.85,1.50,67
DIST,4,AN0,189B,0.00,0.00,1.95,1.58,AN1,C32D,2.84,0.00,1.95,1.56,AN2,8A94,2.82,5.87,1.95,5.12,AN3,0323,-0.27,6.01,1.95,5.21,POS,1.40,0.86,1.47,67
DIST,4,AN0,189B,0.00,0.00,1.95,1.50,AN1,C32D,2.84,0.00,1.95,1.54,AN2,8A94,2.82,5.87,1.95,5.16,AN3,0323,-0.27,6.01,1.95,5.26,POS,1.35,0.82,1.45,56
DIST,4,AN0,189B,0.00,0.00,1.95,1.57,AN1,C32D,2.84,0.00,1.95,1.54,AN2,8A94,2.82,5.87,1.95,5.17,AN3,0323,-0.27,6.01,1.95,5.25,POS,1.37,0.83,1.44,65
DIST,4,AN0,189B,0.00,0.00,1.95,1.54,AN1,C32D,2.84,0.00,1.95,1.60,AN2,8A94,2.82,5.87,1.95,5.12,AN3,0323,-0.27,6.01,1.95,5.24,POS,1.34,0.82,1.49,66
DIST,3,AN0,C32D,2.84,0.00,1.95,1.53,AN1,8A94,2.82,5.87,1.95,5.23,AN2,0323,-0.27,6.01,1.95,5.17
DIST,4,AN0,8A94,2.82,5.87,1.95,5.30,AN1,0323,-0.27,6.01,1.95,5.19,AN2,C32D,2.84,0.00,1.95,1.67,AN3,189B,0.00,0.00,1.95,1.46,POS,1.33,0.84,1.47,65
DIST,4,AN0,189B,0.00,0.00,1.95,1.47,AN1,C32D,2.84,0.00,1.95,1.71,AN2,8A94,2.82,5.87,1.95,5.29,AN3,0323,-0.27,6.01,1.95,5.20,POS,1.31,0.85,1.43,63
DIST,4,AN0,189B,0.00,0.00,1.95,1.34,AN1,C32D,2.84,0.00,1.95,1.86,AN2,8A94,2.82,5.87,1.95,5.22,AN3,0323,-0.27,6.01,1.95,5.19,POS,1.25,0.83,1.45,57
DIST,4,AN0,189B,0.00,0.00,1.95,1.27,AN1,C32D,2.84,0.00,1.95,1.99,AN2,8A94,2.82,5.87,1.95,5.22,AN3,0323,-0.27,6.01,1.95,5.13,POS,1.18,0.86,1.52,63
DIST,4,AN0,189B,0.00,0.00,1.95,1.25,AN1,C32D,2.84,0.00,1.95,2.07,AN2,8A94,2.82,5.87,1.95,5.29,AN3,0323,-0.27,6.01,1.95,4.97,POS,1.11,0.89,1.49,59
DIST,4,AN0,189B,0.00,0.00,1.95,1.12,AN1,C32D,2.84,0.00,1.95,2.28,AN2,8A94,2.82,5.87,1.95,5.37,AN3,0323,-0.27,6.01,1.95,4.99,POS,0.92,0.84,1.42,51
DIST,4,AN0,189B,0.00,0.00,1.95,1.11,AN1,C32D,2.84,0.00,1.95,2.41,AN2,0323,-0.27,6.01,1.95,4.97,AN3,8A94,2.82,5.87,1.95,5.40,POS,0.83,0.89,1.47,73
DIST,4,AN0,189B,0.00,0.00,1.95,1.06,AN1,C32D,2.84,0.00,1.95,2.54,AN2,0323,-0.27,6.01,1.95,4.82,AN3,8A94,2.82,5.87,1.95,5.37,POS,0.72,0.93,1.45,73
DIST,4,AN0,189B,0.00,0.00,1.95,1.11,AN1,C32D,2.84,0.00,1.95,2.60,AN2,0323,-0.27,6.01,1.95,4.75,AN3,8A94,2.82,5.87,1.95,5.39,POS,0.63,0.98,1.44,77
DIST,4,AN0,189B,0.00,0.00,1.95,1.20,AN1,C32D,2.84,0.00,1.95,2.74,AN2,0323,-0.27,6.01,1.95,4.64,AN3,8A94,2.82,5.87,1.95,5.25,POS,0.48,1.01,1.48,81
DIST,4,AN0,189B,0.00,0.00,1.95,1.21,AN1,C32D,2.84,0.00,1.95,2.84,AN2,0323,-0.27,6.01,1.95,4.51,AN3,8A94,2.82,5.87,1.95,5.20,POS,0.40,1.09,1.49,81
DIST,4,AN0,189B,0.00,0.00,1.95,1.25,AN1,C32D,2.84,0.00,1.95,2.95,AN2,0323,-0.27,6.01,1.95,4.43,AN3,8A94,2.82,5.87,1.95,5.18,POS,0.31,1.17,1.52,81
DIST,4,AN0,189B,0.00,0.00,1.95,1.33,AN1,C32D,2.84,0.00,1.95,3.03,AN2,0323,-0.27,6.01,1.95,4.42,AN3,8A94,2.82,5.87,1.95,5.14,POS,0.22,1.24,1.49,73
DIST,4,AN0,189B,0.00,0.00,1.95,1.36,AN1,C32D,2.84,0.00,1.95,3.05,AN2,0323,-0.27,6.01,1.95,4.49,AN3,8A94,2.82,5.87,1.95,5.19,POS,0.16,1.29,1.54,81
DIST,4,AN0,189B,0.00,0.00,1.95,1.45,AN1,C32D,2.84,0.00,1.95,3.11,AN2,0323,-0.27,6.01,1.95,4.44,AN3,8A94,2.82,5.87,1.95,5.27,POS,0.14,1.34,1.55,80
DIST,4,AN0,189B,0.00,0.00,1.95,1.39,AN1,C32D,2.84,0.00,1.95,3.17,AN2,0323,-0.27,6.01,1.95,4.38,AN3,8A94,2.82,5.87,1.95,5.33,POS,0.07,1.37,1.50,67
DIST,4,AN0,189B,0.00,0.00,1.95,1.42,AN1,C32D,2.84,0.00,1.95,3.15,AN2,0323,-0.27,6.01,1.95,4.32,AN3,8A94,2.82,5.87,1.95,5.27,POS,0.03,1.41,1.47,70
DIST,4,AN0,189B,0.00,0.00,1.95,1.42,AN1,C32D,2.84,0.00,1.95,3.15,AN2,0323,-0.27,6.01,1.95,4.39,AN3,8A94,2.82,5.87,1.95,5.25,POS,0.02,1.44,1.58,80
DIST,4,AN0,189B,0.00,0.00,1.95,1.45,AN1,C32D,2.84,0.00,1.95,3.13,AN2,0323,-0.27,6.01,1.95,4.37,AN3,8A94,2.82,5.87,1.95,5.24,POS,-0.08,1.40,1.54,63
DIST,4,AN0,189B,0.00,0.00,1.95,1.47,AN1,0323,-0.27,6.01,1.95,4.44,AN2,8A94,2.82,5.87,1.95,5.28,AN3,C32D,2.84,0.00,1.95,3.12,POS,-0.16,1.36,1.46,62
DIST,4,AN0,189B,0.00,0.00,1.95,1.48,AN1,0323,-0.27,6.01,1.95,4.39,AN2,8A94,2.82,5.87,1.95,5.27,AN3,C32D,2.84,0.00,1.95,3.11,POS,-0.11,1.40,1.50,80
DIST,4,AN0,189B,0.00,0.00,1.95,1.46,AN1,0323,-0.27,6.01,1.95,4.40,AN2,8A94,2.82,5.87,1.95,5.25,AN3,C32D,2.84,0.00,1.95,3.10,POS,-0.17,1.36,1.46,62
DIST,4,AN0,189B,0.00,0.00,1.95,1.47,AN1,0323,-0.27,6.01,1.95,4.38,AN2,8A94,2.82,5.87,1.95,5.24,AN3,C32D,2.84,0.00,1.95,3.12,POS,-0.23,1.34,1.45,63
DIST,4,AN0,189B,0.00,0.00,1.95,1.45,AN1,0323,-0.27,6.01,1.95,4.38,AN2,8A94,2.82,5.87,1.95,5.25,AN3,C32D,2.84,0.00,1.95,3.19,POS,-0.18,1.39,1.52,80
DIST,4,AN0,189B,0.00,0.00,1.95,1.48,AN1,0323,-0.27,6.01,1.95,4.40,AN2,8A94,2.82,5.87,1.95,5.26,AN3,C32D,2.84,0.00,1.95,3.14,POS,-0.13,1.42,1.54,80
DIST,4,AN0,189B,0.00,0.00,1.95,1.46,AN1,0323,-0.27,6.01,1.95,4.39,AN2,8A94,2.82,5.87,1.95,5.25,AN3,C32D,2.84,0.00,1.95,3.07,POS,-0.07,1.45,1.58,80
DIST,4,AN0,189B,0.00,0.00,1.95,1.43,AN1,0323,-0.27,6.01,1.95,4.43,AN2,8A94,2.82,5.87,1.95,5.29,AN3,C32D,2.84,0.00,1.95,3.19,POS,-0.07,1.46,1.59,79
DIST,4,AN0,189B,0.00,0.00,1.95,1.41,AN1,0323,-0.27,6.01,1.95,4.41,AN2,8A94,2.82,5.87,1.95,5.23,AN3,C32D,2.84,0.00,1.95,3.13,POS,-0.12,1.43,1.56,61
DIST,4,AN0,189B,0.00,0.00,1.95,1.45,AN1,0323,-0.27,6.01,1.95,4.42,AN2,8A94,2.82,5.87,1.95,5.33,AN3,C32D,2.84,0.00,1.95,3.12,POS,-0.22,1.36,1.49,68
DIST,4,AN0,189B,0.00,0.00,1.95,1.46,AN1,0323,-0.27,6.01,1.95,4.40,AN2,8A94,2.82,5.87,1.95,5.33,AN3,C32D,2.84,0.00,1.95,3.17,POS,-0.31,1.31,1.42,69
DIST,4,AN0,189B,0.00,0.00,1.95,1.39,AN1,0323,-0.27,6.01,1.95,4.40,AN2,C32D,2.84,0.00,1.95,3.15,AN3,8A94,2.82,5.87,1.95,5.21,POS,-0.29,1.32,1.40,59
DIST,4,AN0,189B,0.00,0.00,1.95,1.38,AN1,0323,-0.27,6.01,1.95,4.38,AN2,C32D,2.84,0.00,1.95,3.13,AN3,8A94,2.82,5.87,1.95,5.23,POS,-0.24,1.36,1.40,71
DIST,4,AN0,189B,0.00,0.00,1.95,1.39,AN1,0323,-0.27,6.01,1.95,4.36,AN2,8A94,2.82,5.87,1.95,5.22,AN3,C32D,2.84,0.00,1.95,3.18,POS,-0.26,1.36,1.47,62
DIST,4,AN0,189B,0.00,0.00,1.95,1.37,AN1,0323,-0.27,6.01,1.95,4.39,AN2,8A94,2.82,5.87,1.95,5.27,AN3,C32D,2.84,0.00,1.95,3.14,POS,-0.22,1.38,1.45,70
DIST,4,AN0,189B,0.00,0.00,1.95,1.35,AN1,0323,-0.27,6.01,1.95,4.37,AN2,8A94,2.82,5.87,1.95,5.20,AN3,C32D,2.84,0.00,1.95,3.19,POS,-0.22,1.40,1.46,67
DIST,4,AN0,189B,0.00,0.00,1.95,1.35,AN1,0323,-0.27,6.01,1.95,4.38,AN2,8A94,2.82,5.87,1.95,5.23,AN3,C32D,2.84,0.00,1.95,3.12,POS,-0.18,1.42,1.45,72
DIST,4,AN0,189B,0.00,0.00,1.95,1.47,AN1,0323,-0.27,6.01,1.95,4.35,AN2,8A94,2.82,5.87,1.95,5.15,AN3,C32D,2.84,0.00,1.95,3.13,POS,-0.20,1.41,1.44,62
DIST,4,AN0,189B,0.00,0.00,1.95,1.41,AN1,0323,-0.27,6.01,1.95,4.31,AN2,8A94,2.82,5.87,1.95,5.12,AN3,C32D,2.84,0.00,1.95,3.11,POS,-0.21,1.41,1.48,68
DIST,4,AN0,189B,0.00,0.00,1.95,1.48,AN1,0323,-0.27,6.01,1.95,4.30,AN2,8A94,2.82,5.87,1.95,5.10,AN3,C32D,2.84,0.00,1.95,3.17,POS,-0.19,1.45,1.44,67
DIST,4,AN0,189B,0.00,0.00,1.95,1.51,AN1,0323,-0.27,6.01,1.95,4.37,AN2,8A94,2.82,5.87,1.95,5.05,AN3,C32D,2.84,0.00,1.95,3.18,POS,-0.14,1.48,1.48,79
DIST,4,AN0,189B,0.00,0.00,1.95,1.47,AN1,0323,-0.27,6.01,1.95,4.28,AN2,8A94,2.82,5.87,1.95,5.08,AN3,C32D,2.84,0.00,1.95,3.19,POS,-0.14,1.50,1.46,68
DIST,4,AN0,189B,0.00,0.00,1.95,1.48,AN1,0323,-0.27,6.01,1.95,4.30,AN2,8A94,2.82,5.87,1.95,5.06,AN3,C32D,2.84,0.00,1.95,3.12,POS,-0.13,1.52,1.42,69
DIST,4,AN0,189B,0.00,0.00,1.95,1.51,AN1,0323,-0.27,6.01,1.95,4.28,AN2,8A94,2.82,5.87,1.95,5.11,AN3,C32D,2.84,0.00,1.95,3.17,POS,-0.16,1.50,1.43,63
DIST,4,AN0,189B,0.00,0.00,1.95,1.44,AN1,0323,-0.27,6.01,1.95,4.22,AN2,8A94,2.82,5.87,1.95,5.15,AN3,C32D,2.84,0.00,1.95,3.18,POS,-0.14,1.53,1.48,76
DIST,4,AN0,189B,0.00,0.00,1.95,1.45,AN1,0323,-0.27,6.01,1.95,4.25,AN2,8A94,2.82,5.87,1.95,5.06,AN3,C32D,2.84,0.00,1.95,3.20,POS,-0.15,1.54,1.49,70
DIST,4,AN0,189B,0.00,0.00,1.95,1.45,AN1,0323,-0.27,6.01,1.95,4.29,AN2,8A94,2.82,5.87,1.95,5.06,AN3,C32D,2.84,0.00,1.95,3.17,POS,-0.14,1.55,1.47,70
DIST,4,AN0,189B,0.00,0.00,1.95,1.43,AN1,0323,-0.27,6.01,1.95,4.27,AN2,8A94,2.82,5.87,1.95,5.14,AN3,C32D,2.84,0.00,1.95,3.21,POS,-0.19,1.52,1.51,64
DIST,4,AN0,189B,0.00,0.00,1.95,1.45,AN1,0323,-0.27,6.01,1.95,4.26,AN2,8A94,2.82,5.87,1.95,5.13,AN3,C32D,2.84,0.00,1.95,3.20,POS,-0.17,1.54,1.51,71
DIST,4,AN0,189B,0.00,0.00,1.95,1.47,AN1,0323,-0.27,6.01,1.95,4.26,AN2,8A94,2.82,5.87,1.95,5.10,AN3,C32D,2.84,0.00,1.95,3.11,POS,-0.13,1.55,1.49,76
DIST,4,AN0,189B,0.00,0.00,1.95,1.47,AN1,0323,-0.27,6.01,1.95,4.22,AN2,8A94,2.82,5.87,1.95,5.13,AN3,C32D,2.84,0.00,1.95,3.19,POS,-0.12,1.56,1.50,74
DIST,4,AN0,189B,0.00,0.00,1.95,1.46,AN1,0323,-0.27,6.01,1.95,4.24,AN2,8A94,2.82,5.87,1.95,5.15,AN3,C32D,2.84,0.00,1.95,3.19,POS,-0.11,1.57,1.50,73
DIST,4,AN0,189B,0.00,0.00,1.95,1.47,AN1,0323,-0.27,6.01,1.95,4.29,AN2,8A94,2.82,5.87,1.95,5.10,AN3,C32D,2.84,0.00,1.95,3.15,POS,-0.14,1.54,1.47,63
DIST,4,AN0,189B,0.00,0.00,1.95,1.47,AN1,0323,-0.27,6.01,1.95,4.23,AN2,8A94,2.82,5.87,1.95,5.08,AN3,C32D,2.84,0.00,1.95,3.21,POS,-0.15,1.56,1.48,69
DIST,4,AN0,189B,0.00,0.00,1.95,1.47,AN1,0323,-0.27,6.01,1.95,4.21,AN2,8A94,2.82,5.87,1.95,5.07,AN3,C32D,2.84,0.00,1.95,3.17,POS,-0.14,1.57,1.50,75
DIST,4,AN0,189B,0.00,0.00,1.95,1.47,AN1,0323,-0.27,6.01,1.95,4.30,AN2,8A94,2.82,5.87,1.95,5.10,AN3,C32D,2.84,0.00,1.95,3.19,POS,-0.14,1.57,1.47,66
DIST,4,AN0,189B,0.00,0.00,1.95,1.48,AN1,0323,-0.27,6.01,1.95,4.22,AN2,8A94,2.82,5.87,1.95,5.12,AN3,C32D,2.84,0.00,1.95,3.17,POS,-0.12,1.58,1.48,75
DIST,4,AN0,189B,0.00,0.00,1.95,1.46,AN1,0323,-0.27,6.01,1.95,4.24,AN2,8A94,2.82,5.87,1.95,5.03,AN3,C32D,2.84,0.00,1.95,3.17,POS,-0.12,1.58,1.48,72
DIST,4,AN0,189B,0.00,0.00,1.95,1.49,AN1,0323,-0.27,6.01,1.95,4.24,AN2,8A94,2.82,5.87,1.95,5.11,AN3,C32D,2.84,0.00,1.95,3.19,POS,-0.17,1.56,1.58,66
DIST,4,AN0,189B,0.00,0.00,1.95,1.51,AN1,0323,-0.27,6.01,1.95,4.22,AN2,8A94,2.82,5.87,1.95,5.09,AN3,C32D,2.84,0.00,1.95,3.22,POS,-0.20,1.54,1.57,63
DIST,4,AN0,189B,0.00,0.00,1.95,1.48,AN1,0323,-0.27,6.01,1.95,4.27,AN2,8A94,2.82,5.87,1.95,5.05,AN3,C32D,2.84,0.00,1.95,3.19,POS,-0.18,1.55,1.52,69
DIST,4,AN0,189B,0.00,0.00,1.95,1.49,AN1,0323,-0.27,6.01,1.95,4.18,AN2,8A94,2.82,5.87,1.95,5.07,AN3,C32D,2.84,0.00,1.95,3.24,POS,-0.22,1.55,1.57,65
DIST,4,AN0,189B,0.00,0.00,1.95,1.55,AN1,0323,-0.27,6.01,1.95,4.17,AN2,8A94,2.82,5.87,1.95,5.05,AN3,C32D,2.84,0.00,1.95,3.18,POS,-0.17,1.58,1.54,75
DIST,4,AN0,189B,0.00,0.00,1.95,1.56,AN1,0323,-0.27,6.01,1.95,4.21,AN2,8A94,2.82,5.87,1.95,5.02,AN3,C32D,2.84,0.00,1.95,3.20,POS,-0.16,1.60,1.49,68
DIST,4,AN0,189B,0.00,0.00,1.95,1.60,AN1,0323,-0.27,6.01,1.95,4.15,AN2,8A94,2.82,5.87,1.95,4.93,AN3,C32D,2.84,0.00,1.95,3.11,POS,-0.15,1.60,1.48,70
DIST,4,AN0,189B,0.00,0.00,1.95,1.64,AN1,0323,-0.27,6.01,1.95,4.14,AN2,8A94,2.82,5.87,1.95,4.87,AN3,C32D,2.84,0.00,1.95,3.17,POS,-0.11,1.63,1.44,72
DIST,4,AN0,189B,0.00,0.00,1.95,1.66,AN1,0323,-0.27,6.01,1.95,4.14,AN2,8A94,2.82,5.87,1.95,4.83,AN3,C32D,2.84,0.00,1.95,3.04,POS,-0.08,1.63,1.40,72
DIST,4,AN0,189B,0.00,0.00,1.95,1.77,AN1,0323,-0.27,6.01,1.95,4.05,AN2,8A94,2.82,5.87,1.95,4.68,AN3,C32D,2.84,0.00,1.95,3.03,POS,-0.01,1.68,1.38,77
DIST,4,AN0,189B,0.00,0.00,1.95,1.79,AN1,0323,-0.27,6.01,1.95,4.06,AN2,8A94,2.82,5.87,1.95,4.56,AN3,C32D,2.84,0.00,1.95,2.89,POS,0.10,1.72,1.37,76
DIST,4,AN0,189B,0.00,0.00,1.95,1.92,AN1,C32D,2.84,0.00,1.95,2.82,AN2,0323,-0.27,6.01,1.95,4.00,AN3,8A94,2.82,5.87,1.95,4.37,POS,0.22,1.77,1.39,75
DIST,4,AN0,189B,0.00,0.00,1.95,2.09,AN1,C32D,2.84,0.00,1.95,2.78,AN2,0323,-0.27,6.01,1.95,3.92,AN3,8A94,2.82,5.87,1.95,4.23,POS,0.33,1.83,1.45,81
DIST,4,AN0,189B,0.00,0.00,1.95,2.22,AN1,C32D,2.84,0.00,1.95,2.79,AN2,0323,-0.27,6.01,1.95,3.91,AN3,8A94,2.82,5.87,1.95,4.09,POS,0.47,1.91,1.40,81
DIST,4,AN0,189B,0.00,0.00,1.95,2.37,AN1,C32D,2.84,0.00,1.95,2.76,AN2,0323,-0.27,6.01,1.95,3.84,AN3,8A94,2.82,5.87,1.95,4.03,POS,0.56,1.97,1.44,86
DIST,4,AN0,189B,0.00,0.00,1.95,2.46,AN1,C32D,2.84,0.00,1.95,2.75,AN2,0323,-0.27,6.01,1.95,3.86,AN3,8A94,2.82,5.87,1.95,3.92,POS,0.69,2.03,1.39,86
DIST,4,AN0,189B,0.00,0.00,1.95,2.57,AN1,C32D,2.84,0.00,1.95,2.74,AN2,0323,-0.27,6.01,1.95,3.90,AN3,8A94,2.82,5.87,1.95,3.83,POS,0.82,2.10,1.45,95
DIST,4,AN0,189B,0.00,0.00,1.95,2.58,AN1,C32D,2.84,0.00,1.95,2.75,AN2,0323,-0.27,6.01,1.95,3.83,AN3,8A94,2.82,5.87,1.95,3.79,POS,0.92,2.15,1.39,87
DIST,4,AN0,189B,0.00,0.00,1.95,2.60,AN1,C32D,2.84,0.00,1.95,2.77,AN2,0323,-0.27,6.01,1.95,3.82,AN3,8A94,2.82,5.87,1.95,3.76,POS,1.00,2.20,1.34,87
DIST,4,AN0,189B,0.00,0.00,1.95,2.63,AN1,C32D,2.84,0.00,1.95,2.72,AN2,0323,-0.27,6.01,1.95,3.85,AN3,8A94,2.82,5.87,1.95,3.69,POS,1.08,2.25,1.47,98
DIST,4,AN0,189B,0.00,0.00,1.95,2.64,AN1,C32D,2.84,0.00,1.95,2.75,AN2,0323,-0.27,6.01,1.95,3.83,AN3,8A94,2.82,5.87,1.95,3.70,POS,1.13,2.28,1.53,97
DIST,4,AN0,189B,0.00,0.00,1.95,2.62,AN1,C32D,2.84,0.00,1.95,2.79,AN2,8A94,2.82,5.87,1.95,3.69,AN3,0323,-0.27,6.01,1.95,3.83,POS,1.17,2.31,1.57,97
DIST,4,AN0,189B,0.00,0.00,1.95,2.65,AN1,C32D,2.84,0.00,1.95,2.80,AN2,8A94,2.82,5.87,1.95,3.63,AN3,0323,-0.27,6.01,1.95,3.82,POS,1.20,2.34,1.49,90
DIST,4,AN0,189B,0.00,0.00,1.95,2.63,AN1,C32D,2.84,0.00,1.95,2.80,AN2,8A94,2.82,5.87,1.95,3.66,AN3,0323,-0.27,6.01,1.95,3.74,POS,1.21,2.36,1.43,90
DIST,4,AN0,189B,0.00,0.00,1.95,2.64,AN1,C32D,2.84,0.00,1.95,2.83,AN2,8A94,2.82,5.87,1.95,3.62,AN3,0323,-0.27,6.01,1.95,3.75,POS,1.22,2.38,1.39,90
DIST,4,AN0,189B,0.00,0.00,1.95,2.69,AN1,C32D,2.84,0.00,1.95,2.83,AN2,8A94,2.82,5.87,1.95,3.56,AN3,0323,-0.27,6.01,1.95,3.74,POS,1.24,2.40,1.36,91
DIST,4,AN0,189B,0.00,0.00,1.95,2.70,AN1,C32D,2.84,0.00,1.95,2.88,AN2,8A94,2.82,5.87,1.95,3.57,AN3,0323,-0.27,6.01,1.95,3.67,POS,1.24,2.43,1.33,90
DIST,4,AN0,189B,0.00,0.00,1.95,2.75,AN1,C32D,2.84,0.00,1.95,2.89,AN2,8A94,2.82,5.87,1.95,3.47,AN3,0323,-0.27,6.01,1.95,3.66,POS,1.26,2.46,1.34,93
DIST,4,AN0,189B,0.00,0.00,1.95,2.85,AN1,C32D,2.84,0.00,1.95,2.83,AN2,8A94,2.82,5.87,1.95,3.41,AN3,0323,-0.27,6.01,1.95,3.62,POS,1.29,2.50,1.36,94
DIST,4,AN0,189B,0.00,0.00,1.95,3.00,AN1,C32D,2.84,0.00,1.95,2.87,AN2,8A94,2.82,5.87,1.95,3.26,AN3,0323,-0.27,6.01,1.95,3.53,POS,1.33,2.55,1.43,97
DIST,4,AN0,189B,0.00,0.00,1.95,3.10,AN1,C32D,2.84,0.00,1.95,2.92,AN2,8A94,2.82,5.87,1.95,3.25,AN3,0323,-0.27,6.01,1.95,3.61,POS,1.39,2.60,1.52,98
DIST,4,AN0,189B,0.00,0.00,1.95,3.26,AN1,C32D,2.84,0.00,1.95,2.92,AN2,8A94,2.82,5.87,1.95,3.11,AN3,0323,-0.27,6.01,1.95,3.63,POS,1.49,2.67,1.46,89
DIST,4,AN0,C32D,2.84,0.00,1.95,2.96,AN1,189B,0.00,0.00,1.95,3.42,AN2,8A94,2.82,5.87,1.95,2.95,AN3,0323,-0.27,6.01,1.95,3.54,POS,1.61,2.76,1.54,92
DIST,4,AN0,C32D,2.84,0.00,1.95,3.07,AN1,189B,0.00,0.00,1.95,3.53,AN2,8A94,2.82,5.87,1.95,2.82,AN3,0323,-0.27,6.01,1.95,3.54,POS,1.70,2.84,1.48,86
DIST,4,AN0,C32D,2.84,0.00,1.95,3.14,AN1,8A94,2.82,5.87,1.95,2.72,AN2,189B,0.00,0.00,1.95,3.80,AN3,0323,-0.27,6.01,1.95,3.43,POS,1.75,2.92,1.45,88
DIST,4,AN0,C32D,2.84,0.00,1.95,3.23,AN1,8A94,2.82,5.87,1.95,2.60,AN2,189B,0.00,0.00,1.95,3.86,AN3,0323,-0.27,6.01,1.95,3.53,POS,1.88,3.02,1.44,78
DIST,4,AN0,8A94,2.82,5.87,1.95,2.55,AN1,C32D,2.84,0.00,1.95,3.25,AN2,189B,0.00,0.00,1.95,4.07,AN3,0323,-0.27,6.01,1.95,3.67,POS,2.04,3.12,1.43,74
DIST,4,AN0,8A94,2.82,5.87,1.95,2.45,AN1,C32D,2.84,0.00,1.95,3.26,AN2,0323,-0.27,6.01,1.95,3.72,AN3,189B,0.00,0.00,1.95,4.10,POS,2.17,3.19,1.41,75
DIST,4,AN0,8A94,2.82,5.87,1.95,2.43,AN1,C32D,2.84,0.00,1.95,3.31,AN2,0323,-0.27,6.01,1.95,3.75,AN3,189B,0.00,0.00,1.95,4.29,POS,2.25,3.23,1.46,74
DIST,4,AN0,8A94,2.82,5.87,1.95,2.40,AN1,C32D,2.84,0.00,1.95,3.39,AN2,0323,-0.27,6.01,1.95,3.76,AN3,189B,0.00,0.00,1.95,4.25,POS,2.33,3.28,1.45,75
DIST,4,AN0,8A94,2.82,5.87,1.95,2.37,AN1,C32D,2.84,0.00,1.95,3.32,AN2,0323,-0.27,6.01,1.95,3.74,AN3,189B,0.00,0.00,1.95,4.23,POS,2.43,3.33,1.44,76
DIST,4,AN0,8A94,2.82,5.87,1.95,2.37,AN1,C32D,2.84,0.00,1.95,3.37,AN2,0323,-0.27,6.01,1.95,3.76,AN3,189B,0.00,0.00,1.95,4.25,POS,2.47,3.36,1.47,75
DIST,4,AN0,8A94,2.82,5.87,1.95,2.37,AN1,C32D,2.84,0.00,1.95,3.40,AN2,0323,-0.27,6.01,1.95,3.79,AN3,189B,0.00,0.00,1.95,4.30,POS,2.52,3.38,1.47,76
DIST,4,AN0,8A94,2.82,5.87,1.95,2.41,AN1,C32D,2.84,0.00,1.95,3.39,AN2,0323,-0.27,6.01,1.95,3.74,AN3,189B,0.00,0.00,1.95,4.27,POS,2.53,3.40,1.46,75
DIST,4,AN0,8A94,2.82,5.87,1.95,2.36,AN1,C32D,2.84,0.00,1.95,3.39,AN2,0323,-0.27,6.01,1.95,3.70,AN3,189B,0.00,0.00,1.95,4.33,POS,2.53,3.41,1.50,75
DIST,4,AN0,8A94,2.82,5.87,1.95,2.30,AN1,C32D,2.84,0.00,1.95,3.43,AN2,0323,-0.27,6.01,1.95,3.61,AN3,189B,0.00,0.00,1.95,4.41,POS,2.61,3.49,1.51,74
DIST,4,AN0,8A94,2.82,5.87,1.95,2.29,AN1,C32D,2.84,0.00,1.95,3.53,AN2,0323,-0.27,6.01,1.95,3.54,AN3,189B,0.00,0.00,1.95,4.38,POS,2.55,3.51,1.50,75
DIST,4,AN0,8A94,2.82,5.87,1.95,2.22,AN1,C32D,2.84,0.00,1.95,3.56,AN2,0323,-0.27,6.01,1.95,3.46,AN3,189B,0.00,0.00,1.95,4.38,POS,2.50,3.53,1.54,76
DIST,4,AN0,8A94,2.82,5.87,1.95,2.26,AN1,C32D,2.84,0.00,1.95,3.62,AN2,0323,-0.27,6.01,1.95,3.39,AN3,189B,0.00,0.00,1.95,4.39,POS,2.43,3.56,1.52,76
DIST,4,AN0,8A94,2.82,5.87,1.95,2.20,AN1,C32D,2.84,0.00,1.95,3.75,AN2,0323,-0.27,6.01,1.95,3.34,AN3,189B,0.00,0.00,1.95,4.37,POS,2.39,3.61,1.46,77
DIST,4,AN0,8A94,2.82,5.87,1.95,2.13,AN1,0323,-0.27,6.01,1.95,3.08,AN2,C32D,2.84,0.00,1.95,3.75,AN3,189B,0.00,0.00,1.95,4.48,POS,2.30,3.65,1.40,75
DIST,4,AN0,8A94,2.82,5.87,1.95,1.99,AN1,0323,-0.27,6.01,1.95,3.09,AN2,C32D,2.84,0.00,1.95,3.83,AN3,189B,0.00,0.00,1.95,4.44,POS,2.32,3.75,1.35,79
DIST,4,AN0,8A94,2.82,5.87,1.95,1.97,AN1,0323,-0.27,6.01,1.95,2.91,AN2,C32D,2.84,0.00,1.95,3.88,AN3,189B,0.00,0.00,1.95,4.49,POS,2.24,3.80,1.36,76
DIST,4,AN0,8A94,2.82,5.87,1.95,2.00,AN1,0323,-0.27,6.01,1.95,2.90,AN2,C32D,2.84,0.00,1.95,3.91,AN3,189B,0.00,0.00,1.95,4.35,POS,2.20,3.86,1.41,78
DIST,4,AN0,8A94,2.82,5.87,1.95,2.07,AN1,0323,-0.27,6.01,1.95,2.78,AN2,C32D,2.84,0.00,1.95,3.91,AN3,189B,0.00,0.00,1.95,4.35,POS,2.10,3.87,1.40,81
DIST,4,AN0,8A94,2.82,5.87,1.95,2.08,AN1,0323,-0.27,6.01,1.95,2.75,AN2,C32D,2.84,0.00,1.95,3.90,AN3,189B,0.00,0.00,1.95,4.31,POS,2.01,3.88,1.41,83
DIST,4,AN0,8A94,2.82,5.87,1.95,2.14,AN1,0323,-0.27,6.01,1.95,2.68,AN2,C32D,2.84,0.00,1.95,3.92,AN3,189B,0.00,0.00,1.95,4.20,POS,1.97,3.92,1.37,75
DIST,4,AN0,8A94,2.82,5.87,1.95,2.16,AN1,0323,-0.27,6.01,1.95,2.65,AN2,C32D,2.84,0.00,1.95,3.91,AN3,189B,0.00,0.00,1.95,4.28,POS,1.88,3.92,1.42,89
DIST,4,AN0,8A94,2.82,5.87,1.95,2.18,AN1,0323,-0.27,6.01,1.95,2.63,AN2,C32D,2.84,0.00,1.95,3.94,AN3,189B,0.00,0.00,1.95,4.22,POS,1.80,3.91,1.43,88
DIST,4,AN0,8A94,2.82,5.87,1.95,2.24,AN1,0323,-0.27,6.01,1.95,2.49,AN2,C32D,2.84,0.00,1.95,4.07,AN3,189B,0.00,0.00,1.95,4.13,POS,1.73,3.94,1.45,88
DIST,4,AN0,8A94,2.82,5.87,1.95,2.22,AN1,0323,-0.27,6.01,1.95,2.52,AN2,C32D,2.84,0.00,1.95,4.12,AN3,189B,0.00,0.00,1.95,4.21,POS,1.68,3.98,1.43,83
DIST,4,AN0,8A94,2.82,5.87,1.95,2.30,AN1,0323,-0.27,6.01,1.95,2.48,AN2,C32D,2.84,0.00,1.95,4.18,AN3,189B,0.00,0.00,1.95,4.17,POS,1.61,3.99,1.45,89
DIST,4,AN0,8A94,2.82,5.87,1.95,2.31,AN1,0323,-0.27,6.01,1.95,2.48,AN2,C32D,2.84,0.00,1.95,4.16,AN3,189B,0.00,0.00,1.95,4.22,POS,1.58,4.02,1.42,84
DIST,4,AN0,8A94,2.82,5.87,1.95,2.46,AN1,0323,-0.27,6.01,1.95,2.48,AN2,C32D,2.84,0.00,1.95,4.16,AN3,189B,0.00,0.00,1.95,4.16,POS,1.49,3.99,1.47,90
DIST,4,AN0,8A94,2.82,5.87,1.95,2.33,AN1,0323,-0.27,6.01,1.95,2.52,AN2,C32D,2.84,0.00,1.95,4.10,AN3,189B,0.00,0.00,1.95,4.24,POS,1.45,3.99,1.40,82
DIST,4,AN0,8A94,2.82,5.87,1.95,2.29,AN1,0323,-0.27,6.01,1.95,2.42,AN2,C32D,2.84,0.00,1.95,4.16,AN3,189B,0.00,0.00,1.95,4.13,POS,1.42,4.00,1.39,86
DIST,4,AN0,8A94,2.82,5.87,1.95,2.34,AN1,0323,-0.27,6.01,1.95,2.38,AN2,C32D,2.84,0.00,1.95,4.11,AN3,189B,0.00,0.00,1.95,4.19,POS,1.37,3.99,1.40,87
DIST,4,AN0,8A94,2.82,5.87,1.95,2.28,AN1,0323,-0.27,6.01,1.95,2.42,AN2,189B,0.00,0.00,1.95,4.16,AN3,C32D,2.84,0.00,1.95,4.09,POS,1.41,4.03,1.34,79
DIST,4,AN0,8A94,2.82,5.87,1.95,2.37,AN1,0323,-0.27,6.01,1.95,2.48,AN2,189B,0.00,0.00,1.95,4.18,AN3,C32D,2.84,0.00,1.95,4.14,POS,1.43,4.04,1.34,85
DIST,4,AN0,8A94,2.82,5.87,1.95,2.35,AN1,0323,-0.27,6.01,1.95,2.45,AN2,C32D,2.84,0.00,1.95,4.13,AN3,189B,0.00,0.00,1.95,4.13,POS,1.43,4.04,1.35,87
DIST,4,AN0,8A94,2.82,5.87,1.95,2.38,AN1,0323,-0.27,6.01,1.95,2.47,AN2,C32D,2.84,0.00,1.95,4.08,AN3,189B,0.00,0.00,1.95,4.14,POS,1.38,4.01,1.33,85
DIST,4,AN0,8A94,2.82,5.87,1.95,2.36,AN1,0323,-0.27,6.01,1.95,2.45,AN2,189B,0.00,0.00,1.95,4.21,AN3,C32D,2.84,0.00,1.95,4.05,POS,1.35,3.99,1.36,88
DIST,4,AN0,8A94,2.82,5.87,1.95,2.39,AN1,0323,-0.27,6.01,1.95,2.41,AN2,189B,0.00,0.00,1.95,4.17,AN3,C32D,2.84,0.00,1.95,4.11,POS,1.32,3.97,1.36,85
DIST,4,AN0,8A94,2.82,5.87,1.95,2.34,AN1,0323,-0.27,6.01,1.95,2.45,AN2,189B,0.00,0.00,1.95,4.14,AN3,C32D,2.84,0.00,1.95,4.10,POS,1.36,4.00,1.40,88
DIST,4,AN0,8A94,2.82,5.87,1.95,2.31,AN1,0323,-0.27,6.01,1.95,2.39,AN2,189B,0.00,0.00,1.95,4.19,AN3,C32D,2.84,0.00,1.95,4.07,POS,1.33,3.98,1.45,90
DIST,4,AN0,8A94,2.82,5.87,1.95,2.31,AN1,0323,-0.27,6.01,1.95,2.41,AN2,189B,0.00,0.00,1.95,4.13,AN3,C32D,2.84,0.00,1.95,4.07,POS,1.37,4.01,1.39,81
DIST,4,AN0,8A94,2.82,5.87,1.95,2.33,AN1,0323,-0.27,6.01,1.95,2.40,AN2,189B,0.00,0.00,1.95,4.15,AN3,C32D,2.84,0.00,1.95,4.17,POS,1.38,4.03,1.39,87
DIST,4,AN0,8A94,2.82,5.87,1.95,2.33,AN1,0323,-0.27,6.01,1.95,2.33,AN2,189B,0.00,0.00,1.95,4.18,AN3,C32D,2.84,0.00,1.95,4.06,POS,1.33,4.01,1.34,80
DIST,4,AN0,8A94,2.82,5.87,1.95,2.33,AN1,0323,-0.27,6.01,1.95,2.37,AN2,189B,0.00,0.00,1.95,4.12,AN3,C32D,2.84,0.00,1.95,4.07,POS,1.30,3.99,1.42,90
DIST,4,AN0,8A94,2.82,5.87,1.95,2.32,AN1,0323,-0.27,6.01,1.95,2.37,AN2,189B,0.00,0.00,1.95,4.19,AN3,C32D,2.84,0.00,1.95,4.09,POS,1.28,3.98,1.46,89
DIST,4,AN0,8A94,2.82,5.87,1.95,2.33,AN1,0323,-0.27,6.01,1.95,2.38,AN2,189B,0.00,0.00,1.95,4.20,AN3,C32D,2.84,0.00,1.95,4.20,POS,1.32,4.02,1.45,86
DIST,4,AN0,8A94,2.82,5.87,1.95,2.30,AN1,0323,-0.27,6.01,1.95,2.40,AN2,189B,0.00,0.00,1.95,4.11,AN3,C32D,2.84,0.00,1.95,4.17,POS,1.31,4.03,1.42,84
DIST,4,AN0,8A94,2.82,5.87,1.95,2.31,AN1,0323,-0.27,6.01,1.95,2.41,AN2,189B,0.00,0.00,1.95,4.14,AN3,C32D,2.84,0.00,1.95,4.13,POS,1.34,4.04,1.45,89
DIST,4,AN0,8A94,2.82,5.87,1.95,2.31,AN1,0323,-0.27,6.01,1.95,2.42,AN2,189B,0.00,0.00,1.95,4.16,AN3,C32D,2.84,0.00,1.95,4.14,POS,1.37,4.05,1.47,88
DIST,4,AN0,8A94,2.82,5.87,1.95,2.31,AN1,0323,-0.27,6.01,1.95,2.43,AN2,189B,0.00,0.00,1.95,4.17,AN3,C32D,2.84,0.00,1.95,4.06,POS,1.35,4.02,1.47,89
DIST,4,AN0,8A94,2.82,5.87,1.95,2.29,AN1,0323,-0.27,6.01,1.95,2.36,AN2,189B,0.00,0.00,1.95,4.17,AN3,C32D,2.84,0.00,1.95,4.11,POS,1.39,4.06,1.42,81
DIST,4,AN0,8A94,2.82,5.87,1.95,2.33,AN1,0323,-0.27,6.01,1.95,2.39,AN2,189B,0.00,0.00,1.95,4.14,AN3,C32D,2.84,0.00,1.95,4.08,POS,1.35,4.03,1.45,89
DIST,4,AN0,8A94,2.82,5.87,1.95,2.33,AN1,0323,-0.27,6.01,1.95,2.44,AN2,189B,0.00,0.00,1.95,4.16,AN3,C32D,2.84,0.00,1.95,4.08,POS,1.40,4.05,1.38,79
DIST,4,AN0,8A94,2.82,5.87,1.95,2.37,AN1,0323,-0.27,6.01,1.95,2.45,AN2,189B,0.00,0.00,1.95,4.16,AN3,C32D,2.84,0.00,1.95,4.07,POS,1.36,4.02,1.38,86
DIST,4,AN0,8A94,2.82,5.87,1.95,2.35,AN1,0323,-0.27,6.01,1.95,2.42,AN2,189B,0.00,0.00,1.95,4.11,AN3,C32D,2.84,0.00,1.95,4.10,POS,1.38,4.03,1.43,90
DIST,4,AN0,8A94,2.82,5.87,1.95,2.36,AN1,0323,-0.27,6.01,1.95,2.40,AN2,189B,0.00,0.00,1.95,4.15,AN3,C32D,2.84,0.00,1.95,4.08,POS,1.34,4.00,1.44,88
DIST,4,AN0,8A94,2.82,5.87,1.95,2.32,AN1,0323,-0.27,6.01,1.95,2.48,AN2,189B,0.00,0.00,1.95,4.10,AN3,C32D,2.84,0.00,1.95,4.13,POS,1.34,4.01,1.40,84
DIST,4,AN0,8A94,2.82,5.87,1.95,2.33,AN1,0323,-0.27,6.01,1.95,2.43,AN2,189B,0.00,0.00,1.95,4.14,AN3,C32D,2.84,0.00,1.95,4.08,POS,1.33,3.99,1.40,87
DIST,4,AN0,8A94,2.82,5.87,1.95,2.35,AN1,0323,-0.27,6.01,1.95,2.47,AN2,189B,0.00,0.00,1.95,4.17,AN3,C32D,2.84,0.00,1.95,4.11,POS,1.32,3.98,1.36,84
DIST,4,AN0,8A94,2.82,5.87,1.95,2.35,AN1,0323,-0.27,6.01,1.95,2.43,AN2,189B,0.00,0.00,1.95,4.13,AN3,C32D,2.84,0.00,1.95,4.04,POS,1.30,3.97,1.40,89
DIST,4,AN0,8A94,2.82,5.87,1.95,2.34,AN1,0323,-0.27,6.01,1.95,2.43,AN2,189B,0.00,0.00,1.95,4.12,AN3,C32D,2.84,0.00,1.95,4.11,POS,1.34,3.99,1.43,89
DIST,4,AN0,8A94,2.82,5.87,1.95,2.33,AN1,0323,-0.27,6.01,1.95,2.46,AN2,189B,0.00,0.00,1.95,4.14,AN3,C32D,2.84,0.00,1.95,4.08,POS,1.32,3.98,1.41,86
DIST,4,AN0,8A94,2.82,5.87,1.95,2.37,AN1,0323,-0.27,6.01,1.95,2.40,AN2,189B,0.00,0.00,1.95,4.17,AN3,C32D,2.84,0.00,1.95,4.10,POS,1.30,3.97,1.41,86
DIST,4,AN0,8A94,2.82,5.87,1.95,2.35,AN1,0323,-0.27,6.01,1.95,2.41,AN2,189B,0.00,0.00,1.95,4.12,AN3,C32D,2.84,0.00,1.95,4.07,POS,1.35,4.00,1.36,81
DIST,4,AN0,8A94,2.82,5.87,1.95,2.34,AN1,0323,-0.27,6.01,1.95,2.37,AN2,189B,0.00,0.00,1.95,4.16,AN3,C32D,2.84,0.00,1.95,4.10,POS,1.31,3.99,1.40,88
DIST,4,AN0,8A94,2.82,5.87,1.95,2.32,AN1,0323,-0.27,6.01,1.95,2.43,AN2,189B,0.00,0.00,1.95,4.14,AN3,C32D,2.84,0.00,1.95,4.04,POS,1.30,3.97,1.44,90
DIST,4,AN0,8A94,2.82,5.87,1.95,2.35,AN1,0323,-0.27,6.01,1.95,2.41,AN2,189B,0.00,0.00,1.95,4.12,AN3,C32D,2.84,0.00,1.95,4.15,POS,1.32,3.99,1.43,88
DIST,4,AN0,8A94,2.82,5.87,1.95,2.33,AN1,0323,-0.27,6.01,1.95,2.39,AN2,189B,0.00,0.00,1.95,4.15,AN3,C32D,2.84,0.00,1.95,4.06,POS,1.30,3.98,1.48,90
DIST,4,AN0,8A94,2.82,5.87,1.95,2.36,AN1,0323,-0.27,6.01,1.95,2.43,AN2,189B,0.00,0.00,1.95,4.10,AN3,C32D,2.84,0.00,1.95,4.09,POS,1.33,3.99,1.51,90
DIST,4,AN0,8A94,2.82,5.87,1.95,2.35,AN1,0323,-0.27,6.01,1.95,2.39,AN2,189B,0.00,0.00,1.95,4.12,AN3,C32D,2.84,0.00,1.95,4.09,POS,1.37,4.02,1.42,81
DIST,4,AN0,8A94,2.82,5.87,1.95,2.34,AN1,0323,-0.27,6.01,1.95,2.37,AN2,189B,0.00,0.00,1.95,4.09,AN3,C32D,2.84,0.00,1.95,4.15,POS,1.36,4.03,1.44,89
DIST,4,AN0,8A94,2.82,5.87,1.95,2.36,AN1,0323,-0.27,6.01,1.95,2.31,AN2,189B,0.00,0.00,1.95,4.14,AN3,C32D,2.84,0.00,1.95,4.16,POS,1.31,4.02,1.45,85
DIST,4,AN0,8A94,2.82,5.87,1.95,2.36,AN1,0323,-0.27,6.01,1.95,2.45,AN2,189B,0.00,0.00,1.95,4.18,AN3,C32D,2.84,0.00,1.95,4.08,POS,1.30,4.00,1.42,86
DIST,4,AN0,8A94,2.82,5.87,1.95,2.34,AN1,0323,-0.27,6.01,1.95,2.48,AN2,189B,0.00,0.00,1.95,4.07,AN3,C32D,2.84,0.00,1.95,4.11,POS,1.30,4.00,1.38,84
DIST,4,AN0,8A94,2.82,5.87,1.95,2.37,AN1,0323,-0.27,6.01,1.95,2.46,AN2,189B,0.00,0.00,1.95,4.12,AN3,C32D,2.84,0.00,1.95,4.11,POS,1.34,4.01,1.39,87
DIST,4,AN0,8A94,2.82,5.87,1.95,2.34,AN1,0323,-0.27,6.01,1.95,2.38,AN2,189B,0.00,0.00,1.95,4.11,AN3,C32D,2.84,0.00,1.95,4.10,POS,1.36,4.03,1.33,81
DIST,4,AN0,8A94,2.82,5.87,1.95,2.34,AN1,0323,-0.27,6.01,1.95,2.37,AN2,189B,0.00,0.00,1.95,4.11,AN3,C32D,2.84,0.00,1.95,4.08,POS,1.39,4.05,1.32,83
DIST,4,AN0,8A94,2.82,5.87,1.95,2.34,AN1,0323,-0.27,6.01,1.95,2.44,AN2,189B,0.00,0.00,1.95,4.17,AN3,C32D,2.84,0.00,1.95,4.03,POS,1.36,4.01,1.37,90
DIST,4,AN0,8A94,2.82,5.87,1.95,2.35,AN1,0323,-0.27,6.01,1.95,2.46,AN2,189B,0.00,0.00,1.95,4.13,AN3,C32D,2.84,0.00,1.95,4.07,POS,1.34,3.99,1.37,87
DIST,4,AN0,8A94,2.82,5.87,1.95,2.35,AN1,0323,-0.27,6.01,1.95,2.43,AN2,189B,0.00,0.00,1.95,4.12,AN3,C32D,2.84,0.00,1.95,4.07,POS,1.38,4.01,1.32,80
DIST,4,AN0,8A94,2.82,5.87,1.95,2.31,AN1,0323,-0.27,6.01,1.95,2.43,AN2,189B,0.00,0.00,1.95,4.08,AN3,C32D,2.84,0.00,1.95,4.04,POS,1.41,4.03,1.29,82
DIST,4,AN0,8A94,2.82,5.87,1.95,2.35,AN1,0323,-0.27,6.01,1.95,2.42,AN2,189B,0.00,0.00,1.95,4.16,AN3,C32D,2.84,0.00,1.95,4.09,POS,1.37,4.01,1.32,86
DIST,4,AN0,8A94,2.82,5.87,1.95,2.32,AN1,0323,-0.27,6.01,1.95,2.43,AN2,189B,0.00,0.00,1.95,4.14,AN3,C32D,2.84,0.00,1.95,4.12,POS,1.39,4.02,1.36,88
DIST,4,AN0,8A94,2.82,5.87,1.95,2.35,AN1,0323,-0.27,6.01,1.95,2.44,AN2,189B,0.00,0.00,1.95,4.16,AN3,C32D,2.84,0.00,1.95,4.08,POS,1.35,4.00,1.37,87
DIST,4,AN0,8A94,2.82,5.87,1.95,2.36,AN1,0323,-0.27,6.01,1.95,2.44,AN2,189B,0.00,0.00,1.95,4.14,AN3,C32D,2.84,0.00,1.95,4.08,POS,1.33,3.98,1.37,86
DIST,4,AN0,8A94,2.82,5.87,1.95,2.36,AN1,0323,-0.27,6.01,1.95,2.37,AN2,189B,0.00,0.00,1.95,4.10,AN3,C32D,2.84,0.00,1.95,4.03,POS,1.30,3.96,1.49,92
DIST,4,AN0,8A94,2.82,5.87,1.95,2.35,AN1,0323,-0.27,6.01,1.95,2.37,AN2,189B,0.00,0.00,1.95,4.14,AN3,C32D,2.84,0.00,1.95,4.13,POS,1.27,3.96,1.47,86
DIST,4,AN0,8A94,2.82,5.87,1.95,2.35,AN1,0323,-0.27,6.01,1.95,2.37,AN2,189B,0.00,0.00,1.95,4.14,AN3,C32D,2.84,0.00,1.95,4.08,POS,1.26,3.96,1.50,89
