,2.84,0.00,1.95,4.22,POS,1.37,4.10,1.43,91
DIST,4,AN0,8A94,2.82,5.87,1.95,2.36,AN1,0323,-0.27,6.01,1.95,2.33,AN2,189B,0.00,0.00,1.95,4.18,AN3,C32D,2.84,0.00,1.95,4.19,POS,1.32,4.08,1.41,83
DIST,4,AN0,8A94,2.82,5.87,1.95,2.40,AN1,0323,-0.27,6.01,1.95,2.38,AN2,189B,0.00,0.00,1.95,4.22,AN3,C32D,2.84,0.00,1.95,4.22,POS,1.28,4.06,1.35,79
DIST,4,AN0,8A94,2.82,5.87,1.95,2.39,AN1,0323,-0.27,6.01,1.95,2.44,AN2,189B,0.00,0.00,1.95,4.16,AN3,C32D,2.84,0.00,1.95,4.17,POS,1.32,4.07,1.34,85
DIST,4,AN0,8A94,2.82,5.87,1.95,2.34,AN1,0323,-0.27,6.01,1.95,2.35,AN2,189B,0.00,0.00,1.95,4.17,AN3,C32D,2.84,0.00,1.95,4.16,POS,1.29,4.05,1.35,85
DIST,4,AN0,8A94,2.82,5.87,1.95,2.32,AN1,0323,-0.27,6.01,1.95,2.36,AN2,189B,0.00,0.00,1.95,4.17,AN3,C32D,2.84,0.00,1.95,4.21,POS,1.31,4.07,1.37,87
DIST,4,AN0,8A94,2.82,5.87,1.95,2.36,AN1,0323,-0.27,6.01,1.95,2.38,AN2,189B,0.00,0.00,1.95,4.16,AN3,C32D,2.84,0.00,1.95,4.16,POS,1.28,4.05,1.36,84
DIST,4,AN0,8A94,2.82,5.87,1.95,2.33,AN1,0323,-0.27,6.01,1.95,2.37,AN2,189B,0.00,0.00,1.95,4.15,AN3,C32D,2.84,0.00,1.95,4.16,POS,1.31,4.06,1.41,90
DIST,4,AN0,8A94,2.82,5.87,1.95,2.38,AN1,0323,-0.27,6.01,1.95,2.41,AN2,189B,0.00,0.00,1.95,4.18,AN3,C32D,2.84,0.00,1.95,4.19,POS,1.33,4.07,1.39,85
DIST,4,AN0,8A94,2.82,5.87,1.95,2.33,AN1,0323,-0.27,6.01,1.95,2.42,AN2,189B,0.00,0.00,1.95,4.15,AN3,C32D,2.84,0.00,1.95,4.16,POS,1.35,4.07,1.39,87
DIST,4,AN0,8A94,2.82,5.87,1.95,2.30,AN1,0323,-0.27,6.01,1.95,2.39,AN2,189B,0.00,0.00,1.95,4.16,AN3,C32D,2.84,0.00,1.95,4.21,POS,1.34,4.08,1.36,83
DIST,4,AN0,8A94,2.82,5.87,1.95,2.37,AN1,0323,-0.27,6.01,1.95,2.36,AN2,189B,0.00,0.00,1.95,4.16,AN3,C32D,2.84,0.00,1.95,4.16,POS,1.30,4.05,1.36,84
DIST,4,AN0,8A94,2.82,5.87,1.95,2.39,AN1,0323,-0.27,6.01,1.95,2.34,AN2,189B,0.00,0.00,1.95,4.18,AN3,C32D,2.84,0.00,1.95,4.10,POS,1.26,4.02,1.41,87
DIST,4,AN0,8A94,2.82,5.87,1.95,2.39,AN1,0323,-0.27,6.01,1.95,2.41,AN2,189B,0.00,0.00,1.95,4.12,AN3,C32D,2.84,0.00,1.95,4.19,POS,1.26,4.03,1.37,82
DIST,4,AN0,8A94,2.82,5.87,1.95,2.39,AN1,0323,-0.27,6.01,1.95,2.38,AN2,189B,0.00,0.00,1.95,4.12,AN3,C32D,2.84,0.00,1.95,4.13,POS,1.24,4.01,1.36,84
DIST,4,AN0,8A94,2.82,5.87,1.95,2.36,AN1,0323,-0.27,6.01,1.95,2.37,AN2,189B,0.00,0.00,1.95,4.09,AN3,C32D,2.84,0.00,1.95,4.22,POS,1.23,4.02,1.33,80
DIST,4,AN0,8A94,2.82,5.87,1.95,2.38,AN1,0323,-0.27,6.01,1.95,2.39,AN2,189B,0.00,0.00,1.95,4.10,AN3,C32D,2.84,0.00,1.95,4.14,POS,1.27,4.03,1.37,89
DIST,4,AN0,8A94,2.82,5.87,1.95,2.40,AN1,0323,-0.27,6.01,1.95,2.35,AN2,189B,0.00,0.00,1.95,4.06,AN3,C32D,2.84,0.00,1.95,4.07,POS,1.30,4.04,1.34,84
DIST,4,AN0,8A94,2.82,5.87,1.95,2.41,AN1,0323,-0.27,6.01,1.95,2.35,AN2,189B,0.00,0.00,1.95,4.09,AN3,C32D,2.84,0.00,1.95,4.18,POS,1.30,4.04,1.36,86
DIST,4,AN0,8A94,2.82,5.87,1.95,2.45,AN1,0323,-0.27,6.01,1.95,2.36,AN2,189B,0.00,0.00,1.95,4.15,AN3,C32D,2.84,0.00,1.95,4.19,POS,1.25,4.03,1.33,80
DIST,4,AN0,8A94,2.82,5.87,1.95,2.43,AN1,0323,-0.27,6.01,1.95,2.37,AN2,189B,0.00,0.00,1.95,4.12,AN3,C32D,2.84,0.00,1.95,4.15,POS,1.22,4.01,1.33,83
DIST,4,AN0,8A94,2.82,5.87,1.95,2.40,AN1,0323,-0.27,6.01,1.95,2.37,AN2,189B,0.00,0.00,1.95,4.12,AN3,C32D,2.84,0.00,1.95,4.17,POS,1.25,4.02,1.35,87
DIST,4,AN0,8A94,2.82,5.87,1.95,2.40,AN1,0323,-0.27,6.01,1.95,2.39,AN2,189B,0.00,0.00,1.95,4.13,AN3,C32D,2.84,0.00,1.95,4.13,POS,1.23,4.01,1.35,84
DIST,4,AN0,8A94,2.82,5.87,1.95,2.37,AN1,0323,-0.27,6.01,1.95,2.35,AN2,189B,0.00,0.00,1.95,4.15,AN3,C32D,2.84,0.00,1.95,4.19,POS,1.26,4.03,1.38,88
DIST,4,AN0,8A94,2.82,5.87,1.95,2.43,AN1,0323,-0.27,6.01,1.95,2.39,AN2,189B,0.00,0.00,1.95,4.07,AN3,C32D,2.84,0.00,1.95,4.12,POS,1.28,4.03,1.41,89
DIST,4,AN0,8A94,2.82,5.87,1.95,2.42,AN1,0323,-0.27,6.01,1.95,2.38,AN2,189B,0.00,0.00,1.95,4.07,AN3,C32D,2.84,0.00,1.95,4.19,POS,1.26,4.03,1.37,81
DIST,4,AN0,8A94,2.82,5.87,1.95,2.45,AN1,0323,-0.27,6.01,1.95,2.35,AN2,189B,0.00,0.00,1.95,4.07,AN3,C32D,2.84,0.00,1.95,4.18,POS,1.26,4.03,1.37,85
DIST,4,AN0,8A94,2.82,5.87,1.95,2.43,AN1,0323,-0.27,6.01,1.95,2.34,AN2,189B,0.00,0.00,1.95,4.08,AN3,C32D,2.84,0.00,1.95,4.22,POS,1.23,4.04,1.35,81
DIST,4,AN0,8A94,2.82,5.87,1.95,2.42,AN1,0323,-0.27,6.01,1.95,2.37,AN2,189B,0.00,0.00,1.95,4.15,AN3,C32D,2.84,0.00,1.95,4.15,POS,1.21,4.02,1.35,83
DIST,4,AN0,8A94,2.82,5.87,1.95,2.36,AN1,0323,-0.27,6.01,1.95,2.35,AN2,189B,0.00,0.00,1.95,4.04,AN3,C32D,2.84,0.00,1.95,4.27,POS,1.18,4.03,1.37,82
DIST,4,AN0,0323,-0.27,6.01,1.95,2.34,AN1,8A94,2.82,5.87,1.95,2.31,AN2,189B,0.00,0.00,1.95,4.05,AN3,C32D,2.84,0.00,1.95,4.18,POS,1.19,4.03,1.37,84
DIST,4,AN0,0323,-0.27,6.01,1.95,2.36,AN1,8A94,2.82,5.87,1.95,2.40,AN2,189B,0.00,0.00,1.95,4.12,AN3,C32D,2.84,0.00,1.95,4.22,POS,1.19,4.04,1.35,81
DIST,4,AN0,8A94,2.82,5.87,1.95,2.38,AN1,0323,-0.27,6.01,1.95,2.39,AN2,189B,0.00,0.00,1.95,4.08,AN3,C32D,2.84,0.00,1.95,4.18,POS,1.20,4.04,1.33,82
DIST,4,AN0,8A94,2.82,5.87,1.95,2.38,AN1,0323,-0.27,6.01,1.95,2.33,AN2,189B,0.00,0.00,1.95,4.05,AN3,C32D,2.84,0.00,1.95,4.23,POS,1.19,4.04,1.32,81
DIST,4,AN0,0323,-0.27,6.01,1.95,2.34,AN1,8A94,2.82,5.87,1.95,2.34,AN2,189B,0.00,0.00,1.95,4.11,AN3,C32D,2.84,0.00,1.95,4.26,POS,1.19,4.05,1.29,79
DIST,4,AN0,0323,-0.27,6.01,1.95,2.37,AN1,8A94,2.82,5.87,1.95,2.30,AN2,189B,0.00,0.00,1.95,4.05,AN3,C32D,2.84,0.00,1.95,4.22,POS,1.19,4.05,1.33,85
DIST,4,AN0,8A94,2.82,5.87,1.95,2.32,AN1,0323,-0.27,6.01,1.95,2.36,AN2,189B,0.00,0.00,1.95,4.07,AN3,C32D,2.84,0.00,1.95,4.27,POS,1.20,4.05,1.32,82
DIST,4,AN0,8A94,2.82,5.87,1.95,2.30,AN1,0323,-0.27,6.01,1.95,2.37,AN2,189B,0.00,0.00,1.95,4.07,AN3,C32D,2.84,0.00,1.95,4.20,POS,1.21,4.05,1.33,84
DIST,4,AN0,8A94,2.82,5.87,1.95,2.30,AN1,0323,-0.27,6.01,1.95,2.35,AN2,189B,0.00,0.00,1.95,4.06,AN3,C32D,2.84,0.00,1.95,4.18,POS,1.21,4.05,1.34,84
DIST,4,AN0,8A94,2.82,5.87,1.95,2.30,AN1,0323,-0.27,6.01,1.95,2.37,AN2,189B,0.00,0.00,1.95,4.10,AN3,C32D,2.84,0.00,1.95,4.18,POS,1.23,4.05,1.34,85
DIST,4,AN0,8A94,2.82,5.87,1.95,2.31,AN1,0323,-0.27,6.01,1.95,2.35,AN2,189B,0.00,0.00,1.95,4.13,AN3,C32D,2.84,0.00,1.95,4.19,POS,1.23,4.05,1.34,84
DIST,4,AN0,8A94,2.82,5.87,1.95,2.35,AN1,0323,-0.27,6.01,1.95,2.36,AN2,189B,0.00,0.00,1.95,4.07,AN3,C32D,2.84,0.00,1.95,4.24,POS,1.21,4.05,1.33,82
DIST,4,AN0,8A94,2.82,5.87,1.95,2.32,AN1,0323,-0.27,6.01,1.95,2.33,AN2,189B,0.00,0.00,1.95,4.02,AN3,C32D,2.84,0.00,1.95,4.25,POS,1.18,4.06,1.41,85
DIST,4,AN0,0323,-0.27,6.01,1.95,2.33,AN1,8A94,2.82,5.87,1.95,2.32,AN2,189B,0.00,0.00,1.95,4.11,AN3,C32D,2.84,0.00,1.95,4.25,POS,1.18,4.06,1.38,81
DIST,4,AN0,0323,-0.27,6.01,1.95,2.41,AN1,8A94,2.82,5.87,1.95,2.35,AN2,189B,0.00,0.00,1.95,4.08,AN3,C32D,2.84,0.00,1.95,4.12,POS,1.23,4.05,1.40,89
DIST,4,AN0,8A94,2.82,5.87,1.95,2.33,AN1,0323,-0.27,6.01,1.95,2.43,AN2,189B,0.00,0.00,1.95,4.16,AN3,C32D,2.84,0.00,1.95,4.15,POS,1.28,4.06,1.41,87
DIST,4,AN0,8A94,2.82,5.87,1.95,2.33,AN1,0323,-0.27,6.01,1.95,2.52,AN2,189B,0.00,0.00,1.95,4.34,AN3,C32D,2.84,0.00,1.95,4.14,POS,1.30,4.04,1.48,93
DIST,4,AN0,8A94,2.82,5.87,1.95,2.27,AN1,0323,-0.27,6.01,1.95,2.50,AN2,189B,0.00,0.00,1.95,4.23,AN3,C32D,2.84,0.00,1.95,4.16,POS,1.36,4.05,1.43,82
DIST,4,AN0,8A94,2.82,5.87,1.95,2.27,AN1,0323,-0.27,6.01,1.95,2.56,AN2,189B,0.00,0.00,1.95,4.23,AN3,C32D,2.84,0.00,1.95,4.08,POS,1.38,4.03,1.37,84
DIST,4,AN0,8A94,2.82,5.87,1.95,2.22,AN1,0323,-0.27,6.01,1.95,2.61,AN2,189B,0.00,0.00,1.95,4.25,AN3,C32D,2.84,0.00,1.95,4.05,POS,1.41,4.02,1.33,82
DIST,4,AN0,8A94,2.82,5.87,1.95,2.27,AN1,0323,-0.27,6.01,1.95,2.57,AN2,189B,0.00,0.00,1.95,4.19,AN3,C32D,2.84,0.00,1.95,4.08,POS,1.46,4.03,1.34,83
DIST,4,AN0,8A94,2.82,5.87,1.95,2.28,AN1,0323,-0.27,6.01,1.95,2.60,AN2,C32D,2.84,0.00,1.95,4.05,AN3,189B,0.00,0.00,1.95,4.17,POS,1.49,4.02,1.33,83
DIST,4,AN0,8A94,2.82,5.87,1.95,2.30,AN1,0323,-0.27,6.01,1.95,2.58,AN2,C32D,2.84,0.00,1.95,4.06,AN3,189B,0.00,0.00,1.95,4.11,POS,1.49,4.01,1.31,84
DIST,4,AN0,8A94,2.82,5.87,1.95,2.29,AN1,0323,-0.27,6.01,1.95,2.52,AN2,C32D,2.84,0.00,1.95,4.08,AN3,189B,0.00,0.00,1.95,4.14,POS,1.49,4.02,1.33,86
DIST,4,AN0,8A94,2.82,5.87,1.95,2.30,AN1,0323,-0.27,6.01,1.95,2.44,AN2,C32D,2.84,0.00,1.95,4.16,AN3,189B,0.00,0.00,1.95,4.24,POS,1.44,4.02,1.31,83
DIST,4,AN0,8A94,2.82,5.87,1.95,2.25,AN1,0323,-0.27,6.01,1.95,2.41,AN2,C32D,2.84,0.00,1.95,4.15,AN3,189B,0.00,0.00,1.95,4.22,POS,1.41,4.02,1.32,86
DIST,4,AN0,8A94,2.82,5.87,1.95,2.27,AN1,0323,-0.27,6.01,1.95,2.44,AN2,189B,0.00,0.00,1.95,4.19,AN3,C32D,2.84,0.00,1.95,4.15,POS,1.43,4.04,1.35,86
DIST,4,AN0,8A94,2.82,5.87,1.95,2.28,AN1,0323,-0.27,6.01,1.95,2.44,AN2,C32D,2.84,0.00,1.95,4.17,AN3,189B,0.00,0.00,1.95,4.24,POS,1.40,4.04,1.32,82
DIST,4,AN0,8A94,2.82,5.87,1.95,2.30,AN1,0323,-0.27,6.01,1.95,2.40,AN2,189B,0.00,0.00,1.95,4.23,AN3,C32D,2.84,0.00,1.95,4.17,POS,1.37,4.03,1.31,84
DIST,4,AN0,8A94,2.82,5.87,1.95,2.28,AN1,0323,-0.27,6.01,1.95,2.44,AN2,189B,0.00,0.00,1.95,4.24,AN3,C32D,2.84,0.00,1.95,4.17,POS,1.36,4.03,1.29,82
DIST,4,AN0,8A94,2.82,5.87,1.95,2.31,AN1,0323,-0.27,6.01,1.95,2.43,AN2,189B,0.00,0.00,1.95,4.26,AN3,C32D,2.84,0.00,1.95,4.16,POS,1.34,4.03,1.28,83
DIST,4,AN0,8A94,2.82,5.87,1.95,2.37,AN1,0323,-0.27,6.01,1.95,2.34,AN2,189B,0.00,0.00,1.95,4.23,AN3,C32D,2.84,0.00,1.95,4.22,POS,1.29,4.03,1.28,81
DIST,4,AN0,8A94,2.82,5.87,1.95,2.31,AN1,0323,-0.27,6.01,1.95,2.39,AN2,189B,0.00,0.00,1.95,4.20,AN3,C32D,2.84,0.00,1.95,4.16,POS,1.28,4.02,1.28,84
DIST,4,AN0,8A94,2.82,5.87,1.95,2.30,AN1,0323,-0.27,6.01,1.95,2.43,AN2,189B,0.00,0.00,1.95,4.24,AN3,C32D,2.84,0.00,1.95,4.17,POS,1.29,4.02,1.27,82
DIST,4,AN0,8A94,2.82,5.87,1.95,2.34,AN1,0323,-0.27,6.01,1.95,2.39,AN2,189B,0.00,0.00,1.95,4.21,AN3,C32D,2.84,0.00,1.95,4.20,POS,1.32,4.05,1.31,86
DIST,3,AN0,0323,-0.27,6.01,1.95,2.40,AN1,189B,0.00,0.00,1.95,4.19,AN2,C32D,2.84,0.00,1.95,4.16,POS,1.36,4.07,1.36,87
DIST,4,AN0,8A94,2.82,5.87,1.95,2.25,AN1,0323,-0.27,6.01,1.95,2.39,AN2,189B,0.00,0.00,1.95,4.22,AN3,C32D,2.84,0.00,1.95,4.16,POS,1.40,4.09,1.43,88
DIST,4,AN0,8A94,2.82,5.87,1.95,2.21,AN1,0323,-0.27,6.01,1.95,2.35,AN2,189B,0.00,0.00,1.95,4.19,AN3,C32D,2.84,0.00,1.95,4.19,POS,1.40,4.10,1.47,89
DIST,4,AN0,8A94,2.82,5.87,1.95,2.19,AN1,0323,-0.27,6.01,1.95,2.36,AN2,189B,0.00,0.00,1.95,4.16,AN3,C32D,2.84,0.00,1.95,4.28,POS,1.39,4.10,1.44,85
DIST,4,AN0,8A94,2.82,5.87,1.95,2.25,AN1,0323,-0.27,6.01,1.95,2.30,AN2,189B,0.00,0.00,1.95,4.23,AN3,C32D,2.84,0.00,1.95,4.28,POS,1.37,4.12,1.42,84
DIST,4,AN0,8A94,2.82,5.87,1.95,2.26,AN1,0323,-0.27,6.01,1.95,2.23,AN2,189B,0.00,0.00,1.95,4.13,AN3,C32D,2.84,0.00,1.95,4.35,POS,1.32,4.12,1.42,82
DIST,4,AN0,8A94,2.82,5.87,1.95,2.36,AN1,0323,-0.27,6.01,1.95,2.16,AN2,189B,0.00,0.00,1.95,4.18,AN3,C32D,2.84,0.00,1.95,4.28,POS,1.31,4.15,1.36,78
DIST,4,AN0,8A94,2.82,5.87,1.95,2.42,AN1,0323,-0.27,6.01,1.95,2.10,AN2,189B,0.00,0.00,1.95,4.08,AN3,C32D,2.84,0.00,1.95,4.31,POS,1.25,4.15,1.48,85
DIST,4,AN0,8A94,2.82,5.87,1.95,2.46,AN1,0323,-0.27,6.01,1.95,2.12,AN2,189B,0.00,0.00,1.95,4.04,AN3,C32D,2.84,0.00,1.95,4.34,POS,1.17,4.14,1.47,78
DIST,4,AN0,0323,-0.27,6.01,1.95,2.07,AN1,8A94,2.82,5.87,1.95,2.61,AN2,189B,0.00,0.00,1.95,3.95,AN3,C32D,2.84,0.00,1.95,4.26,POS,1.11,4.13,1.42,75
DIST,4,AN0,0323,-0.27,6.01,1.95,2.14,AN1,8A94,2.82,5.87,1.95,2.68,AN2,189B,0.00,0.00,1.95,3.94,AN3,C32D,2.84,0.00,1.95,4.27,POS,1.06,4.10,1.47,82
DIST,4,AN0,0323,-0.27,6.01,1.95,2.17,AN1,8A94,2.82,5.87,1.95,2.79,AN2,189B,0.00,0.00,1.95,3.81,AN3,C32D,2.84,0.00,1.95,4.22,POS,1.00,4.06,1.52,81
DIST,4,AN0,0323,-0.27,6.01,1.95,2.14,AN1,8A94,2.82,5.87,1.95,2.94,AN2,189B,0.00,0.00,1.95,3.77,AN3,C32D,2.84,0.00,1.95,4.32,POS,0.90,4.01,1.50,78
DIST,4,AN0,0323,-0.27,6.01,1.95,2.16,AN1,8A94,2.82,5.87,1.95,3.01,AN2,189B,0.00,0.00,1.95,3.78,AN3,C32D,2.84,0.00,1.95,4.39,POS,0.79,3.98,1.44,79
DIST,4,AN0,0323,-0.27,6.01,1.95,2.06,AN1,8A94,2.82,5.87,1.95,3.15,AN2,189B,0.00,0.00,1.95,3.70,AN3,C32D,2.84,0.00,1.95,4.47,POS,0.64,3.95,1.45,79
DIST,4,AN0,0323,-0.27,6.01,1.95,2.13,AN1,8A94,2.82,5.87,1.95,3.22,AN2,189B,0.00,0.00,1.95,3.72,AN3,C32D,2.84,0.00,1.95,4.52,POS,0.53,3.93,1.40,80
DIST,4,AN0,0323,-0.27,6.01,1.95,2.17,AN1,8A94,2.82,5.87,1.95,3.35,AN2,189B,0.00,0.00,1.95,3.62,AN3,C32D,2.84,0.00,1.95,4.46,POS,0.42,3.89,1.38,79
DIST,4,AN0,0323,-0.27,6.01,1.95,2.25,AN1,8A94,2.82,5.87,1.95,3.40,AN2,189B,0.00,0.00,1.95,3.53,AN3,C32D,2.84,0.00,1.95,4.51,POS,0.32,3.83,1.35,77
DIST,4,AN0,0323,-0.27,6.01,1.95,2.28,AN1,8A94,2.82,5.87,1.95,3.49,AN2,189B,0.00,0.00,1.95,3.56,AN3,C32D,2.84,0.00,1.95,4.51,POS,0.24,3.79,1.47,78
DIST,4,AN0,0323,-0.27,6.01,1.95,2.27,AN1,8A94,2.82,5.87,1.95,3.54,AN2,189B,0.00,0.00,1.95,3.56,AN3,C32D,2.84,0.00,1.95,4.50,POS,0.19,3.76,1.39,76
DIST,4,AN0,0323,-0.27,6.01,1.95,2.26,AN1,8A94,2.82,5.87,1.95,3.53,AN2,189B,0.00,0.00,1.95,3.54,AN3,C32D,2.84,0.00,1.95,4.55,POS,0.12,3.74,1.35,73
DIST,4,AN0,0323,-0.27,6.01,1.95,2.25,AN1,8A94,2.82,5.87,1.95,3.57,AN2,189B,0.00,0.00,1.95,3.52,AN3,C32D,2.84,0.00,1.95,4.49,POS,0.09,3.72,1.34,78
DIST,4,AN0,0323,-0.27,6.01,1.95,2.30,AN1,8A94,2.82,5.87,1.95,3.57,AN2,189B,0.00,0.00,1.95,3.56,AN3,C32D,2.84,0.00,1.95,4.55,POS,0.05,3.70,1.41,79
DIST,4,AN0,0323,-0.27,6.01,1.95,2.31,AN1,8A94,2.82,5.87,1.95,3.57,AN2,189B,0.00,0.00,1.95,3.56,AN3,C32D,2.84,0.00,1.95,4.54,POS,0.03,3.68,1.46,79
DIST,4,AN0,0323,-0.27,6.01,1.95,2.33,AN1,8A94,2.82,5.87,1.95,3.59,AN2,189B,0.00,0.00,1.95,3.62,AN3,C32D,2.84,0.00,1.95,4.53,POS,0.05,3.68,1.44,78
DIST,4,AN0,0323,-0.27,6.01,1.95,2.25,AN1,8A94,2.82,5.87,1.95,3.59,AN2,189B,0.00,0.00,1.95,3.46,AN3,C32D,2.84,0.00,1.95,4.56,POS,-0.01,3.67,1.45,75
DIST,4,AN0,0323,-0.27,6.01,1.95,2.22,AN1,8A94,2.82,5.87,1.95,3.62,AN2,189B,0.00,0.00,1.95,3.39,AN3,C32D,2.84,0.00,1.95,4.56,POS,-0.09,3.66,1.43,67
DIST,4,AN0,0323,-0.27,6.01,1.95,2.28,AN1,8A94,2.82,5.87,1.95,3.59,AN2,189B,0.00,0.00,1.95,3.38,AN3,C32D,2.84,0.00,1.95,4.60,POS,-0.11,3.63,1.47,76
DIST,4,AN0,0323,-0.27,6.01,1.95,2.21,AN1,189B,0.00,0.00,1.95,3.38,AN2,8A94,2.82,5.87,1.95,3.56,AN3,C32D,2.84,0.00,1.95,4.60,POS,-0.13,3.63,1.41,70
DIST,4,AN0,0323,-0.27,6.01,1.95,2.19,AN1,189B,0.00,0.00,1.95,3.41,AN2,8A94,2.82,5.87,1.95,3.56,AN3,C32D,2.84,0.00,1.95,4.60,POS,-0.20,3.65,1.38,63
DIST,4,AN0,0323,-0.27,6.01,1.95,2.28,AN1,189B,0.00,0.00,1.95,3.39,AN2,8A94,2.82,5.87,1.95,3.50,AN3,C32D,2.84,0.00,1.95,4.53,POS,-0.22,3.66,1.49,75
DIST,4,AN0,0323,-0.27,6.01,1.95,2.26,AN1,189B,0.00,0.00,1.95,3.43,AN2,8A94,2.82,5.87,1.95,3.46,AN3,C32D,2.84,0.00,1.95,4.55,POS,-0.17,3.64,1.49,78
DIST,4,AN0,0323,-0.27,6.01,1.95,2.26,AN1,189B,0.00,0.00,1.95,3.34,AN2,8A94,2.82,5.87,1.95,3.47,AN3,C32D,2.84,0.00,1.95,4.54,POS,-0.15,3.62,1.42,73
DIST,4,AN0,0323,-0.27,6.01,1.95,2.30,AN1,189B,0.00,0.00,1.95,3.44,AN2,8A94,2.82,5.87,1.95,3.48,AN3,C32D,2.84,0.00,1.95,4.46,POS,-0.12,3.62,1.41,78
DIST,4,AN0,0323,-0.27,6.01,1.95,2.30,AN1,189B,0.00,0.00,1.95,3.46,AN2,8A94,2.82,5.87,1.95,3.40,AN3,C32D,2.84,0.00,1.95,4.52,POS,-0.06,3.62,1.40,78
DIST,4,AN0,0323,-0.27,6.01,1.95,2.31,AN1,189B,0.00,0.00,1.95,3.45,AN2,8A94,2.82,5.87,1.95,3.41,AN3,C32D,2.84,0.00,1.95,4.38,POS,-0.03,3.61,1.39,78
DIST,4,AN0,0323,-0.27,6.01,1.95,2.31,AN1,189B,0.00,0.00,1.95,3.45,AN2,8A94,2.82,5.87,1.95,3.39,AN3,C32D,2.84,0.00,1.95,4.37,POS,0.00,3.61,1.39,78
DIST,4,AN0,0323,-0.27,6.01,1.95,2.33,AN1,189B,0.00,0.00,1.95,3.38,AN2,8A94,2.82,5.87,1.95,3.34,AN3,C32D,2.84,0.00,1.95,4.28,POS,0.04,3.59,1.43,77
DIST,4,AN0,0323,-0.27,6.01,1.95,2.49,AN1,8A94,2.82,5.87,1.95,3.38,AN2,189B,0.00,0.00,1.95,3.29,AN3,C32D,2.84,0.00,1.95,4.10,POS,0.10,3.56,1.42,75
DIST,4,AN0,0323,-0.27,6.01,1.95,2.57,AN1,189B,0.00,0.00,1.95,3.28,AN2,8A94,2.82,5.87,1.95,3.39,AN3,C32D,2.84,0.00,1.95,4.08,POS,0.16,3.52,1.38,75
DIST,4,AN0,0323,-0.27,6.01,1.95,2.64,AN1,189B,0.00,0.00,1.95,3.25,AN2,8A94,2.82,5.87,1.95,3.45,AN3,C32D,2.84,0.00,1.95,3.93,POS,0.25,3.48,1.36,76
DIST,4,AN0,0323,-0.27,6.01,1.95,2.73,AN1,189B,0.00,0.00,1.95,3.19,AN2,8A94,2.82,5.87,1.95,3.45,AN3,C32D,2.84,0.00,1.95,3.86,POS,0.33,3.43,1.34,78
DIST,4,AN0,0323,-0.27,6.01,1.95,2.80,AN1,189B,0.00,0.00,1.95,3.15,AN2,8A94,2.82,5.87,1.95,3.32,AN3,C32D,2.84,0.00,1.95,3.73,POS,0.40,3.38,1.34,81
DIST,4,AN0,0323,-0.27,6.01,1.95,2.85,AN1,189B,0.00,0.00,1.95,3.15,AN2,8A94,2.82,5.87,1.95,3.37,AN3,C32D,2.84,0.00,1.95,3.64,POS,0.50,3.33,1.35,86
DIST,4,AN0,0323,-0.27,6.01,1.95,3.01,AN1,189B,0.00,0.00,1.95,3.11,AN2,8A94,2.82,5.87,1.95,3.34,AN3,C32D,2.84,0.00,1.95,3.47,POS,0.62,3.28,1.36,90
DIST,4,AN0,0323,-0.27,6.01,1.95,3.12,AN1,189B,0.00,0.00,1.95,3.05,AN2,8A94,2.82,5.87,1.95,3.38,AN3,C32D,2.84,0.00,1.95,3.32,POS,0.74,3.21,1.38,93
DIST,4,AN0,0323,-0.27,6.01,1.95,3.22,AN1,189B,0.00,0.00,1.95,2.93,AN2,8A94,2.82,5.87,1.95,3.36,AN3,C32D,2.84,0.00,1.95,3.25,POS,0.81,3.12,1.41,93
DIST,4,AN0,0323,-0.27,6.01,1.95,3.39,AN1,189B,0.00,0.00,1.95,2.88,AN2,8A94,2.82,5.87,1.95,3.45,AN3,C32D,2.84,0.00,1.95,3.05,POS,0.87,3.02,1.45,95
DIST,4,AN0,189B,0.00,0.00,1.95,2.85,AN1,0323,-0.27,6.01,1.95,3.42,AN2,8A94,2.82,5.87,1.95,3.48,AN3,C32D,2.84,0.00,1.95,3.04,POS,0.92,2.93,1.47,94
DIST,4,AN0,189B,0.00,0.00,1.95,2.90,AN1,0323,-0.27,6.01,1.95,3.49,AN2,8A94,2.82,5.87,1.95,3.44,AN3,C32D,2.84,0.00,1.95,2.97,POS,0.98,2.86,1.47,94
DIST,4,AN0,189B,0.00,0.00,1.95,2.88,AN1,0323,-0.27,6.01,1.95,3.44,AN2,C32D,2.84,0.00,1.95,2.93,AN3,8A94,2.82,5.87,1.95,3.44,POS,1.02,2.80,1.40,88
DIST,4,AN0,189B,0.00,0.00,1.95,2.89,AN1,C32D,2.84,0.00,1.95,2.91,AN2,0323,-0.27,6.01,1.95,3.46,AN3,8A94,2.82,5.87,1.95,3.52,POS,1.03,2.74,1.36,88
DIST,4,AN0,189B,0.00,0.00,1.95,2.85,AN1,C32D,2.84,0.00,1.95,2.92,AN2,0323,-0.27,6.01,1.95,3.51,AN3,8A94,2.82,5.87,1.95,3.51,POS,1.05,2.70,1.42,96
DIST,4,AN0,189B,0.00,0.00,1.95,2.89,AN1,C32D,2.84,0.00,1.95,2.95,AN2,0323,-0.27,6.01,1.95,3.51,AN3,8A94,2.82,5.87,1.95,3.53,POS,1.13,2.71,1.41,94
DIST,4,AN0,189B,0.00,0.00,1.95,2.86,AN1,C32D,2.84,0.00,1.95,2.96,AN2,8A94,2.82,5.87,1.95,3.52,AN3,0323,-0.27,6.01,1.95,3.50,POS,1.13,2.68,1.44,94
DIST,4,AN0,189B,0.00,0.00,1.95,2.89,AN1,C32D,2.84,0.00,1.95,2.93,AN2,0323,-0.27,6.01,1.95,3.49,AN3,8A94,2.82,5.87,1.95,3.48,POS,1.19,2.69,1.46,96
DIST,4,AN0,189B,0.00,0.00,1.95,2.91,AN1,C32D,2.84,0.00,1.95,2.94,AN2,8A94,2.82,5.87,1.95,3.44,AN3,0323,-0.27,6.01,1.95,3.46,POS,1.24,2.71,1.49,97
DIST,4,AN0,189B,0.00,0.00,1.95,2.86,AN1,C32D,2.84,0.00,1.95,2.88,AN2,8A94,2.82,5.87,1.95,3.49,AN3,0323,-0.27,6.01,1.95,3.59,POS,1.24,2.68,1.47,94
DIST,4,AN0,189B,0.00,0.00,1.95,2.90,AN1,C32D,2.84,0.00,1.95,2.90,AN2,8A94,2.82,5.87,1.95,3.49,AN3,0323,-0.27,6.01,1.95,3.49,POS,1.21,2.65,1.39,87
DIST,4,AN0,189B,0.00,0.00,1.95,2.86,AN1,C32D,2.84,0.00,1.95,2.91,AN2,8A94,2.82,5.87,1.95,3.45,AN3,0323,-0.27,6.01,1.95,3.48,POS,1.20,2.64,1.50,98
DIST,4,AN0,189B,0.00,0.00,1.95,2.86,AN1,C32D,2.84,0.00,1.95,2.90,AN2,8A94,2.82,5.87,1.95,3.51,AN3,0323,-0.27,6.01,1.95,3.53,POS,1.24,2.66,1.50,95
DIST,4,AN0,189B,0.00,0.00,1.95,2.92,AN1,C32D,2.84,0.00,1.95,2.93,AN2,8A94,2.82,5.87,1.95,3.53,AN3,0323,-0.27,6.01,1.95,3.53,POS,1.28,2.67,1.47,94
DIST,4,AN0,189B,0.00,0.00,1.95,2.86,AN1,C32D,2.84,0.00,1.95,2.91,AN2,8A94,2.82,5.87,1.95,3.41,AN3,0323,-0.27,6.01,1.95,3.44,POS,1.25,2.66,1.41,89
DIST,4,AN0,189B,0.00,0.00,1.95,2.92,AN1,C32D,2.84,0.00,1.95,2.94,AN2,8A94,2.82,5.87,1.95,3.43,AN3,0323,-0.27,6.01,1.95,3.46,POS,1.29,2.69,1.46,97
DIST,4,AN0,189B,0.00,0.00,1.95,2.86,AN1,C32D,2.84,0.00,1.95,2.98,AN2,8A94,2.82,5.87,1.95,3.49,AN3,0323,-0.27,6.01,1.95,3.45,POS,1.24,2.67,1.51,96
DIST,3,AN0,189B,0.00,0.00,1.95,2.92,AN1,C32D,2.84,0.00,1.95,2.97,AN2,0323,-0.27,6.01,1.95,3.51,POS,1.27,2.69,1.47,93
DIST,4,AN0,189B,0.00,0.00,1.95,2.89,AN1,C32D,2.84,0.00,1.95,2.92,AN2,8A94,2.82,5.87,1.95,3.44,AN3,0323,-0.27,6.01,1.95,3.49,POS,1.25,2.68,1.52,97
DIST,4,AN0,189B,0.00,0.00,1.95,2.90,AN1,C32D,2.84,0.00,1.95,2.96,AN2,8A94,2.82,5.87,1.95,3.47,AN3,0323,-0.27,6.01,1.95,3.45,POS,1.28,2.70,1.54,97
DIST,4,AN0,189B,0.00,0.00,1.95,2.87,AN1,C32D,2.84,0.00,1.95,2.98,AN2,8A94,2.82,5.87,1.95,3.41,AN3,0323,-0.27,6.01,1.95,3.51,POS,1.27,2.70,1.49,92
DIST,4,AN0,189B,0.00,0.00,1.95,2.89,AN1,C32D,2.84,0.00,1.95,2.93,AN2,8A94,2.82,5.87,1.95,3.49,AN3,0323,-0.27,6.01,1.95,3.53,POS,1.25,2.67,1.48,94
DIST,4,AN0,189B,0.00,0.00,1.95,2.93,AN1,C32D,2.84,0.00,1.95,2.89,AN2,8A94,2.82,5.87,1.95,3.46,AN3,0323,-0.27,6.01,1.95,3.51,POS,1.30,2.69,1.51,97
DIST,4,AN0,189B,0.00,0.00,1.95,2.90,AN1,C32D,2.84,0.00,1.95,2.87,AN2,8A94,2.82,5.87,1.95,3.48,AN3,0323,-0.27,6.01,1.95,3.50,POS,1.27,2.66,1.43,88
DIST,4,AN0,189B,0.00,0.00,1.95,2.96,AN1,C32D,2.84,0.00,1.95,2.81,AN2,8A94,2.82,5.87,1.95,3.46,AN3,0323,-0.27,6.01,1.95,3.58,POS,1.35,2.68,1.50,97
DIST,4,AN0,189B,0.00,0.00,1.95,2.93,AN1,C32D,2.84,0.00,1.95,2.71,AN2,8A94,2.82,5.87,1.95,3.49,AN3,0323,-0.27,6.01,1.95,3.70,POS,1.42,2.67,1.53,95
DIST,4,AN0,C32D,2.84,0.00,1.95,2.59,AN1,189B,0.00,0.00,1.95,2.82,AN2,8A94,2.82,5.87,1.95,3.61,AN3,0323,-0.27,6.01,1.95,3.88,POS,1.43,2.59,1.49,92
DIST,4,AN0,C32D,2.84,0.00,1.95,2.49,AN1,189B,0.00,0.00,1.95,2.89,AN2,8A94,2.82,5.87,1.95,3.64,AN3,0323,-0.27,6.01,1.95,3.93,POS,1.53,2.56,1.51,91
DIST,4,AN0,C32D,2.84,0.00,1.95,2.35,AN1,189B,0.00,0.00,1.95,2.86,AN2,8A94,2.82,5.87,1.95,3.68,AN3,0323,-0.27,6.01,1.95,4.02,POS,1.64,2.51,1.44,81
DIST,4,AN0,C32D,2.84,0.00,1.95,2.22,AN1,189B,0.00,0.00,1.95,2.91,AN2,8A94,2.82,5.87,1.95,3.68,AN3,0323,-0.27,6.01,1.95,4.21,POS,1.75,2.46,1.52,85
DIST,4,AN0,C32D,2.84,0.00,1.95,2.16,AN1,189B,0.00,0.00,1.95,2.92,AN2,8A94,2.82,5.87,1.95,3.73,AN3,0323,-0.27,6.01,1.95,4.30,POS,1.84,2.40,1.54,82
DIST,4,AN0,C32D,2.84,0.00,1.95,2.02,AN1,189B,0.00,0.00,1.95,2.97,AN2,8A94,2.82,5.87,1.95,3.81,AN3,0323,-0.27,6.01,1.95,4.43,POS,1.97,2.34,1.46,75
DIST,4,AN0,C32D,2.84,0.00,1.95,1.91,AN1,189B,0.00,0.00,1.95,2.96,AN2,8A94,2.82,5.87,1.95,3.88,AN3,0323,-0.27,6.01,1.95,4.55,POS,2.09,2.26,1.40,77
DIST,4,AN0,C32D,2.84,0.00,1.95,1.85,AN1,189B,0.00,0.00,1.95,3.03,AN2,8A94,2.82,5.87,1.95,3.96,AN3,0323,-0.27,6.01,1.95,4.64,POS,2.20,2.20,1.37,77
DIST,4,AN0,C32D,2.84,0.00,1.95,1.75,AN1,189B,0.00,0.00,1.95,3.06,AN2,8A94,2.82,5.87,1.95,4.08,AN3,0323,-0.27,6.01,1.95,4.76,POS,2.32,2.14,1.36,77
DIST,4,AN0,C32D,2.84,0.00,1.95,1.70,AN1,189B,0.00,0.00,1.95,3.15,AN2,8A94,2.82,5.87,1.95,4.02,AN3,0323,-0.27,6.01,1.95,4.90,POS,2.44,2.07,1.33,70
DIST,4,AN0,C32D,2.84,0.00,1.95,1.71,AN1,189B,0.00,0.00,1.95,3.23,AN2,8A94,2.82,5.87,1.95,4.12,AN3,0323,-0.27,6.01,1.95,5.09,POS,2.54,2.00,1.32,70
DIST,4,AN0,C32D,2.84,0.00,1.95,1.66,AN1,189B,0.00,0.00,1.95,3.32,AN2,8A94,2.82,5.87,1.95,4.19,AN3,0323,-0.27,6.01,1.95,5.16,POS,2.65,1.95,1.35,68
DIST,4,AN0,C32D,2.84,0.00,1.95,1.64,AN1,189B,0.00,0.00,1.95,3.33,AN2,8A94,2.82,5.87,1.95,4.15,AN3,0323,-0.27,6.01,1.95,5.00,POS,2.76,1.94,1.43,67
DIST,4,AN0,C32D,2.84,0.00,1.95,1.68,AN1,189B,0.00,0.00,1.95,3.38,AN2,8A94,2.82,5.87,1.95,4.14,AN3,0323,-0.27,6.01,1.95,5.04,POS,2.85,1.93,1.45,64
DIST,4,AN0,C32D,2.84,0.00,1.95,1.69,AN1,8A94,2.82,5.87,1.95,4.14,AN2,189B,0.00,0.00,1.95,3.65,AN3,0323,-0.27,6.01,1.95,5.11,POS,2.78,1.87,1.43,80
DIST,4,AN0,C32D,2.84,0.00,1.95,1.66,AN1,189B,0.00,0.00,1.95,3.50,AN2,8A94,2.82,5.87,1.95,4.07,AN3,0323,-0.27,6.01,1.95,5.18,POS,2.90,1.87,1.47,68
DIST,4,AN0,C32D,2.84,0.00,1.95,1.59,AN1,8A94,2.82,5.87,1.95,4.16,AN2,189B,0.00,0.00,1.95,3.40,AN3,0323,-0.27,6.01,1.95,5.17,POS,2.98,1.85,1.47,65
DIST,4,AN0,C32D,2.84,0.00,1.95,1.57,AN1,8A94,2.82,5.87,1.95,4.23,AN2,189B,0.00,0.00,1.95,3.41,AN3,0323,-0.27,6.01,1.95,5.19,POS,3.04,1.83,1.50,66
DIST,4,AN0,C32D,2.84,0.00,1.95,1.50,AN1,8A94,2.82,5.87,1.95,4.23,AN2,189B,0.00,0.00,1.95,3.32,AN3,0323,-0.27,6.01,1.95,5.29,POS,3.05,1.79,1.56,68
DIST,4,AN0,C32D,2.84,0.00,1.95,1.49,AN1,8A94,2.82,5.87,1.95,4.32,AN2,189B,0.00,0.00,1.95,3.31,AN3,0323,-0.27,6.01,1.95,5.26,POS,3.08,1.76,1.51,63
DIST,4,AN0,C32D,2.84,0.00,1.95,1.44,AN1,8A94,2.82,5.87,1.95,4.30,AN2,189B,0.00,0.00,1.95,3.34,AN3,0323,-0.27,6.01,1.95,5.32,POS,3.11,1.73,1.49,64
DIST,4,AN0,C32D,2.84,0.00,1.95,1.48,AN1,8A94,2.82,5.87,1.95,4.32,AN2,189B,0.00,0.00,1.95,3.31,AN3,0323,-0.27,6.01,1.95,5.31,POS,3.11,1.71,1.55,67
DIST,4,AN0,C32D,2.84,0.00,1.95,1.49,AN1,8A94,2.82,5.87,1.95,4.22,AN2,189B,0.00,0.00,1.95,3.36,AN3,0323,-0.27,6.01,1.95,5.26,POS,3.13,1.71,1.55,65
DIST,4,AN0,C32D,2.84,0.00,1.95,1.49,AN1,8A94,2.82,5.87,1.95,4.27,AN2,189B,0.00,0.00,1.95,3.35,AN3,0323,-0.27,6.01,1.95,5.32,POS,3.15,1.69,1.49,64
DIST,4,AN0,C32D,2.84,0.00,1.95,1.49,AN1,8A94,2.82,5.87,1.95,4.27,AN2,189B,0.00,0.00,1.95,3.39,AN3,0323,-0.27,6.01,1.95,5.32,POS,3.18,1.68,1.47,66
DIST,4,AN0,C32D,2.84,0.00,1.95,1.55,AN1,8A94,2.82,5.87,1.95,4.31,AN2,189B,0.00,0.00,1.95,3.34,AN3,0323,-0.27,6.01,1.95,5.21,POS,3.17,1.69,1.44,63
DIST,4,AN0,C32D,2.84,0.00,1.95,1.55,AN1,8A94,2.82,5.87,1.95,4.22,AN2,189B,0.00,0.00,1.95,3.30,AN3,0323,-0.27,6.01,1.95,5.22,POS,3.14,1.70,1.52,70
DIST,4,AN0,C32D,2.84,0.00,1.95,1.52,AN1,8A94,2.82,5.87,1.95,4.28,AN2,189B,0.00,0.00,1.95,3.35,AN3,0323,-0.27,6.01,1.95,5.20,POS,3.15,1.71,1.54,64
DIST,4,AN0,C32D,2.84,0.00,1.95,1.48,AN1,8A94,2.82,5.87,1.95,4.32,AN2,189B,0.00,0.00,1.95,3.34,AN3,0323,-0.27,6.01,1.95,5.22,POS,3.16,1.71,1.57,64
DIST,4,AN0,C32D,2.84,0.00,1.95,1.43,AN1,8A94,2.82,5.87,1.95,4.33,AN2,189B,0.00,0.00,1.95,3.28,AN3,0323,-0.27,6.01,1.95,5.23,POS,3.16,1.70,1.58,63
DIST,4,AN0,C32D,2.84,0.00,1.95,1.48,AN1,8A94,2.82,5.87,1.95,4.27,AN2,189B,0.00,0.00,1.95,3.23,AN3,0323,-0.27,6.01,1.95,5.25,POS,3.12,1.69,1.61,72
DIST,4,AN0,C32D,2.84,0.00,1.95,1.52,AN1,8A94,2.82,5.87,1.95,4.28,AN2,189B,0.00,0.00,1.95,3.28,AN3,0323,-0.27,6.01,1.95,5.18,POS,3.11,1.70,1.56,62
DIST,4,AN0,C32D,2.84,0.00,1.95,1.47,AN1,8A94,2.82,5.87,1.95,4.31,AN2,189B,0.00,0.00,1.95,3.29,AN3,0323,-0.27,6.01,1.95,5.22,POS,3.12,1.69,1.55,62
DIST,4,AN0,C32D,2.84,0.00,1.95,1.45,AN1,8A94,2.82,5.87,1.95,4.30,AN2,189B,0.00,0.00,1.95,3.26,AN3,0323,-0.27,6.01,1.95,5.33,POS,3.09,1.67,1.56,70
DIST,4,AN0,C32D,2.84,0.00,1.95,1.53,AN1,8A94,2.82,5.87,1.95,4.30,AN2,189B,0.00,0.00,1.95,3.23,AN3,0323,-0.27,6.01,1.95,5.27,POS,3.05,1.66,1.52,69
DIST,4,AN0,C32D,2.84,0.00,1.95,1.49,AN1,8A94,2.82,5.87,1.95,4.32,AN2,189B,0.00,0.00,1.95,3.24,AN3,0323,-0.27,6.01,1.95,5.25,POS,3.04,1.66,1.55,71
DIST,4,AN0,C32D,2.84,0.00,1.95,1.41,AN1,8A94,2.82,5.87,1.95,4.35,AN2,189B,0.00,0.00,1.95,3.26,AN3,0323,-0.27,6.01,1.95,5.30,POS,3.06,1.64,1.51,61
DIST,4,AN0,C32D,2.84,0.00,1.95,1.39,AN1,8A94,2.82,5.87,1.95,4.35,AN2,189B,0.00,0.00,1.95,3.27,AN3,0323,-0.27,6.01,1.95,5.30,POS,3.09,1.63,1.52,62
DIST,4,AN0,C32D,2.84,0.00,1.95,1.40,AN1,8A94,2.82,5.87,1.95,4.37,AN2,189B,0.00,0.00,1.95,3.24,AN3,0323,-0.27,6.01,1.95,5.28,POS,3.09,1.62,1.50,61
DIST,4,AN0,C32D,2.84,0.00,1.95,1.37,AN1,8A94,2.82,5.87,1.95,4.39,AN2,189B,0.00,0.00,1.95,3.21,AN3,0323,-0.27,6.01,1.95,5.37,POS,3.08,1.60,1.54,69
DIST,4,AN0,C32D,2.84,0.00,1.95,1.27,AN1,8A94,2.82,5.87,1.95,4.36,AN2,189B,0.00,0.00,1.95,3.18,AN3,0323,-0.27,6.01,1.95,5.37,POS,3.09,1.57,1.52,62
DIST,4,AN0,C32D,2.84,0.00,1.95,1.35,AN1,8A94,2.82,5.87,1.95,4.41,AN2,189B,0.00,0.00,1.95,3.17,AN3,0323,-0.27,6.01,1.95,5.33,POS,3.08,1.56,1.48,61
DIST,4,AN0,C32D,2.84,0.00,1.95,1.33,AN1,8A94,2.82,5.87,1.95,4.45,AN2,189B,0.00,0.00,1.95,2.99,AN3,0323,-0.27,6.01,1.95,5.25,POS,3.01,1.55,1.54,82
DIST,4,AN0,C32D,2.84,0.00,1.95,1.29,AN1,8A94,2.82,5.87,1.95,4.43,AN2,189B,0.00,0.00,1.95,2.88,AN3,0323,-0.27,6.01,1.95,5.17,POS,2.94,1.53,1.50,76
DIST,4,AN0,C32D,2.84,0.00,1.95,1.27,AN1,8A94,2.82,5.87,1.95,4.53,AN2,189B,0.00,0.00,1.95,2.73,AN3,0323,-0.27,6.01,1.95,5.17,POS,2.85,1.51,1.59,81
DIST,4,AN0,C32D,2.84,0.00,1.95,1.32,AN1,8A94,2.82,5.87,1.95,4.55,AN2,189B,0.00,0.00,1.95,2.62,AN3,0323,-0.27,6.01,1.95,5.11,POS,2.74,1.49,1.62,81
DIST,4,AN0,C32D,2.84,0.00,1.95,1.27,AN1,189B,0.00,0.00,1.95,2.53,AN2,8A94,2.82,5.87,1.95,4.70,AN3,0323,-0.27,6.01,1.95,4.95,POS,2.65,1.49,1.66,80
DIST,4,AN0,C32D,2.84,0.00,1.95,1.25,AN1,189B,0.00,0.00,1.95,2.40,AN2,8A94,2.82,5.87,1.95,4.67,AN3,0323,-0.27,6.01,1.95,5.09,POS,2.56,1.44,1.58,73
DIST,4,AN0,C32D,2.84,0.00,1.95,1.25,AN1,189B,0.00,0.00,1.95,2.29,AN2,8A94,2.82,5.87,1.95,4.80,AN3,0323,-0.27,6.01,1.95,5.04,POS,2.47,1.41,1.54,72
DIST,4,AN0,C32D,2.84,0.00,1.95,1.31,AN1,189B,0.00,0.00,1.95,2.22,AN2,8A94,2.82,5.87,1.95,4.91,AN3,0323,-0.27,6.01,1.95,5.15,POS,2.36,1.36,1.53,67
DIST,4,AN0,C32D,2.84,0.00,1.95,1.38,AN1,189B,0.00,0.00,1.95,2.02,AN2,8A94,2.82,5.87,1.95,4.90,AN3,0323,-0.27,6.01,1.95,5.02,POS,2.24,1.32,1.47,61
DIST,4,AN0,C32D,2.84,0.00,1.95,1.41,AN1,189B,0.00,0.00,1.95,2.04,AN2,8A94,2.82,5.87,1.95,4.92,AN3,0323,-0.27,6.01,1.95,5.09,POS,2.14,1.28,1.47,66
DIST,4,AN0,C32D,2.84,0.00,1.95,1.41,AN1,189B,0.00,0.00,1.95,1.95,AN2,8A94,2.82,5.87,1.95,5.07,AN3,0323,-0.27,6.01,1.95,5.12,POS,2.05,1.24,1.48,66
DIST,4,AN0,C32D,2.84,0.00,1.95,1.47,AN1,189B,0.00,0.00,1.95,1.97,AN2,8A94,2.82,5.87,1.95,5.03,AN3,0323,-0.27,6.01,1.95,5.24,POS,1.97,1.20,1.52,68
DIST,4,AN0,C32D,2.84,0.00,1.95,1.42,AN1,189B,0.00,0.00,1.95,1.91,AN2,8A94,2.82,5.87,1.95,4.95,AN3,0323,-0.27,6.01,1.95,5.27,POS,1.88,1.12,1.49,62
DIST,4,AN0,C32D,2.84,0.00,1.95,1.38,AN1,189B,0.00,0.00,1.95,1.88,AN2,8A94,2.82,5.87,1.95,5.10,AN3,0323,-0.27,6.01,1.95,5.29,POS,1.84,1.08,1.45,57
DIST,4,AN0,C32D,2.84,0.00,1.95,1.32,AN1,189B,0.00,0.00,1.95,1.83,AN2,8A94,2.82,5.87,1.95,5.00,AN3,0323,-0.27,6.01,1.95,5.28,POS,1.77,1.00,1.43,57
DIST,4,AN0,C32D,2.84,0.00,1.95,1.39,AN1,189B,0.00,0.00,1.95,1.76,AN2,8A94,2.82,5.87,1.95,5.04,AN3,0323,-0.27,6.01,1.95,5.28,POS,1.69,0.93,1.39,56
DIST,4,AN0,C32D,2.84,0.00,1.95,1.41,AN1,189B,0.00,0.00,1.95,1.80,AN2,8A94,2.82,5.87,1.95,5.04,AN3,0323,-0.27,6.01,1.95,5.24,POS,1.69,0.94,1.40,62
DIST,4,AN0,C32D,2.84,0.00,1.95,1.47,AN1,189B,0.00,0.00,1.95,1.76,AN2,8A94,2.82,5.87,1.95,5.07,AN3,0323,-0.27,6.01,1.95,5.23,POS,1.67,0.94,1.38,62
DIST,4,AN0,C32D,2.84,0.00,1.95,1.44,AN1,189B,0.00,0.00,1.95,1.77,AN2,8A94,2.82,5.87,1.95,5.12,AN3,0323,-0.27,6.01,1.95,5.25,POS,1.66,0.94,1.38,61
DIST,4,AN0,C32D,2.84,0.00,1.95,1.43,AN1,189B,0.00,0.00,1.95,1.78,AN2,8A94,2.82,5.87,1.95,5.05,AN3,0323,-0.27,6.01,1.95,5.25,POS,1.65,0.94,1.37,61
DIST,4,AN0,C32D,2.84,0.00,1.95,1.51,AN1,189B,0.00,0.00,1.95,1.74,AN2,8A94,2.82,5.87,1.95,5.07,AN3,0323,-0.27,6.01,1.95,5.29,POS,1.60,0.91,1.39,63
DIST,4,AN0,C32D,2.84,0.00,1.95,1.40,AN1,189B,0.00,0.00,1.95,1.77,AN2,8A94,2.82,5.87,1.95,5.05,AN3,0323,-0.27,6.01,1.95,5.26,POS,1.61,0.91,1.40,62
DIST,4,AN0,C32D,2.84,0.00,1.95,1.47,AN1,189B,0.00,0.00,1.95,1.78,AN2,8A94,2.82,5.87,1.95,5.09,AN3,0323,-0.27,6.01,1.95,5.20,POS,1.61,0.93,1.39,64
DIST,4,AN0,C32D,2.84,0.00,1.95,1.42,AN1,189B,0.00,0.00,1.95,1.76,AN2,8A94,2.82,5.87,1.95,5.07,AN3,0323,-0.27,6.01,1.95,5.29,POS,1.62,0.92,1.38,59
DIST,4,AN0,C32D,2.84,0.00,1.95,1.48,AN1,189B,0.00,0.00,1.95,1.71,AN2,8A94,2.82,5.87,1.95,5.05,AN3,0323,-0.27,6.01,1.95,5.26,POS,1.56,0.90,1.45,70
DIST,4,AN0,C32D,2.84,0.00,1.95,1.49,AN1,189B,0.00,0.00,1.95,1.75,AN2,8A94,2.82,5.87,1.95,5.08,AN3,0323,-0.27,6.01,1.95,5.27,POS,1.57,0.90,1.41,59
DIST,4,AN0,C32D,2.84,0.00,1.95,1.52,AN1,189B,0.00,0.00,1.95,1.70,AN2,8A94,2.82,5.87,1.95,5.09,AN3,0323,-0.27,6.01,1.95,5.20,POS,1.56,0.91,1.40,64
DIST,4,AN0,C32D,2.84,0.00,1.95,1.47,AN1,189B,0.00,0.00,1.95,1.68,AN2,8A94,2.82,5.87,1.95,5.10,AN3,0323,-0.27,6.01,1.95,5.27,POS,1.51,0.86,1.38,59
DIST,4,AN0,C32D,2.84,0.00,1.95,1.41,AN1,189B,0.00,0.00,1.95,1.71,AN2,8A94,2.82,5.87,1.95,5.10,AN3,0323,-0.27,6.01,1.95,5.23,POS,1.53,0.88,1.41,65
DIST,4,AN0,C32D,2.84,0.00,1.95,1.50,AN1,189B,0.00,0.00,1.95,1.68,AN2,8A94,2.82,5.87,1.95,5.09,AN3,0323,-0.27,6.01,1.95,5.19,POS,1.53,0.90,1.42,66
DIST,4,AN0,C32D,2.84,0.00,1.95,1.50,AN1,189B,0.00,0.00,1.95,1.68,AN2,8A94,2.82,5.87,1.95,5.05,AN3,0323,-0.27,6.01,1.95,5.29,POS,1.52,0.88,1.41,62
DIST,4,AN0,C32D,2.84,0.00,1.95,1.40,AN1,189B,0.00,0.00,1.95,1.71,AN2,8A94,2.82,5.87,1.95,5.12,AN3,0323,-0.27,6.01,1.95,5.24,POS,1.54,0.89,1.44,64
DIST,4,AN0,C32D,2.84,0.00,1.95,1.48,AN1,189B,0.00,0.00,1.95,1.72,AN2,8A94,2.82,5.87,1.95,5.10,AN3,0323,-0.27,6.01,1.95,5.23,POS,1.55,0.90,1.42,63
DIST,4,AN0,C32D,2.84,0.00,1.95,1.53,AN1,189B,0.00,0.00,1.95,1.78,AN2,8A94,2.82,5.87,1.95,5.08,AN3,0323,-0.27,6.01,1.95,5.27,POS,1.56,0.92,1.47,69
DIST,4,AN0,C32D,2.84,0.00,1.95,1.49,AN1,189B,0.00,0.00,1.95,1.72,AN2,8A94,2.82,5.87,1.95,5.08,AN3,0323,-0.27,6.01,1.95,5.22,POS,1.56,0.93,1.44,63
DIST,4,AN0,C32D,2.84,0.00,1.95,1.40,AN1,189B,0.00,0.00,1.95,1.73,AN2,8A94,2.82,5.87,1.95,5.10,AN3,0323,-0.27,6.01,1.95,5.19,POS,1.58,0.94,1.48,67
DIST,4,AN0,C32D,2.84,0.00,1.95,1.42,AN1,189B,0.00,0.00,1.95,1.70,AN2,8A94,2.82,5.87,1.95,5.05,AN3,0323,-0.27,6.01,1.95,5.15,POS,1.58,0.95,1.53,70
DIST,4,AN0,C32D,2.84,0.00,1.95,1.50,AN1,189B,0.00,0.00,1.95,1.75,AN2,8A94,2.82,5.87,1.95,5.10,AN3,0323,-0.27,6.01,1.95,5.31,POS,1.58,0.95,1.56,68
DIST,4,AN0,C32D,2.84,0.00,1.95,1.53,AN1,189B,0.00,0.00,1.95,1.75,AN2,8A94,2.82,5.87,1.95,5.07,AN3,0323,-0.27,6.01,1.95,5.22,POS,1.57,0.95,1.49,62
DIST,4,AN0,C32D,2.84,0.00,1.95,1.41,AN1,189B,0.00,0.00,1.95,1.78,AN2,8A94,2.82,5.87,1.95,5.06,AN3,0323,-0.27,6.01,1.95,5.22,POS,1.59,0.95,1.48,64
DIST,4,AN0,C32D,2.84,0.00,1.95,1.45,AN1,189B,0.00,0.00,1.95,1.68,AN2,8A94,2.82,5.87,1.95,5.05,AN3,0323,-0.27,6.01,1.95,5.22,POS,1.53,0.90,1.47,63
DIST,4,AN0,C32D,2.84,0.00,1.95,1.52,AN1,189B,0.00,0.00,1.95,1.69,AN2,8A94,2.82,5.87,1.95,5.04,AN3,0323,-0.27,6.01,1.95,5.20,POS,1.48,0.87,1.43,60
DIST,4,AN0,C32D,2.84,0.00,1.95,1.51,AN1,189B,0.00,0.00,1.95,1.69,AN2,8A94,2.82,5.87,1.95,5.06,AN3,0323,-0.27,6.01,1.95,5.19,POS,1.49,0.89,1.42,66
DIST,4,AN0,C32D,2.84,0.00,1.95,1.51,AN1,189B,0.00,0.00,1.95,1.70,AN2,8A94,2.82,5.87,1.95,5.04,AN3,0323,-0.27,6.01,1.95,5.31,POS,1.50,0.90,1.50,69
DIST,4,AN0,C32D,2.84,0.00,1.95,1.53,AN1,189B,0.00,0.00,1.95,1.62,AN2,8A94,2.82,5.87,1.95,5.11,AN3,0323,-0.27,6.01,1.95,5.28,POS,1.46,0.87,1.52,67
DIST,4,AN0,C32D,2.84,0.00,1.95,1.51,AN1,189B,0.00,0.00,1.95,1.61,AN2,8A94,2.82,5.87,1.95,5.16,AN3,0323,-0.27,6.01,1.95,5.19,POS,1.47,0.89,1.51,68
DIST,4,AN0,C32D,2.84,0.00,1.95,1.63,AN1,189B,0.00,0.00,1.95,1.57,AN2,8A94,2.82,5.87,1.95,5.21,AN3,0323,-0.27,6.01,1.95,5.24,POS,1.45,0.90,1.60,76
DIST,4,AN0,C32D,2.84,0.00,1.95,1.70,AN1,189B,0.00,0.00,1.95,1.47,AN2,8A94,2.82,5.87,1.95,5.19,AN3,0323,-0.27,6.01,1.95,5.20,POS,1.40,0.89,1.53,63
DIST,4,AN0,189B,0.00,0.00,1.95,1.44,AN1,C32D,2.84,0.00,1.95,1.82,AN2,8A94,2.82,5.87,1.95,5.18,AN3,0323,-0.27,6.01,1.95,5.08,POS,1.35,0.91,1.48,64
DIST,4,AN0,189B,0.00,0.00,1.95,1.38,AN1,C32D,2.84,0.00,1.95,1.95,AN2,8A94,2.82,5.87,1.95,5.17,AN3,0323,-0.27,6.01,1.95,5.07,POS,1.28,0.94,1.55,69
DIST,4,AN0,189B,0.00,0.00,1.95,1.33,AN1,C32D,2.84,0.00,1.95,2.04,AN2,8A94,2.82,5.87,1.95,5.23,AN3,0323,-0.27,6.01,1.95,4.92,POS,1.19,0.97,1.52,63
DIST,4,AN0,189B,0.00,0.00,1.95,1.27,AN1,C32D,2.84,0.00,1.95,2.23,AN2,8A94,2.82,5.87,1.95,5.28,AN3,0323,-0.27,6.01,1.95,5.05,POS,1.09,0.98,1.50,57
DIST,4,AN0,189B,0.00,0.00,1.95,1.20,AN1,C32D,2.84,0.00,1.95,2.42,AN2,8A94,2.82,5.87,1.95,5.23,AN3,0323,-0.27,6.01,1.95,4.90,POS,0.95,0.98,1.48,68
DIST,4,AN0,189B,0.00,0.00,1.95,1.16,AN1,C32D,2.84,0.00,1.95,2.58,AN2,0323,-0.27,6.01,1.95,4.74,AN3,8A94,2.82,5.87,1.95,5.27,POS,0.74,0.97,1.41,64
DIST,4,AN0,189B,0.00,0.00,1.95,1.15,AN1,C32D,2.84,0.00,1.95,2.69,AN2,0323,-0.27,6.01,1.95,4.66,AN3,8A94,2.82,5.87,1.95,5.34,POS,0.62,1.03,1.42,81
DIST,4,AN0,189B,0.00,0.00,1.95,1.23,AN1,C32D,2.84,0.00,1.95,2.87,AN2,0323,-0.27,6.01,1.95,4.59,AN3,8A94,2.82,5.87,1.95,5.22,POS,0.49,1.09,1.39,73
DIST,4,AN0,189B,0.00,0.00,1.95,1.27,AN1,C32D,2.84,0.00,1.95,3.01,AN2,0323,-0.27,6.01,1.95,4.50,AN3,8A94,2.82,5.87,1.95,5.13,POS,0.36,1.16,1.39,74
DIST,4,AN0,189B,0.00,0.00,1.95,1.35,AN1,C32D,2.84,0.00,1.95,3.06,AN2,0323,-0.27,6.01,1.95,4.35,AN3,8A94,2.82,5.87,1.95,5.11,POS,0.25,1.24,1.42,73
DIST,4,AN0,189B,0.00,0.00,1.95,1.47,AN1,C32D,2.84,0.00,1.95,3.11,AN2,0323,-0.27,6.01,1.95,4.28,AN3,8A94,2.82,5.87,1.95,5.12,POS,0.19,1.32,1.41,74
DIST,4,AN0,189B,0.00,0.00,1.95,1.50,AN1,C32D,2.84,0.00,1.95,3.21,AN2,0323,-0.27,6.01,1.95,4.29,AN3,8A94,2.82,5.87,1.95,5.10,POS,0.10,1.38,1.39,65
DIST,4,AN0,189B,0.00,0.00,1.95,1.51,AN1,C32D,2.84,0.00,1.95,3.19,AN2,0323,-0.27,6.01,1.95,4.35,AN3,8A94,2.82,5.87,1.95,5.23,POS,0.08,1.43,1.44,80
DIST,4,AN0,189B,0.00,0.00,1.95,1.48,AN1,C32D,2.84,0.00,1.95,3.18,AN2,0323,-0.27,6.01,1.95,4.32,AN3,8A94,2.82,5.87,1.95,5.20,POS,0.04,1.46,1.41,68
DIST,4,AN0,189B,0.00,0.00,1.95,1.53,AN1,C32D,2.84,0.00,1.95,3.32,AN2,0323,-0.27,6.01,1.95,4.26,AN3,8A94,2.82,5.87,1.95,5.22,POS,-0.02,1.49,1.39,64
DIST,4,AN0,189B,0.00,0.00,1.95,1.52,AN1,0323,-0.27,6.01,1.95,4.29,AN2,8A94,2.82,5.87,1.95,5.25,AN3,C32D,2.84,0.00,1.95,3.34,POS,-0.07,1.51,1.36,61
DIST,4,AN0,189B,0.00,0.00,1.95,1.52,AN1,0323,-0.27,6.01,1.95,4.27,AN2,8A94,2.82,5.87,1.95,5.24,AN3,C32D,2.84,0.00,1.95,3.27,POS,-0.19,1.47,1.43,69
DIST,4,AN0,189B,0.00,0.00,1.95,1.48,AN1,0323,-0.27,6.01,1.95,4.25,AN2,8A94,2.82,5.87,1.95,5.17,AN3,C32D,2.84,0.00,1.95,3.29,POS,-0.24,1.47,1.47,63
DIST,4,AN0,189B,0.00,0.00,1.95,1.48,AN1,0323,-0.27,6.01,1.95,4.25,AN2,8A94,2.82,5.87,1.95,5.21,AN3,C32D,2.84,0.00,1.95,3.28,POS,-0.23,1.50,1.46,67
DIST,4,AN0,189B,0.00,0.00,1.95,1.43,AN1,0323,-0.27,6.01,1.95,4.30,AN2,8A94,2.82,5.87,1.95,5.25,AN3,C32D,2.84,0.00,1.95,3.21,POS,-0.21,1.51,1.45,69
DIST,4,AN0,189B,0.00,0.00,1.95,1.40,AN1,0323,-0.27,6.01,1.95,4.32,AN2,8A94,2.82,5.87,1.95,5.23,AN3,C32D,2.84,0.00,1.95,3.12,POS,-0.17,1.51,1.46,73
DIST,4,AN0,189B,0.00,0.00,1.95,1.39,AN1,0323,-0.27,6.01,1.95,4.36,AN2,8A94,2.82,5.87,1.95,5.15,AN3,C32D,2.84,0.00,1.95,3.20,POS,-0.18,1.50,1.48,69
DIST,4,AN0,189B,0.00,0.00,1.95,1.37,AN1,0323,-0.27,6.01,1.95,4.29,AN2,8A94,2.82,5.87,1.95,5.22,AN3,C32D,2.84,0.00,1.95,3.17,POS,-0.16,1.51,1.52,75
DIST,4,AN0,189B,0.00,0.00,1.95,1.39,AN1,0323,-0.27,6.01,1.95,4.30,AN2,8A94,2.82,5.87,1.95,5.13,AN3,C32D,2.84,0.00,1.95,3.14,POS,-0.19,1.49,1.55,67
DIST,4,AN0,189B,0.00,0.00,1.95,1.46,AN1,0323,-0.27,6.01,1.95,4.28,AN2,8A94,2.82,5.87,1.95,5.16,AN3,C32D,2.84,0.00,1.95,3.20,POS,-0.17,1.51,1.52,70
DIST,4,AN0,189B,0.00,0.00,1.95,1.43,AN1,0323,-0.27,6.01,1.95,4.25,AN2,8A94,2.82,5.87,1.95,5.18,AN3,C32D,2.84,0.00,1.95,3.19,POS,-0.15,1.53,1.53,74
DIST,4,AN0,189B,0.00,0.00,1.95,1.48,AN1,0323,-0.27,6.01,1.95,4.25,AN2,8A94,2.82,5.87,1.95,5.15,AN3,C32D,2.84,0.00,1.95,3.21,POS,-0.14,1.54,1.50,71
DIST,4,AN0,189B,0.00,0.00,1.95,1.48,AN1,0323,-0.27,6.01,1.95,4.24,AN2,8A94,2.82,5.87,1.95,5.11,AN3,C32D,2.84,0.00,1.95,3.21,POS,-0.19,1.53,1.55,64
DIST,4,AN0,189B,0.00,0.00,1.95,1.50,AN1,0323,-0.27,6.01,1.95,4.22,AN2,8A94,2.82,5.87,1.95,5.10,AN3,C32D,2.84,0.00,1.95,3.26,POS,-0.20,1.55,1.52,65
DIST,4,AN0,189B,0.00,0.00,1.95,1.54,AN1,0323,-0.27,6.01,1.95,4.22,AN2,8A94,2.82,5.87,1.95,5.09,AN3,C32D,2.84,0.00,1.95,3.27,POS,-0.21,1.57,1.49,64
DIST,4,AN0,189B,0.00,0.00,1.95,1.62,AN1,0323,-0.27,6.01,1.95,4.17,AN2,8A94,2.82,5.87,1.95,5.02,AN3,C32D,2.84,0.00,1.95,3.27,POS,-0.20,1.60,1.44,64
DIST,4,AN0,189B,0.00,0.00,1.95,1.63,AN1,0323,-0.27,6.01,1.95,4.10,AN2,8A94,2.82,5.87,1.95,4.92,AN3,C32D,2.84,0.00,1.95,3.21,POS,-0.17,1.64,1.43,71
DIST,4,AN0,189B,0.00,0.00,1.95,1.75,AN1,0323,-0.27,6.01,1.95,4.13,AN2,8A94,2.82,5.87,1.95,4.87,AN3,C32D,2.84,0.00,1.95,3.14,POS,-0.09,1.68,1.48,77
DIST,4,AN0,189B,0.00,0.00,1.95,1.75,AN1,0323,-0.27,6.01,1.95,4.07,AN2,8A94,2.82,5.87,1.95,4.76,AN3,C32D,2.84,0.00,1.95,3.17,POS,-0.05,1.71,1.45,75
DIST,4,AN0,189B,0.00,0.00,1.95,1.78,AN1,0323,-0.27,6.01,1.95,4.02,AN2,8A94,2.82,5.87,1.95,4.65,AN3,C32D,2.84,0.00,1.95,2.99,POS,0.00,1.72,1.41,77
DIST,4,AN0,189B,0.00,0.00,1.95,1.81,AN1,C32D,2.84,0.00,1.95,2.95,AN2,0323,-0.27,6.01,1.95,3.93,AN3,8A94,2.82,5.87,1.95,4.48,POS,0.09,1.78,1.46,75
DIST,4,AN0,189B,0.00,0.00,1.95,1.97,AN1,C32D,2.84,0.00,1.95,2.93,AN2,0323,-0.27,6.01,1.95,3.90,AN3,8A94,2.82,5.87,1.95,4.36,POS,0.19,1.84,1.44,74
DIST,4,AN0,189B,0.00,0.00,1.95,2.13,AN1,C32D,2.84,0.00,1.95,2.89,AN2,0323,-0.27,6.01,1.95,3.88,AN3,8A94,2.82,5.87,1.95,4.16,POS,0.32,1.91,1.40,78
DIST,4,AN0,189B,0.00,0.00,1.95,2.25,AN1,C32D,2.84,0.00,1.95,2.81,AN2,0323,-0.27,6.01,1.95,3.86,AN3,8A94,2.82,5.87,1.95,4.08,POS,0.45,1.98,1.37,82
DIST,4,AN0,189B,0.00,0.00,1.95,2.30,AN1,C32D,2.84,0.00,1.95,2.87,AN2,0323,-0.27,6.01,1.95,3.80,AN3,8A94,2.82,5.87,1.95,3.94,POS,0.56,2.04,1.36,85
DIST,4,AN0,189B,0.00,0.00,1.95,2.39,AN1,C32D,2.84,0.00,1.95,2.78,AN2,0323,-0.27,6.01,1.95,3.78,AN3,8A94,2.82,5.87,1.95,3.91,POS,0.65,2.09,1.39,88
DIST,4,AN0,189B,0.00,0.00,1.95,2.49,AN1,C32D,2.84,0.00,1.95,2.74,AN2,0323,-0.27,6.01,1.95,3.73,AN3,8A94,2.82,5.87,1.95,3.72,POS,0.78,2.16,1.44,94
DIST,4,AN0,189B,0.00,0.00,1.95,2.56,AN1,C32D,2.84,0.00,1.95,2.78,AN2,0323,-0.27,6.01,1.95,3.75,AN3,8A94,2.82,5.87,1.95,3.71,POS,0.88,2.21,1.41,90
DIST,4,AN0,189B,0.00,0.00,1.95,2.63,AN1,C32D,2.84,0.00,1.95,2.75,AN2,0323,-0.27,6.01,1.95,3.79,AN3,8A94,2.82,5.87,1.95,3.59,POS,0.99,2.26,1.40,93
DIST,4,AN0,189B,0.00,0.00,1.95,2.73,AN1,C32D,2.84,0.00,1.95,2.75,AN2,0323,-0.27,6.01,1.95,3.71,AN3,8A94,2.82,5.87,1.95,3.58,POS,1.08,2.31,1.41,94
DIST,4,AN0,189B,0.00,0.00,1.95,2.74,AN1,C32D,2.84,0.00,1.95,2.76,AN2,0323,-0.27,6.01,1.95,3.65,AN3,8A94,2.82,5.87,1.95,3.56,POS,1.11,2.35,1.48,97
DIST,4,AN0,189B,0.00,0.00,1.95,2.72,AN1,C32D,2.84,0.00,1.95,2.75,AN2,8A94,2.82,5.87,1.95,3.59,AN3,0323,-0.27,6.01,1.95,3.64,POS,1.13,2.37,1.40,87
DIST,4,AN0,189B,0.00,0.00,1.95,2.77,AN1,C32D,2.84,0.00,1.95,2.82,AN2,8A94,2.82,5.87,1.95,3.56,AN3,0323,-0.27,6.01,1.95,3.65,POS,1.16,2.40,1.41,93
DIST,4,AN0,189B,0.00,0.00,1.95,2.79,AN1,C32D,2.84,0.00,1.95,2.74,AN2,8A94,2.82,5.87,1.95,3.52,AN3,0323,-0.27,6.01,1.95,3.66,POS,1.19,2.42,1.50,98
DIST,4,AN0,189B,0.00,0.00,1.95,2.75,AN1,C32D,2.84,0.00,1.95,2.75,AN2,8A94,2.82,5.87,1.95,3.53,AN3,0323,-0.27,6.01,1.95,3.57,POS,1.25,2.47,1.43,90
DIST,4,AN0,189B,0.00,0.00,1.95,2.74,AN1,C32D,2.84,0.00,1.95,2.80,AN2,8A94,2.82,5.87,1.95,3.52,AN3,0323,-0.27,6.01,1.95,3.68,POS,1.27,2.48,1.42,93
DIST,4,AN0,189B,0.00,0.00,1.95,2.74,AN1,C32D,2.84,0.00,1.95,2.77,AN2,8A94,2.82,5.87,1.95,3.54,AN3,0323,-0.27,6.01,1.95,3.68,POS,1.29,2.48,1.43,95
DIST,4,AN0,189B,0.00,0.00,1.95,2.82,AN1,C32D,2.84,0.00,1.95,2.78,AN2,8A94,2.82,5.87,1.95,3.57,AN3,0323,-0.27,6.01,1.95,3.66,POS,1.33,2.51,1.44,94
DIST,4,AN0,189B,0.00,0.00,1.95,2.78,AN1,C32D,2.84,0.00,1.95,2.80,AN2,8A94,2.82,5.87,1.95,3.53,AN3,0323,-0.27,6.01,1.95,3.64,POS,1.31,2.51,1.46,95
DIST,4,AN0,189B,0.00,0.00,1.95,2.78,AN1,C32D,2.84,0.00,1.95,2.80,AN2,8A94,2.82,5.87,1.95,3.54,AN3,0323,-0.27,6.01,1.95,3.64,POS,1.29,2.51,1.48,95
DIST,4,AN0,189B,0.00,0.00,1.95,2.78,AN1,C32D,2.84,0.00,1.95,2.83,AN2,8A94,2.82,5.87,1.95,3.49,AN3,0323,-0.27,6.01,1.95,3.67,POS,1.31,2.52,1.43,91
DIST,4,AN0,189B,0.00,0.00,1.95,2.81,AN1,C32D,2.84,0.00,1.95,2.79,AN2,8A94,2.82,5.87,1.95,3.50,AN3,0323,-0.27,6.01,1.95,3.64,POS,1.31,2.52,1.46,96
DIST,4,AN0,189B,0.00,0.00,1.95,2.80,AN1,C32D,2.84,0.00,1.95,2.81,AN2,8A94,2.82,5.87,1.95,3.53,AN3,0323,-0.27,6.01,1.95,3.67,POS,1.32,2.52,1.44,93
DIST,4,AN0,189B,0.00,0.00,1.95,2.77,AN1,C32D,2.84,0.00,1.95,2.79,AN2,8A94,2.82,5.87,1.95,3.48,AN3,0323,-0.27,6.01,1.95,3.65,POS,1.33,2.52,1.45,95
DIST,4,AN0,189B,0.00,0.00,1.95,2.76,AN1,C32D,2.84,0.00,1.95,2.74,AN2,8A94,2.82,5.87,1.95,3.56,AN3,0323,-0.27,6.01,1.95,3.66,POS,1.31,2.51,1.52,97
DIST,4,AN0,189B,0.00,0.00,1.95,2.79,AN1,C32D,2.84,0.00,1.95,2.77,AN2,8A94,2.82,5.87,1.95,3.49,AN3,0323,-0.27,6.01,1.95,3.62,POS,1.30,2.51,1.57,98
DIST,4,AN0,189B,0.00,0.00,1.95,2.82,AN1,C32D,2.84,0.00,1.95,2.80,AN2,8A94,2.82,5.87,1.95,3.49,AN3,0323,-0.27,6.01,1.95,3.64,POS,1.30,2.52,1.56,95
DIST,4,AN0,189B,0.00,0.00,1.95,2.81,AN1,C32D,2.84,0.00,1.95,2.78,AN2,8A94,2.82,5.87,1.95,3.52,AN3,0323,-0.27,6.01,1.95,3.64,POS,1.30,2.52,1.57,96
DIST,4,AN0,189B,0.00,0.00,1.95,2.79,AN1,C32D,2.84,0.00,1.95,2.82,AN2,8A94,2.82,5.87,1.95,3.44,AN3,0323,-0.27,6.01,1.95,3.65,POS,1.32,2.53,1.51,93
DIST,4,AN0,189B,0.00,0.00,1.95,2.89,AN1,C32D,2.84,0.00,1.95,2.81,AN2,8A94,2.82,5.87,1.95,3.41,AN3,0323,-0.27,6.01,1.95,3.65,POS,1.35,2.55,1.49,93
DIST,4,AN0,189B,0.00,0.00,1.95,2.89,AN1,C32D,2.84,0.00,1.95,2.83,AN2,8A94,2.82,5.87,1.95,3.47,AN3,0323,-0.27,6.01,1.95,3.63,POS,1.34,2.55,1.47,94
DIST,4,AN0,189B,0.00,0.00,1.95,2.90,AN1,C32D,2.84,0.00,1.95,2.86,AN2,8A94,2.82,5.87,1.95,3.43,AN3,0323,-0.27,6.01,1.95,3.55,POS,1.32,2.56,1.51,97
DIST,4,AN0,189B,0.00,0.00,1.95,2.96,AN1,C32D,2.84,0.00,1.95,2.91,AN2,8A94,2.82,5.87,1.95,3.38,AN3,0323,-0.27,6.01,1.95,3.57,POS,1.35,2.59,1.46,92
DIST,4,AN0,189B,0.00,0.00,1.95,3.04,AN1,C32D,2.84,0.00,1.95,2.93,AN2,8A94,2.82,5.87,1.95,3.33,AN3,0323,-0.27,6.01,1.95,3.56,POS,1.36,2.62,1.42,92
DIST,4,AN0,189B,0.00,0.00,1.95,3.16,AN1,C32D,2.84,0.00,1.95,2.93,AN2,8A94,2.82,5.87,1.95,3.19,AN3,0323,-0.27,6.01,1.95,3.55,POS,1.44,2.68,1.42,93
DIST,4,AN0,C32D,2.84,0.00,1.95,2.92,AN1,189B,0.00,0.00,1.95,3.21,AN2,8A94,2.82,5.87,1.95,3.17,AN3,0323,-0.27,6.01,1.95,3.66,POS,1.51,2.71,1.48,96
DIST,4,AN0,C32D,2.84,0.00,1.95,2.93,AN1,189B,0.00,0.00,1.95,3.31,AN2,8A94,2.82,5.87,1.95,3.08,AN3,0323,-0.27,6.01,1.95,3.61,POS,1.60,2.76,1.45,90
DIST,4,AN0,C32D,2.84,0.00,1.95,2.95,AN1,189B,0.00,0.00,1.95,3.34,AN2,8A94,2.82,5.87,1.95,3.02,AN3,0323,-0.27,6.01,1.95,3.57,POS,1.67,2.81,1.45,91
DIST,4,AN0,C32D,2.84,0.00,1.95,2.99,AN1,189B,0.00,0.00,1.95,3.49,AN2,8A94,2.82,5.87,1.95,2.98,AN3,0323,-0.27,6.01,1.95,3.64,POS,1.76,2.86,1.41,85
DIST,4,AN0,C32D,2.84,0.00,1.95,3.10,AN1,8A94,2.82,5.87,1.95,2.80,AN2,189B,0.00,0.00,1.95,3.66,AN3,0323,-0.27,6.01,1.95,3.50,POS,1.85,2.95,1.46,86
DIST,4,AN0,8A94,2.82,5.87,1.95,2.71,AN1,C32D,2.84,0.00,1.95,3.16,AN2,189B,0.00,0.00,1.95,3.81,AN3,0323,-0.27,6.01,1.95,3.59,POS,1.95,3.02,1.44,79
DIST,4,AN0,8A94,2.82,5.87,1.95,2.53,AN1,C32D,2.84,0.00,1.95,3.26,AN2,189B,0.00,0.00,1.95,3.91,AN3,0323,-0.27,6.01,1.95,3.59,POS,2.03,3.09,1.55,83
DIST,4,AN0,8A94,2.82,5.87,1.95,2.49,AN1,C32D,2.84,0.00,1.95,3.31,AN2,189B,0.00,0.00,1.95,4.12,AN3,0323,-0.27,6.01,1.95,3.66,POS,2.11,3.16,1.55,77
DIST,4,AN0,8A94,2.82,5.87,1.95,2.47,AN1,C32D,2.84,0.00,1.95,3.26,AN2,0323,-0.27,6.01,1.95,3.72,AN3,189B,0.00,0.00,1.95,4.22,POS,2.19,3.20,1.60,77
DIST,4,AN0,8A94,2.82,5.87,1.95,2.36,AN1,C32D,2.84,0.00,1.95,3.37,AN2,0323,-0.27,6.01,1.95,3.78,AN3,189B,0.00,0.00,1.95,4.32,POS,2.31,3.26,1.60,76
DIST,4,AN0,8A94,2.82,5.87,1.95,2.37,AN1,C32D,2.84,0.00,1.95,3.35,AN2,0323,-0.27,6.01,1.95,3.77,AN3,189B,0.00,0.00,1.95,4.38,POS,2.38,3.30,1.62,75
DIST,4,AN0,8A94,2.82,5.87,1.95,2.33,AN1,C32D,2.84,0.00,1.95,3.41,AN2,0323,-0.27,6.01,1.95,3.80,AN3,189B,0.00,0.00,1.95,4.55,POS,2.58,3.41,1.53,69
DIST,4,AN0,8A94,2.82,5.87,1.95,2.30,AN1,C32D,2.84,0.00,1.95,3.45,AN2,0323,-0.27,6.01,1.95,3.78,AN3,189B,0.00,0.00,1.95,4.50,POS,2.60,3.44,1.52,76
DIST,4,AN0,8A94,2.82,5.87,1.95,2.34,AN1,C32D,2.84,0.00,1.95,3.37,AN2,0323,-0.27,6.01,1.95,3.74,AN3,189B,0.00,0.00,1.95,4.45,POS,2.70,3.49,1.58,70
DIST,4,AN0,8A94,2.82,5.87,1.95,2.34,AN1,C32D,2.84,0.00,1.95,3.30,AN2,0323,-0.27,6.01,1.95,3.75,AN3,189B,0.00,0.00,1.95,4.40,POS,2.80,3.53,1.50,67
DIST,4,AN0,8A94,2.82,5.87,1.95,2.29,AN1,C32D,2.84,0.00,1.95,3.39,AN2,0323,-0.27,6.01,1.95,3.74,AN3,189B,0.00,0.00,1.95,4.40,POS,2.76,3.52,1.43,73
DIST,4,AN0,8A94,2.82,5.87,1.95,2.31,AN1,C32D,2.84,0.00,1.95,3.39,AN2,0323,-0.27,6.01,1.95,3.75,AN3,189B,0.00,0.00,1.95,4.39,POS,2.73,3.51,1.52,75
DIST,4,AN0,8A94,2.82,5.87,1.95,2.32,AN1,C32D,2.84,0.00,1.95,3.40,AN2,0323,-0.27,6.01,1.95,3.81,AN3,189B,0.00,0.00,1.95,4.45,POS,2.71,3.50,1.54,76
DIST,4,AN0,8A94,2.82,5.87,1.95,2.27,AN1,C32D,2.84,0.00,1.95,3.48,AN2,0323,-0.27,6.01,1.95,3.66,AN3,189B,0.00,0.00,1.95,4.56,POS,2.81,3.58,1.49,66
DIST,4,AN0,8A94,2.82,5.87,1.95,2.25,AN1,C32D,2.84,0.00,1.95,3.49,AN2,0323,-0.27,6.01,1.95,3.73,AN3,189B,0.00,0.00,1.95,4.53,POS,2.76,3.58,1.51,77
DIST,4,AN0,8A94,2.82,5.87,1.95,2.30,AN1,C32D,2.84,0.00,1.95,3.49,AN2,0323,-0.27,6.01,1.95,3.64,AN3,189B,0.00,0.00,1.95,4.52,POS,2.83,3.63,1.43,65
DIST,4,AN0,8A94,2.82,5.87,1.95,2.23,AN1,C32D,2.84,0.00,1.95,3.53,AN2,189B,0.00,0.00,1.95,4.53,AN3,0323,-0.27,6.01,1.95,3.60,POS,2.75,3.62,1.46,76
DIST,4,AN0,8A94,2.82,5.87,1.95,2.18,AN1,C32D,2.84,0.00,1.95,3.56,AN2,0323,-0.27,6.01,1.95,3.69,AN3,189B,0.00,0.00,1.95,4.61,POS,2.82,3.68,1.48,67
DIST,4,AN0,8A94,2.82,5.87,1.95,2.17,AN1,C32D,2.84,0.00,1.95,3.56,AN2,189B,0.00,0.00,1.95,4.53,AN3,0323,-0.27,6.01,1.95,3.72,POS,2.81,3.67,1.49,77
DIST,4,AN0,8A94,2.82,5.87,1.95,2.21,AN1,C32D,2.84,0.00,1.95,3.50,AN2,0323,-0.27,6.01,1.95,3.66,AN3,189B,0.00,0.00,1.95,4.51,POS,2.75,3.65,1.54,76
DIST,4,AN0,8A94,2.82,5.87,1.95,2.22,AN1,C32D,2.84,0.00,1.95,3.47,AN2,0323,-0.27,6.01,1.95,3.67,AN3,189B,0.00,0.00,1.95,4.55,POS,2.72,3.63,1.45,73
DIST,4,AN0,8A94,2.82,5.87,1.95,2.28,AN1,C32D,2.84,0.00,1.95,3.43,AN2,0323,-0.27,6.01,1.95,3.72,AN3,189B,0.00,0.00,1.95,4.53,POS,2.82,3.66,1.40,67
DIST,4,AN0,8A94,2.82,5.87,1.95,2.26,AN1,C32D,2.84,0.00,1.95,3.47,AN2,189B,0.00,0.00,1.95,4.54,AN3,0323,-0.27,6.01,1.95,3.77,POS,2.78,3.63,1.44,77
DIST,4,AN0,8A94,2.82,5.87,1.95,2.27,AN1,C32D,2.84,0.00,1.95,3.49,AN2,0323,-0.27,6.01,1.95,3.81,AN3,189B,0.00,0.00,1.95,4.61,POS,2.87,3.66,1.45,67
DIST,4,AN0,8A94,2.82,5.87,1.95,2.26,AN1,C32D,2.84,0.00,1.95,3.43,AN2,0323,-0.27,6.01,1.95,3.76,AN3,189B,0.00,0.00,1.95,4.56,POS,2.94,3.69,1.40,68
DIST,4,AN0,8A94,2.82,5.87,1.95,2.22,AN1,C32D,2.84,0.00,1.95,3.50,AN2,0323,-0.27,6.01,1.95,3.71,AN3,189B,0.00,0.00,1.95,4.59,POS,2.99,3.72,1.35,67
DIST,4,AN0,8A94,2.82,5.87,1.95,2.21,AN1,C32D,2.84,0.00,1.95,3.54,AN2,0323,-0.27,6.01,1.95,3.74,AN3,189B,0.00,0.00,1.95,4.61,POS,3.01,3.74,1.36,65
DIST,4,AN0,8A94,2.82,5.87,1.95,2.14,AN1,C32D,2.84,0.00,1.95,3.58,AN2,0323,-0.27,6.01,1.95,3.65,AN3,189B,0.00,0.00,1.95,4.63,POS,2.91,3.72,1.43,77
DIST,4,AN0,8A94,2.82,5.87,1.95,2.15,AN1,C32D,2.84,0.00,1.95,3.55,AN2,0323,-0.27,6.01,1.95,3.70,AN3,189B,0.00,0.00,1.95,4.67,POS,2.99,3.76,1.42,67
DIST,4,AN0,8A94,2.82,5.87,1.95,2.14,AN1,C32D,2.84,0.00,1.95,3.57,AN2,0323,-0.27,6.01,1.95,3.64,AN3,189B,0.00,0.00,1.95,4.61,POS,2.90,3.74,1.49,77
DIST,4,AN0,8A94,2.82,5.87,1.95,2.17,AN1,C32D,2.84,0.00,1.95,3.59,AN2,0323,-0.27,6.01,1.95,3.64,AN3,189B,0.00,0.00,1.95,4.57,POS,2.82,3.72,1.49,77
DIST,4,AN0,8A94,2.82,5.87,1.95,2.14,AN1,C32D,2.84,0.00,1.95,3.58,AN2,0323,-0.27,6.01,1.95,3.65,AN3,189B,0.00,0.00,1.95,4.61,POS,2.87,3.75,1.50,68
DIST,4,AN0,8A94,2.82,5.87,1.95,2.17,AN1,C32D,2.84,0.00,1.95,3.51,AN2,0323,-0.27,6.01,1.95,3.62,AN3,189B,0.00,0.00,1.95,4.55,POS,2.91,3.77,1.43,64
DIST,4,AN0,8A94,2.82,5.87,1.95,2.13,AN1,C32D,2.84,0.00,1.95,3.55,AN2,0323,-0.27,6.01,1.95,3.73,AN3,189B,0.00,0.00,1.95,4.60,POS,2.94,3.78,1.41,65
DIST,4,AN0,8A94,2.82,5.87,1.95,2.11,AN1,C32D,2.84,0.00,1.95,3.61,AN2,0323,-0.27,6.01,1.95,3.65,AN3,189B,0.00,0.00,1.95,4.66,POS,2.87,3.76,1.46,78
DIST,4,AN0,8A94,2.82,5.87,1.95,2.07,AN1,C32D,2.84,0.00,1.95,3.69,AN2,0323,-0.27,6.01,1.95,3.67,AN3,189B,0.00,0.00,1.95,4.75,POS,2.83,3.76,1.46,79
DIST,4,AN0,8A94,2.82,5.87,1.95,2.02,AN1,C32D,2.84,0.00,1.95,3.68,AN2,189B,0.00,0.00,1.95,4.83,AN3,0323,-0.27,6.01,1.95,3.62,POS,2.96,3.84,1.44,69
DIST,4,AN0,8A94,2.82,5.87,1.95,1.99,AN1,C32D,2.84,0.00,1.95,3.69,AN2,0323,-0.27,6.01,1.95,3.70,AN3,189B,0.00,0.00,1.95,4.84,POS,3.05,3.89,1.48,69
DIST,4,AN0,8A94,2.82,5.87,1.95,2.00,AN1,C32D,2.84,0.00,1.95,3.75,AN2,0323,-0.27,6.01,1.95,3.69,AN3,189B,0.00,0.00,1.95,4.75,POS,3.03,3.90,1.49,71
DIST,4,AN0,8A94,2.82,5.87,1.95,2.00,AN1,C32D,2.84,0.00,1.95,3.74,AN2,0323,-0.27,6.01,1.95,3.69,AN3,189B,0.00,0.00,1.95,4.79,POS,2.96,3.88,1.49,78
DIST,4,AN0,8A94,2.82,5.87,1.95,1.99,AN1,C32D,2.84,0.00,1.95,3.72,AN2,0323,-0.27,6.01,1.95,3.69,AN3,189B,0.00,0.00,1.95,4.75,POS,2.92,3.86,1.53,79
DIST,4,AN0,8A94,2.82,5.87,1.95,1.99,AN1,C32D,2.84,0.00,1.95,3.73,AN2,0323,-0.27,6.01,1.95,3.67,AN3,189B,0.00,0.00,1.95,4.77,POS,2.88,3.85,1.53,79
DIST,4,AN0,8A94,2.82,5.87,1.95,2.02,AN1,C32D,2.84,0.00,1.95,3.69,AN2,0323,-0.27,6.01,1.95,3.66,AN3,189B,0.00,0.00,1.95,4.83,POS,2.98,3.90,1.61,68
DIST,3,AN0,8A94,2.82,5.87,1.95,1.99,AN1,C32D,2.84,0.00,1.95,3.73,AN2,0323,-0.27,6.01,1.95,3.64,POS,2.92,3.88,1.61,96
DIST,4,AN0,8A94,2.82,5.87,1.95,2.01,AN1,C32D,2.84,0.00,1.95,3.70,AN2,0323,-0.27,6.01,1.95,3.70,AN3,189B,0.00,0.00,1.95,4.81,POS,3.00,3.91,1.51,68
DIST,4,AN0,8A94,2.82,5.87,1.95,2.00,AN1,C32D,2.84,0.00,1.95,3.68,AN2,0323,-0.27,6.01,1.95,3.72,AN3,189B,0.00,0.00,1.95,4.79,POS,2.96,3.88,1.57,79
DIST,4,AN0,8A94,2.82,5.87,1.95,2.04,AN1,C32D,2.84,0.00,1.95,3.75,AN2,0323,-0.27,6.01,1.95,3.70,AN3,189B,0.00,0.00,1.95,4.74,POS,2.95,3.89,1.53,69
DIST,4,AN0,8A94,2.82,5.87,1.95,2.02,AN1,C32D,2.84,0.00,1.95,3.70,AN2,0323,-0.27,6.01,1.95,3.66,AN3,189B,0.00,0.00,1.95,4.76,POS,2.99,3.91,1.55,65
DIST,4,AN0,8A94,2.82,5.87,1.95,1.99,AN1,C32D,2.84,0.00,1.95,3.71,AN2,0323,-0.27,6.01,1.95,3.72,AN3,189B,0.00,0.00,1.95,4.76,POS,2.95,3.88,1.58,78
DIST,4,AN0,8A94,2.82,5.87,1.95,2.00,AN1,C32D,2.84,0.00,1.95,3.74,AN2,0323,-0.27,6.01,1.95,3.66,AN3,189B,0.00,0.00,1.95,4.71,POS,2.92,3.86,1.56,76
DIST,4,AN0,8A94,2.82,5.87,1.95,1.99,AN1,C32D,2.84,0.00,1.95,3.72,AN2,0323,-0.27,6.01,1.95,3.68,AN3,189B,0.00,0.00,1.95,4.80,POS,2.98,3.90,1.60,65
DIST,4,AN0,8A94,2.82,5.87,1.95,1.99,AN1,C32D,2.84,0.00,1.95,3.69,AN2,0323,-0.27,6.01,1.95,3.70,AN3,189B,0.00,0.00,1.95,4.78,POS,3.03,3.92,1.64,65
DIST,4,AN0,8A94,2.82,5.87,1.95,2.00,AN1,C32D,2.84,0.00,1.95,3.71,AN2,0323,-0.27,6.01,1.95,3.67,AN3,189B,0.00,0.00,1.95,4.73,POS,2.96,3.89,1.63,79
DIST,4,AN0,8A94,2.82,5.87,1.95,2.00,AN1,C32D,2.84,0.00,1.95,3.69,AN2,0323,-0.27,6.01,1.95,3.68,AN3,189B,0.00,0.00,1.95,4.78,POS,3.02,3.92,1.52,67
DIST,4,AN0,8A94,2.82,5.87,1.95,2.00,AN1,C32D,2.84,0.00,1.95,3.69,AN2,0323,-0.27,6.01,1.95,3.68,AN3,189B,0.00,0.00,1.95,4.79,POS,3.07,3.94,1.46,67
DIST,4,AN0,8A94,2.82,5.87,1.95,2.03,AN1,C32D,2.84,0.00,1.95,3.75,AN2,0323,-0.27,6.01,1.95,3.64,AN3,189B,0.00,0.00,1.95,4.77,POS,2.97,3.91,1.44,79
DIST,4,AN0,8A94,2.82,5.87,1.95,2.04,AN1,C32D,2.84,0.00,1.95,3.67,AN2,0323,-0.27,6.01,1.95,3.64,AN3,189B,0.00,0.00,1.95,4.74,POS,3.02,3.93,1.38,66
DIST,4,AN0,8A94,2.82,5.87,1.95,2.06,AN1,C32D,2.84,0.00,1.95,3.66,AN2,0323,-0.27,6.01,1.95,3.70,AN3,189B,0.00,0.00,1.95,4.73,POS,2.95,3.88,1.43,79
DIST,4,AN0,8A94,2.82,5.87,1.95,2.13,AN1,C32D,2.84,0.00,1.95,3.57,AN2,0323,-0.27,6.01,1.95,3.78,AN3,189B,0.00,0.00,1.95,4.62,POS,2.96,3.85,1.50,72
DIST,4,AN0,8A94,2.82,5.87,1.95,2.15,AN1,C32D,2.84,0.00,1.95,3.52,AN2,0323,-0.27,6.01,1.95,3.72,AN3,189B,0.00,0.00,1.95,4.77,POS,2.91,3.80,1.42,70
DIST,4,AN0,8A94,2.82,5.87,1.95,2.18,AN1,C32D,2.84,0.00,1.95,3.51,AN2,0323,-0.27,6.01,1.95,3.77,AN3,189B,0.00,0.00,1.95,4.64,POS,2.98,3.80,1.36,68
DIST,4,AN0,8A94,2.82,5.87,1.95,2.21,AN1,C32D,2.84,0.00,1.95,3.46,AN2,0323,-0.27,6.01,1.95,3.73,AN3,189B,0.00,0.00,1.95,4.55,POS,2.92,3.75,1.33,71
DIST,4,AN0,8A94,2.82,5.87,1.95,2.22,AN1,C32D,2.84,0.00,1.95,3.55,AN2,0323,-0.27,6.01,1.95,3.73,AN3,189B,0.00,0.00,1.95,4.60,POS,2.95,3.76,1.34,65
DIST,4,AN0,8A94,2.82,5.87,1.95,2.23,AN1,C32D,2.84,0.00,1.95,3.50,AN2,0323,-0.27,6.01,1.95,3.74,AN3,189B,0.00,0.00,1.95,4.63,POS,3.01,3.78,1.32,68
DIST,4,AN0,8A94,2.82,5.87,1.95,2.24,AN1,C32D,2.84,0.00,1.95,3.44,AN2,0323,-0.27,6.01,1.95,3.73,AN3,189B,0.00,0.00,1.95,4.47,POS,3.00,3.75,1.32,66
DIST,4,AN0,8A94,2.82,5.87,1.95,2.26,AN1,C32D,2.84,0.00,1.95,3.50,AN2,0323,-0.27,6.01,1.95,3.72,AN3,189B,0.00,0.00,1.95,4.45,POS,2.95,3.73,1.34,74
DIST,4,AN0,8A94,2.82,5.87,1.95,2.20,AN1,C32D,2.84,0.00,1.95,3.54,AN2,0323,-0.27,6.01,1.95,3.63,AN3,189B,0.00,0.00,1.95,4.48,POS,2.85,3.70,1.41,77
DIST,4,AN0,8A94,2.82,5.87,1.95,2.19,AN1,C32D,2.84,0.00,1.95,3.53,AN2,0323,-0.27,6.01,1.95,3.56,AN3,189B,0.00,0.00,1.95,4.51,POS,2.76,3.68,1.51,76
DIST,4,AN0,8A94,2.82,5.87,1.95,2.13,AN1,C32D,2.84,0.00,1.95,3.58,AN2,0323,-0.27,6.01,1.95,3.62,AN3,189B,0.00,0.00,1.95,4.56,POS,2.72,3.68,1.56,77
DIST,4,AN0,8A94,2.82,5.87,1.95,2.13,AN1,C32D,2.84,0.00,1.95,3.60,AN2,0323,-0.27,6.01,1.95,3.54,AN3,189B,0.00,0.00,1.95,4.51,POS,2.74,3.71,1.48,70
DIST,4,AN0,8A94,2.82,5.87,1.95,2.17,AN1,C32D,2.84,0.00,1.95,3.53,AN2,0323,-0.27,6.01,1.95,3.60,AN3,189B,0.00,0.00,1.95,4.51,POS,2.78,3.74,1.47,72
DIST,4,AN0,8A94,2.82,5.87,1.95,2.21,AN1,C32D,2.84,0.00,1.95,3.55,AN2,0323,-0.27,6.01,1.95,3.68,AN3,189B,0.00,0.00,1.95,4.61,POS,2.74,3.71,1.48,77
DIST,4,AN0,8A94,2.82,5.87,1.95,2.26,AN1,C32D,2.84,0.00,1.95,3.48,AN2,0323,-0.27,6.01,1.95,3.72,AN3,189B,0.00,0.00,1.95,4.49,POS,2.71,3.67,1.50,76
DIST,3,AN0,8A94,2.82,5.87,1.95,2.32,AN1,C32D,2.84,0.00,1.95,3.47,AN2,189B,0.00,0.00,1.95,4.44,POS,2.73,3.63,1.46,91
DIST,4,AN0,8A94,2.82,5.87,1.95,2.37,AN1,C32D,2.84,0.00,1.95,3.38,AN2,0323,-0.27,6.01,1.95,3.76,AN3,189B,0.00,0.00,1.95,4.47,POS,2.70,3.58,1.49,75
DIST,4,AN0,8A94,2.82,5.87,1.95,2.37,AN1,C32D,2.84,0.00,1.95,3.39,AN2,0323,-0.27,6.01,1.95,3.78,AN3,189B,0.00,0.00,1.95,4.50,POS,2.67,3.55,1.49,75
DIST,4,AN0,8A94,2.82,5.87,1.95,2.34,AN1,C32D,2.84,0.00,1.95,3.36,AN2,0323,-0.27,6.01,1.95,3.80,AN3,189B,0.00,0.00,1.95,4.44,POS,2.76,3.57,1.46,66
DIST,4,AN0,8A94,2.82,5.87,1.95,2.35,AN1,C32D,2.84,0.00,1.95,3.38,AN2,0323,-0.27,6.01,1.95,3.78,AN3,189B,0.00,0.00,1.95,4.53,POS,2.86,3.60,1.44,68
DIST,4,AN0,8A94,2.82,5.87,1.95,2.35,AN1,C32D,2.84,0.00,1.95,3.42,AN2,0323,-0.27,6.01,1.95,3.79,AN3,189B,0.00,0.00,1.95,4.53,POS,2.81,3.57,1.44,76
DIST,4,AN0,8A94,2.82,5.87,1.95,2.31,AN1,C32D,2.84,0.00,1.95,3.41,AN2,0323,-0.27,6.01,1.95,3.78,AN3,189B,0.00,0.00,1.95,4.53,POS,2.89,3.61,1.39,68
DIST,4,AN0,8A94,2.82,5.87,1.95,2.33,AN1,C32D,2.84,0.00,1.95,3.38,AN2,0323,-0.27,6.01,1.95,3.81,AN3,189B,0.00,0.00,1.95,4.51,POS,2.96,3.63,1.33,69
DIST,4,AN0,8A94,2.82,5.87,1.95,2.31,AN1,C32D,2.84,0.00,1.95,3.41,AN2,0323,-0.27,6.01,1.95,3.78,AN3,189B,0.00,0.00,1.95,4.51,POS,2.99,3.64,1.42,67
DIST,4,AN0,8A94,2.82,5.87,1.95,2.35,AN1,C32D,2.84,0.00,1.95,3.36,AN2,0323,-0.27,6.01,1.95,3.77,AN3,189B,0.00,0.00,1.95,4.45,POS,3.00,3.64,1.51,69
DIST,4,AN0,8A94,2.82,5.87,1.95,2.32,AN1,C32D,2.84,0.00,1.95,3.37,AN2,0323,-0.27,6.01,1.95,3.75,AN3,189B,0.00,0.00,1.95,4.52,POS,3.04,3.67,1.51,68
DIST,4,AN0,8A94,2.82,5.87,1.95,2.36,AN1,C32D,2.84,0.00,1.95,3.35,AN2,0323,-0.27,6.01,1.95,3.77,AN3,189B,0.00,0.00,1.95,4.45,POS,3.06,3.67,1.43,68
DIST,4,AN0,8A94,2.82,5.87,1.95,2.40,AN1,C32D,2.84,0.00,1.95,3.41,AN2,0323,-0.27,6.01,1.95,3.77,AN3,189B,0.00,0.00,1.95,4.42,POS,2.93,3.61,1.41,75
DIST,4,AN0,8A94,2.82,5.87,1.95,2.39,AN1,C32D,2.84,0.00,1.95,3.41,AN2,0323,-0.27,6.01,1.95,3.75,AN3,189B,0.00,0.00,1.95,4.46,POS,2.95,3.63,1.43,67
DIST,4,AN0,8A94,2.82,5.87,1.95,2.42,AN1,C32D,2.84,0.00,1.95,3.37,AN2,0323,-0.27,6.01,1.95,3.79,AN3,189B,0.00,0.00,1.95,4.42,POS,2.95,3.62,1.38,65
DIST,4,AN0,8A94,2.82,5.87,1.95,2.37,AN1,C32D,2.84,0.00,1.95,3.32,AN2,0323,-0.27,6.01,1.95,3.72,AN3,189B,0.00,0.00,1.95,4.35,POS,2.86,3.57,1.34,74
DIST,4,AN0,8A94,2.82,5.87,1.95,2.37,AN1,C32D,2.84,0.00,1.95,3.34,AN2,0323,-0.27,6.01,1.95,3.73,AN3,189B,0.00,0.00,1.95,4.37,POS,2.88,3.58,1.36,70
DIST,4,AN0,8A94,2.82,5.87,1.95,2.30,AN1,C32D,2.84,0.00,1.95,3.39,AN2,0323,-0.27,6.01,1.95,3.58,AN3,189B,0.00,0.00,1.95,4.34,POS,2.78,3.56,1.33,75
DIST,4,AN0,8A94,2.82,5.87,1.95,2.29,AN1,C32D,2.84,0.00,1.95,3.51,AN2,0323,-0.27,6.01,1.95,3.45,AN3,189B,0.00,0.00,1.95,4.36,POS,2.75,3.61,1.34,77
DIST,4,AN0,8A94,2.82,5.87,1.95,2.18,AN1,C32D,2.84,0.00,1.95,3.60,AN2,0323,-0.27,6.01,1.95,3.28,AN3,189B,0.00,0.00,1.95,4.37,POS,2.62,3.63,1.31,76
DIST,4,AN0,8A94,2.82,5.87,1.95,2.11,AN1,C32D,2.84,0.00,1.95,3.63,AN2,0323,-0.27,6.01,1.95,3.19,AN3,189B,0.00,0.00,1.95,4.29,POS,2.57,3.68,1.32,78
DIST,4,AN0,8A94,2.82,5.87,1.95,2.14,AN1,0323,-0.27,6.01,1.95,3.02,AN2,C32D,2.84,0.00,1.95,3.61,AN3,189B,0.00,0.00,1.95,4.35,POS,2.41,3.69,1.42,85
DIST,4,AN0,8A94,2.82,5.87,1.95,2.13,AN1,0323,-0.27,6.01,1.95,3.00,AN2,C32D,2.84,0.00,1.95,3.68,AN3,189B,0.00,0.00,1.95,4.13,POS,2.31,3.72,1.39,77
DIST,4,AN0,8A94,2.82,5.87,1.95,2.20,AN1,0323,-0.27,6.01,1.95,2.89,AN2,C32D,2.84,0.00,1.95,3.78,AN3,189B,0.00,0.00,1.95,4.08,POS,2.19,3.73,1.38,82
DIST,4,AN0,8A94,2.82,5.87,1.95,2.21,AN1,0323,-0.27,6.01,1.95,2.76,AN2,C32D,2.84,0.00,1.95,3.83,AN3,189B,0.00,0.00,1.95,4.06,POS,2.08,3.77,1.44,86
DIST,4,AN0,8A94,2.82,5.87,1.95,2.20,AN1,0323,-0.27,6.01,1.95,2.67,AN2,C32D,2.84,0.00,1.95,3.87,AN3,189B,0.00,0.00,1.95,4.14,POS,2.02,3.83,1.42,79
DIST,4,AN0,8A94,2.82,5.87,1.95,2.21,AN1,0323,-0.27,6.01,1.95,2.52,AN2,C32D,2.84,0.00,1.95,3.95,AN3,189B,0.00,0.00,1.95,4.14,POS,1.94,3.89,1.42,82
DIST,4,AN0,8A94,2.82,5.87,1.95,2.22,AN1,0323,-0.27,6.01,1.95,2.49,AN2,C32D,2.84,0.00,1.95,4.04,AN3,189B,0.00,0.00,1.95,4.16,POS,1.85,3.94,1.36,79
DIST,4,AN0,8A94,2.82,5.87,1.95,2.25,AN1,0323,-0.27,6.01,1.95,2.45,AN2,C32D,2.84,0.00,1.95,4.08,AN3,189B,0.00,0.00,1.95,4.11,POS,1.76,3.96,1.43,90
DIST,4,AN0,8A94,2.82,5.87,1.95,2.23,AN1,0323,-0.27,6.01,1.95,2.46,AN2,C32D,2.84,0.00,1.95,4.04,AN3,189B,0.00,0.00,1.95,4.08,POS,1.69,3.97,1.51,91
DIST,4,AN0,8A94,2.82,5.87,1.95,2.27,AN1,0323,-0.27,6.01,1.95,2.44,AN2,C32D,2.84,0.00,1.95,4.01,AN3,189B,0.00,0.00,1.95,4.12,POS,1.60,3.96,1.56,93
DIST,4,AN0,8A94,2.82,5.87,1.95,2.29,AN1,0323,-0.27,6.01,1.95,2.49,AN2,C32D,2.84,0.00,1.95,4.08,AN3,189B,0.00,0.00,1.95,4.14,POS,1.58,3.98,1.54,87
DIST,4,AN0,8A94,2.82,5.87,1.95,2.31,AN1,0323,-0.27,6.01,1.95,2.45,AN2,C32D,2.84,0.00,1.95,4.01,AN3,189B,0.00,0.00,1.95,4.05,POS,1.51,3.96,1.55,91
DIST,4,AN0,8A94,2.82,5.87,1.95,2.29,AN1,0323,-0.27,6.01,1.95,2.43,AN2,C32D,2.84,0.00,1.95,4.02,AN3,189B,0.00,0.00,1.95,4.04,POS,1.49,3.98,1.47,83
DIST,4,AN0,8A94,2.82,5.87,1.95,2.28,AN1,0323,-0.27,6.01,1.95,2.46,AN2,C32D,2.84,0.00,1.95,4.07,AN3,189B,0.00,0.00,1.95,4.15,POS,1.50,4.00,1.55,90
DIST,4,AN0,8A94,2.82,5.87,1.95,2.30,AN1,0323,-0.27,6.01,1.95,2.45,AN2,C32D,2.84,0.00,1.95,4.06,AN3,189B,0.00,0.00,1.95,4.12,POS,1.51,4.02,1.45,80
DIST,4,AN0,8A94,2.82,5.87,1.95,2.30,AN1,0323,-0.27,6.01,1.95,2.49,AN2,C32D,2.84,0.00,1.95,4.04,AN3,189B,0.00,0.00,1.95,4.13,POS,1.47,3.99,1.44,88
DIST,4,AN0,8A94,2.82,5.87,1.95,2.30,AN1,0323,-0.27,6.01,1.95,2.45,AN2,C32D,2.84,0.00,1.95,4.08,AN3,189B,0.00,0.00,1.95,4.06,POS,1.44,4.00,1.45,89
DIST,4,AN0,8A94,2.82,5.87,1.95,2.30,AN1,0323,-0.27,6.01,1.95,2.45,AN2,C32D,2.84,0.00,1.95,4.06,AN3,189B,0.00,0.00,1.95,4.11,POS,1.45,4.01,1.55,91
DIST,4,AN0,8A94,2.82,5.87,1.95,2.28,AN1,0323,-0.27,6.01,1.95,2.43,AN2,C32D,2.84,0.00,1.95,4.08,AN3,189B,0.00,0.00,1.95,4.09,POS,1.45,4.01,1.57,91
DIST,4,AN0,8A94,2.82,5.87,1.95,2.25,AN1,0323,-0.27,6.01,1.95,2.41,AN2,C32D,2.84,0.00,1.95,4.09,AN3,189B,0.00,0.00,1.95,4.11,POS,1.45,4.02,1.61,91
DIST,4,AN0,8A94,2.82,5.87,1.95,2.28,AN1,0323,-0.27,6.01,1.95,2.41,AN2,C32D,2.84,0.00,1.95,4.09,AN3,189B,0.00,0.00,1.95,4.12,POS,1.45,4.03,1.66,91
DIST,4,AN0,8A94,2.82,5.87,1.95,2.24,AN1,0323,-0.27,6.01,1.95,2.42,AN2,C32D,2.84,0.00,1.95,4.09,AN3,189B,0.00,0.00,1.95,4.16,POS,1.47,4.05,1.54,79
DIST,4,AN0,8A94,2.82,5.87,1.95,2.24,AN1,0323,-0.27,6.01,1.95,2.38,AN2,C32D,2.84,0.00,1.95,4.09,AN3,189B,0.00,0.00,1.95,4.21,POS,1.43,4.04,1.55,90
DIST,4,AN0,8A94,2.82,5.87,1.95,2.25,AN1,0323,-0.27,6.01,1.95,2.30,AN2,C32D,2.84,0.00,1.95,4.20,AN3,189B,0.00,0.00,1.95,4.15,POS,1.40,4.06,1.56,89
DIST,4,AN0,8A94,2.82,5.87,1.95,2.27,AN1,0323,-0.27,6.01,1.95,2.29,AN2,189B,0.00,0.00,1.95,4.13,AN3,C32D,2.84,0.00,1.95,4.17,POS,1.39,4.08,1.46,80
DIST,4,AN0,8A94,2.82,5.87,1.95,2.28,AN1,0323,-0.27,6.01,1.95,2.29,AN2,189B,0.00,0.00,1.95,4.17,AN3,C32D,2.84,0.00,1.95,4.23,POS,1.38,4.10,1.50,89
DIST,4,AN0,8A94,2.82,5.87,1.95,2.19,AN1,0323,-0.27,6.01,1.95,2.35,AN2,189B,0.00,0.00,1.95,4.21,AN3,C32D,2.84,0.00,1.95,4.22,POS,1.37,4.11,1.49,87
DIST,4,AN0,8A94,2.82,5.87,1.95,2.21,AN1,0323,-0.27,6.01,1.95,2.31,AN2,189B,0.00,0.00,1.95,4.25,AN3,C32D,2.84,0.00,1.95,4.26,POS,1.38,4.13,1.49,87
DIST,4,AN0,8A94,2.82,5.87,1.95,2.25,AN1,0323,-0.27,6.01,1.95,2.34,AN2,189B,0.00,0.00,1.95,4.27,AN3,C32D,2.84,0.00,1.95,4.25,POS,1.40,4.15,1.48,86
DIST,4,AN0,8A94,2.82,5.87,1.95,2.24,AN1,0323,-0.27,6.01,1.95,2.37,AN2,189B,0.00,0.00,1.95,4.30,AN3,C32D,2.84,0.00,1.95,4.25,POS,1.37,4.14,1.42,81
DIST,4,AN0,8A94,2.82,5.87,1.95,2.23,AN1,0323,-0.27,6.01,1.95,2.43,AN2,189B,0.00,0.00,1.95,4.26,AN3,C32D,2.84,0.00,1.95,4.26,POS,1.38,4.13,1.43,88
DIST,4,AN0,8A94,2.82,5.87,1.95,2.27,AN1,0323,-0.27,6.01,1.95,2.42,AN2,189B,0.00,0.00,1.95,4.29,AN3,C32D,2.84,0.00,1.95,4.23,POS,1.36,4.11,1.53,92
DIST,4,AN0,8A94,2.82,5.87,1.95,2.16,AN1,0323,-0.27,6.01,1.95,2.38,AN2,189B,0.00,0.00,1.95,4.34,AN3,C32D,2.84,0.00,1.95,4.22,POS,1.42,4.15,1.44,75
DIST,4,AN0,8A94,2.82,5.87,1.95,2.20,AN1,0323,-0.27,6.01,1.95,2.40,AN2,C32D,2.84,0.00,1.95,4.20,AN3,189B,0.00,0.00,1.95,4.33,POS,1.41,4.14,1.40,84
DIST,4,AN0,8A94,2.82,5.87,1.95,2.20,AN1,0323,-0.27,6.01,1.95,2.34,AN2,189B,0.00,0.00,1.95,4.38,AN3,C32D,2.84,0.00,1.95,4.28,POS,1.38,4.14,1.36,81
DIST,4,AN0,8A94,2.82,5.87,1.95,2.18,AN1,0323,-0.27,6.01,1.95,2.35,AN2,189B,0.00,0.00,1.95,4.29,AN3,C32D,2.84,0.00,1.95,4.22,POS,1.37,4.13,1.37,85
DIST,4,AN0,8A94,2.82,5.87,1.95,2.27,AN1,0323,-0.27,6.01,1.95,2.40,AN2,189B,0.00,0.00,1.95,4.29,AN3,C32D,2.84,0.00,1.95,4.18,POS,1.35,4.11,1.35,84
DIST,4,AN0,8A94,2.82,5.87,1.95,2.26,AN1,0323,-0.27,6.01,1.95,2.46,AN2,189B,0.00,0.00,1.95,4.21,AN3,C32D,2.84,0.00,1.95,4.29,POS,1.34,4.11,1.42,90
DIST,4,AN0,8A94,2.82,5.87,1.95,2.26,AN1,0323,-0.27,6.01,1.95,2.46,AN2,189B,0.00,0.00,1.95,4.21,AN3,C32D,2.84,0.00,1.95,4.10,POS,1.35,4.08,1.40,86
DIST,4,AN0,8A94,2.82,5.87,1.95,2.29,AN1,0323,-0.27,6.01,1.95,2.47,AN2,189B,0.00,0.00,1.95,4.24,AN3,C32D,2.84,0.00,1.95,4.18,POS,1.39,4.09,1.37,83
DIST,4,AN0,8A94,2.82,5.87,1.95,2.28,AN1,0323,-0.27,6.01,1.95,2.51,AN2,189B,0.00,0.00,1.95,4.21,AN3,C32D,2.84,0.00,1.95,4.15,POS,1.42,4.09,1.35,82
DIST,4,AN0,8A94,2.82,5.87,1.95,2.21,AN1,0323,-0.27,6.01,1.95,2.45,AN2,189B,0.00,0.00,1.95,4.25,AN3,C32D,2.84,0.00,1.95,4.21,POS,1.42,4.10,1.33,83
DIST,4,AN0,8A94,2.82,5.87,1.95,2.26,AN1,0323,-0.27,6.01,1.95,2.44,AN2,C32D,2.84,0.00,1.95,4.17,AN3,189B,0.00,0.00,1.95,4.22,POS,1.44,4.11,1.35,85
DIST,4,AN0,8A94,2.82,5.87,1.95,2.25,AN1,0323,-0.27,6.01,1.95,2.45,AN2,C32D,2.84,0.00,1.95,4.19,AN3,189B,0.00,0.00,1.95,4.25,POS,1.46,4.12,1.35,83
DIST,4,AN0,8A94,2.82,5.87,1.95,2.22,AN1,0323,-0.27,6.01,1.95,2.47,AN2,C32D,2.84,0.00,1.95,4.19,AN3,189B,0.00,0.00,1.95,4.28,POS,1.48,4.13,1.35,82
DIST,4,AN0,8A94,2.82,5.87,1.95,2.24,AN1,0323,-0.27,6.01,1.95,2.43,AN2,C32D,2.84,0.00,1.95,4.14,AN3,189B,0.00,0.00,1.95,4.27,POS,1.45,4.10,1.35,85
DIST,4,AN0,8A94,2.82,5.87,1.95,2.22,AN1,0323,-0.27,6.01,1.95,2.44,AN2,C32D,2.84,0.00,1.95,4.22,AN3,189B,0.00,0.00,1.95,4.26,POS,1.46,4.12,1.34,83
DIST,4,AN0,8A94,2.82,5.87,1.95,2.20,AN1,0323,-0.27,6.01,1.95,2.44,AN2,C32D,2.84,0.00,1.95,4.19,AN3,189B,0.00,0.00,1.95,4.38,POS,1.44,4.11,1.31,83
DIST,4,AN0,8A94,2.82,5.87,1.95,2.21,AN1,0323,-0.27,6.01,1.95,2.41,AN2,C32D,2.84,0.00,1.95,4.23,AN3,189B,0.00,0.00,1.95,4.27,POS,1.45,4.12,1.31,83
