DIST,4,AN0,8A94,2.82,5.87,1.95,2.37,AN1,0323,-0.27,6.01,1.95,2.39,AN2,189B,0.00,0.00,1.95,4.19,AN3,C32D,2.84,0.00,1.95,4.03,POS,1.28,3.97,1.48,91
DIST,4,AN0,8A94,2.82,5.87,1.95,2.36,AN1,0323,-0.27,6.01,1.95,2.41,AN2,189B,0.00,0.00,1.95,4.14,AN3,C32D,2.84,0.00,1.95,4.10,POS,1.27,3.97,1.46,86
DIST,4,AN0,8A94,2.82,5.87,1.95,2.36,AN1,0323,-0.27,6.01,1.95,2.36,AN2,189B,0.00,0.00,1.95,4.16,AN3,C32D,2.84,0.00,1.95,4.07,POS,1.25,3.96,1.52,90
DIST,4,AN0,8A94,2.82,5.87,1.95,2.36,AN1,0323,-0.27,6.01,1.95,2.41,AN2,189B,0.00,0.00,1.95,4.18,AN3,C32D,2.84,0.00,1.95,4.06,POS,1.24,3.95,1.51,89
DIST,4,AN0,8A94,2.82,5.87,1.95,2.38,AN1,0323,-0.27,6.01,1.95,2.43,AN2,189B,0.00,0.00,1.95,4.13,AN3,C32D,2.84,0.00,1.95,4.08,POS,1.24,3.94,1.49,87
DIST,4,AN0,8A94,2.82,5.87,1.95,2.37,AN1,0323,-0.27,6.01,1.95,2.39,AN2,189B,0.00,0.00,1.95,4.11,AN3,C32D,2.84,0.00,1.95,4.09,POS,1.29,3.98,1.41,81
DIST,4,AN0,8A94,2.82,5.87,1.95,2.32,AN1,0323,-0.27,6.01,1.95,2.45,AN2,189B,0.00,0.00,1.95,4.16,AN3,C32D,2.84,0.00,1.95,4.12,POS,1.34,4.00,1.43,87
DIST,4,AN0,8A94,2.82,5.87,1.95,2.37,AN1,0323,-0.27,6.01,1.95,2.40,AN2,189B,0.00,0.00,1.95,4.10,AN3,C32D,2.84,0.00,1.95,4.06,POS,1.31,3.98,1.45,88
DIST,4,AN0,8A94,2.82,5.87,1.95,2.33,AN1,0323,-0.27,6.01,1.95,2.41,AN2,189B,0.00,0.00,1.95,4.11,AN3,C32D,2.84,0.00,1.95,4.11,POS,1.34,4.00,1.48,90
DIST,4,AN0,8A94,2.82,5.87,1.95,2.35,AN1,0323,-0.27,6.01,1.95,2.40,AN2,189B,0.00,0.00,1.95,4.14,AN3,C32D,2.84,0.00,1.95,4.09,POS,1.38,4.03,1.41,80
DIST,4,AN0,8A94,2.82,5.87,1.95,2.32,AN1,0323,-0.27,6.01,1.95,2.39,AN2,189B,0.00,0.00,1.95,4.17,AN3,C32D,2.84,0.00,1.95,4.13,POS,1.34,4.02,1.40,86
DIST,4,AN0,8A94,2.82,5.87,1.95,2.33,AN1,0323,-0.27,6.01,1.95,2.48,AN2,189B,0.00,0.00,1.95,4.14,AN3,C32D,2.84,0.00,1.95,4.09,POS,1.38,4.02,1.42,87
DIST,4,AN0,8A94,2.82,5.87,1.95,2.35,AN1,0323,-0.27,6.01,1.95,2.43,AN2,189B,0.00,0.00,1.95,4.16,AN3,C32D,2.84,0.00,1.95,4.03,POS,1.35,3.99,1.46,90
DIST,4,AN0,8A94,2.82,5.87,1.95,2.34,AN1,0323,-0.27,6.01,1.95,2.44,AN2,189B,0.00,0.00,1.95,4.12,AN3,C32D,2.84,0.00,1.95,4.14,POS,1.36,4.01,1.44,87
DIST,4,AN0,8A94,2.82,5.87,1.95,2.32,AN1,0323,-0.27,6.01,1.95,2.38,AN2,189B,0.00,0.00,1.95,4.15,AN3,C32D,2.84,0.00,1.95,4.08,POS,1.33,3.99,1.47,89
DIST,4,AN0,8A94,2.82,5.87,1.95,2.34,AN1,0323,-0.27,6.01,1.95,2.42,AN2,189B,0.00,0.00,1.95,4.16,AN3,C32D,2.84,0.00,1.95,4.11,POS,1.31,3.98,1.44,85
DIST,4,AN0,8A94,2.82,5.87,1.95,2.34,AN1,0323,-0.27,6.01,1.95,2.43,AN2,189B,0.00,0.00,1.95,4.13,AN3,C32D,2.84,0.00,1.95,4.08,POS,1.36,4.01,1.37,80
DIST,4,AN0,8A94,2.82,5.87,1.95,2.34,AN1,0323,-0.27,6.01,1.95,2.42,AN2,189B,0.00,0.00,1.95,4.16,AN3,C32D,2.84,0.00,1.95,4.05,POS,1.33,3.99,1.40,89
DIST,4,AN0,8A94,2.82,5.87,1.95,2.37,AN1,0323,-0.27,6.01,1.95,2.41,AN2,189B,0.00,0.00,1.95,4.14,AN3,C32D,2.84,0.00,1.95,4.12,POS,1.31,3.98,1.38,84
DIST,4,AN0,8A94,2.82,5.87,1.95,2.31,AN1,0323,-0.27,6.01,1.95,2.43,AN2,189B,0.00,0.00,1.95,4.18,AN3,C32D,2.84,0.00,1.95,4.10,POS,1.30,3.98,1.38,86
DIST,4,AN0,8A94,2.82,5.87,1.95,2.30,AN1,0323,-0.27,6.01,1.95,2.45,AN2,189B,0.00,0.00,1.95,4.14,AN3,C32D,2.84,0.00,1.95,4.14,POS,1.33,4.00,1.38,86
DIST,4,AN0,8A94,2.82,5.87,1.95,2.32,AN1,0323,-0.27,6.01,1.95,2.38,AN2,189B,0.00,0.00,1.95,4.11,AN3,C32D,2.84,0.00,1.95,4.16,POS,1.34,4.02,1.40,88
DIST,4,AN0,8A94,2.82,5.87,1.95,2.29,AN1,0323,-0.27,6.01,1.95,2.41,AN2,189B,0.00,0.00,1.95,4.18,AN3,C32D,2.84,0.00,1.95,4.13,POS,1.33,4.01,1.39,86
DIST,4,AN0,8A94,2.82,5.87,1.95,2.31,AN1,0323,-0.27,6.01,1.95,2.38,AN2,189B,0.00,0.00,1.95,4.16,AN3,C32D,2.84,0.00,1.95,4.19,POS,1.34,4.03,1.39,87
DIST,4,AN0,8A94,2.82,5.87,1.95,2.35,AN1,0323,-0.27,6.01,1.95,2.37,AN2,189B,0.00,0.00,1.95,4.20,AN3,C32D,2.84,0.00,1.95,4.19,POS,1.31,4.03,1.36,82
DIST,4,AN0,8A94,2.82,5.87,1.95,2.29,AN1,0323,-0.27,6.01,1.95,2.40,AN2,189B,0.00,0.00,1.95,4.19,AN3,C32D,2.84,0.00,1.95,4.17,POS,1.34,4.05,1.39,87
DIST,4,AN0,8A94,2.82,5.87,1.95,2.31,AN1,0323,-0.27,6.01,1.95,2.39,AN2,189B,0.00,0.00,1.95,4.14,AN3,C32D,2.84,0.00,1.95,4.16,POS,1.35,4.06,1.41,89
DIST,4,AN0,8A94,2.82,5.87,1.95,2.29,AN1,0323,-0.27,6.01,1.95,2.41,AN2,189B,0.00,0.00,1.95,4.16,AN3,C32D,2.84,0.00,1.95,4.12,POS,1.39,4.07,1.48,90
DIST,4,AN0,8A94,2.82,5.87,1.95,2.29,AN1,0323,-0.27,6.01,1.95,2.39,AN2,189B,0.00,0.00,1.95,4.14,AN3,C32D,2.84,0.00,1.95,4.08,POS,1.42,4.08,1.43,82
DIST,4,AN0,8A94,2.82,5.87,1.95,2.32,AN1,0323,-0.27,6.01,1.95,2.35,AN2,C32D,2.84,0.00,1.95,4.13,AN3,189B,0.00,0.00,1.95,4.06,POS,1.39,4.07,1.48,90
DIST,4,AN0,8A94,2.82,5.87,1.95,2.27,AN1,0323,-0.27,6.01,1.95,2.39,AN2,189B,0.00,0.00,1.95,4.16,AN3,C32D,2.84,0.00,1.95,4.20,POS,1.38,4.07,1.44,84
DIST,4,AN0,8A94,2.82,5.87,1.95,2.30,AN1,0323,-0.27,6.01,1.95,2.38,AN2,189B,0.00,0.00,1.95,4.15,AN3,C32D,2.84,0.00,1.95,4.09,POS,1.41,4.09,1.40,82
DIST,4,AN0,8A94,2.82,5.87,1.95,2.34,AN1,0323,-0.27,6.01,1.95,2.39,AN2,189B,0.00,0.00,1.95,4.12,AN3,C32D,2.84,0.00,1.95,4.11,POS,1.42,4.08,1.49,91
DIST,4,AN0,8A94,2.82,5.87,1.95,2.35,AN1,0323,-0.27,6.01,1.95,2.42,AN2,189B,0.00,0.00,1.95,4.15,AN3,C32D,2.84,0.00,1.95,4.10,POS,1.37,4.05,1.46,86
DIST,4,AN0,8A94,2.82,5.87,1.95,2.30,AN1,0323,-0.27,6.01,1.95,2.38,AN2,189B,0.00,0.00,1.95,4.10,AN3,C32D,2.84,0.00,1.95,4.03,POS,1.34,4.02,1.55,93
DIST,4,AN0,8A94,2.82,5.87,1.95,2.27,AN1,0323,-0.27,6.01,1.95,2.41,AN2,189B,0.00,0.00,1.95,4.16,AN3,C32D,2.84,0.00,1.95,4.10,POS,1.38,4.04,1.46,80
DIST,4,AN0,8A94,2.82,5.87,1.95,2.30,AN1,0323,-0.27,6.01,1.95,2.43,AN2,189B,0.00,0.00,1.95,4.18,AN3,C32D,2.84,0.00,1.95,4.16,POS,1.40,4.06,1.45,86
DIST,4,AN0,8A94,2.82,5.87,1.95,2.33,AN1,0323,-0.27,6.01,1.95,2.40,AN2,189B,0.00,0.00,1.95,4.15,AN3,C32D,2.84,0.00,1.95,4.13,POS,1.42,4.06,1.49,90
DIST,4,AN0,8A94,2.82,5.87,1.95,2.32,AN1,0323,-0.27,6.01,1.95,2.41,AN2,189B,0.00,0.00,1.95,4.10,AN3,C32D,2.84,0.00,1.95,4.14,POS,1.40,4.06,1.48,88
DIST,4,AN0,8A94,2.82,5.87,1.95,2.31,AN1,0323,-0.27,6.01,1.95,2.46,AN2,189B,0.00,0.00,1.95,4.07,AN3,C32D,2.84,0.00,1.95,4.12,POS,1.38,4.04,1.43,84
DIST,4,AN0,8A94,2.82,5.87,1.95,2.32,AN1,0323,-0.27,6.01,1.95,2.44,AN2,189B,0.00,0.00,1.95,4.10,AN3,C32D,2.84,0.00,1.95,4.09,POS,1.40,4.04,1.45,89
DIST,4,AN0,8A94,2.82,5.87,1.95,2.34,AN1,0323,-0.27,6.01,1.95,2.42,AN2,189B,0.00,0.00,1.95,4.17,AN3,C32D,2.84,0.00,1.95,4.10,POS,1.36,4.02,1.44,86
DIST,4,AN0,8A94,2.82,5.87,1.95,2.34,AN1,0323,-0.27,6.01,1.95,2.44,AN2,189B,0.00,0.00,1.95,4.17,AN3,C32D,2.84,0.00,1.95,4.12,POS,1.34,4.01,1.40,84
DIST,4,AN0,8A94,2.82,5.87,1.95,2.34,AN1,0323,-0.27,6.01,1.95,2.42,AN2,189B,0.00,0.00,1.95,4.16,AN3,C32D,2.84,0.00,1.95,4.01,POS,1.31,3.98,1.49,92
DIST,4,AN0,8A94,2.82,5.87,1.95,2.32,AN1,0323,-0.27,6.01,1.95,2.41,AN2,189B,0.00,0.00,1.95,4.09,AN3,C32D,2.84,0.00,1.95,4.15,POS,1.31,3.99,1.46,86
DIST,4,AN0,8A94,2.82,5.87,1.95,2.34,AN1,0323,-0.27,6.01,1.95,2.36,AN2,189B,0.00,0.00,1.95,4.07,AN3,C32D,2.84,0.00,1.95,4.16,POS,1.29,4.00,1.46,87
DIST,4,AN0,8A94,2.82,5.87,1.95,2.33,AN1,0323,-0.27,6.01,1.95,2.37,AN2,189B,0.00,0.00,1.95,4.12,AN3,C32D,2.84,0.00,1.95,4.14,POS,1.32,4.02,1.49,90
DIST,4,AN0,8A94,2.82,5.87,1.95,2.38,AN1,0323,-0.27,6.01,1.95,2.37,AN2,189B,0.00,0.00,1.95,4.10,AN3,C32D,2.84,0.00,1.95,4.18,POS,1.31,4.03,1.46,86
DIST,4,AN0,8A94,2.82,5.87,1.95,2.40,AN1,0323,-0.27,6.01,1.95,2.38,AN2,189B,0.00,0.00,1.95,4.08,AN3,C32D,2.84,0.00,1.95,4.08,POS,1.34,4.04,1.39,82
DIST,4,AN0,8A94,2.82,5.87,1.95,2.33,AN1,0323,-0.27,6.01,1.95,2.31,AN2,189B,0.00,0.00,1.95,4.09,AN3,C32D,2.84,0.00,1.95,4.19,POS,1.31,4.05,1.42,86
DIST,4,AN0,8A94,2.82,5.87,1.95,2.36,AN1,0323,-0.27,6.01,1.95,2.36,AN2,189B,0.00,0.00,1.95,4.05,AN3,C32D,2.84,0.00,1.95,4.14,POS,1.29,4.04,1.44,87
DIST,4,AN0,8A94,2.82,5.87,1.95,2.34,AN1,0323,-0.27,6.01,1.95,2.37,AN2,189B,0.00,0.00,1.95,4.08,AN3,C32D,2.84,0.00,1.95,4.16,POS,1.29,4.04,1.44,86
DIST,4,AN0,8A94,2.82,5.87,1.95,2.37,AN1,0323,-0.27,6.01,1.95,2.39,AN2,189B,0.00,0.00,1.95,4.11,AN3,C32D,2.84,0.00,1.95,4.13,POS,1.31,4.05,1.47,90
DIST,4,AN0,8A94,2.82,5.87,1.95,2.40,AN1,0323,-0.27,6.01,1.95,2.43,AN2,189B,0.00,0.00,1.95,4.17,AN3,C32D,2.84,0.00,1.95,4.13,POS,1.29,4.02,1.41,82
DIST,4,AN0,8A94,2.82,5.87,1.95,2.35,AN1,0323,-0.27,6.01,1.95,2.40,AN2,189B,0.00,0.00,1.95,4.25,AN3,C32D,2.84,0.00,1.95,4.08,POS,1.27,4.00,1.42,87
DIST,4,AN0,8A94,2.82,5.87,1.95,2.41,AN1,0323,-0.27,6.01,1.95,2.38,AN2,189B,0.00,0.00,1.95,4.23,AN3,C32D,2.84,0.00,1.95,4.13,POS,1.24,3.99,1.41,84
DIST,4,AN0,8A94,2.82,5.87,1.95,2.38,AN1,0323,-0.27,6.01,1.95,2.39,AN2,189B,0.00,0.00,1.95,4.18,AN3,C32D,2.84,0.00,1.95,4.12,POS,1.23,3.98,1.39,85
DIST,4,AN0,8A94,2.82,5.87,1.95,2.44,AN1,0323,-0.27,6.01,1.95,2.41,AN2,189B,0.00DIST,4,AN0,8A94,2.82,5.87,1.95,2.37,AN1,0323,-0.27,6.01,1.95,2.39,AN2,189B,0.00,0.00,1.95,4.14,AN3,C32D,2.84,0.00,1.95,4.05,POS,1.21,3.93,1.45,90
DIST,4,AN0,8A94,2.82,5.87,1.95,2.37,AN1,0323,-0.27,6.01,1.95,2.40,AN2,189B,0.00,0.00,1.95,4.12,AN3,C32D,2.84,0.00,1.95,4.12,POS,1.26,3.96,1.49,90
DIST,4,AN0,8A94,2.82,5.87,1.95,2.36,AN1,0323,-0.27,6.01,1.95,2.41,AN2,189B,0.00,0.00,1.95,4.11,AN3,C32D,2.84,0.00,1.95,4.08,POS,1.25,3.96,1.47,87
DIST,4,AN0,8A94,2.82,5.87,1.95,2.37,AN1,0323,-0.27,6.01,1.95,2.37,AN2,189B,0.00,0.00,1.95,4.08,AN3,C32D,2.84,0.00,1.95,4.11,POS,1.28,3.98,1.53,92
DIST,4,AN0,8A94,2.82,5.87,1.95,2.34,AN1,0323,-0.27,6.01,1.95,2.49,AN2,189B,0.00,0.00,1.95,4.14,AN3,C32D,2.84,0.00,1.95,4.13,POS,1.32,3.99,1.46,85
DIST,4,AN0,8A94,2.82,5.87,1.95,2.36,AN1,0323,-0.27,6.01,1.95,2.40,AN2,189B,0.00,0.00,1.95,4.18,AN3,C32D,2.84,0.00,1.95,4.10,POS,1.30,3.98,1.45,86
DIST,4,AN0,8A94,2.82,5.87,1.95,2.30,AN1,0323,-0.27,6.01,1.95,2.45,AN2,189B,0.00,0.00,1.95,4.18,AN3,C32D,2.84,0.00,1.95,4.18,POS,1.33,4.01,1.40,84
DIST,4,AN0,8A94,2.82,5.87,1.95,2.30,AN1,0323,-0.27,6.01,1.95,2.45,AN2,189B,0.00,0.00,1.95,4.22,AN3,C32D,2.84,0.00,1.95,4.14,POS,1.33,4.01,1.36,83
DIST,4,AN0,8A94,2.82,5.87,1.95,2.28,AN1,0323,-0.27,6.01,1.95,2.41,AN2,189B,0.00,0.00,1.95,4.21,AN3,C32D,2.84,0.00,1.95,4.14,POS,1.32,4.01,1.36,85
DIST,4,AN0,8A94,2.82,5.87,1.95,2.31,AN1,0323,-0.27,6.01,1.95,2.43,AN2,189B,0.00,0.00,1.95,4.16,AN3,C32D,2.84,0.00,1.95,4.17,POS,1.34,4.03,1.34,85
DIST,4,AN0,8A94,2.82,5.87,1.95,2.29,AN1,0323,-0.27,6.01,1.95,2.44,AN2,189B,0.00,0.00,1.95,4.21,AN3,C32D,2.84,0.00,1.95,4.10,POS,1.33,4.01,1.35,87
DIST,4,AN0,8A94,2.82,5.87,1.95,2.27,AN1,0323,-0.27,6.01,1.95,2.38,AN2,189B,0.00,0.00,1.95,4.19,AN3,C32D,2.84,0.00,1.95,4.23,POS,1.33,4.04,1.33,83
DIST,4,AN0,8A94,2.82,5.87,1.95,2.30,AN1,0323,-0.27,6.01,1.95,2.40,AN2,189B,0.00,0.00,1.95,4.16,AN3,C32D,2.84,0.00,1.95,4.08,POS,1.31,4.02,1.39,89
DIST,4,AN0,8A94,2.82,5.87,1.95,2.38,AN1,0323,-0.27,6.01,1.95,2.43,AN2,189B,0.00,0.00,1.95,4.16,AN3,C32D,2.84,0.00,1.95,4.02,POS,1.29,3.98,1.43,90
DIST,4,AN0,8A94,2.82,5.87,1.95,2.39,AN1,0323,-0.27,6.01,1.95,2.37,AN2,189B,0.00,0.00,1.95,4.09,AN3,C32D,2.84,0.00,1.95,4.18,POS,1.29,4.00,1.41,85
DIST,4,AN0,8A94,2.82,5.87,1.95,2.30,AN1,0323,-0.27,6.01,1.95,2.42,AN2,189B,0.00,0.00,1.95,4.10,AN3,C32D,2.84,0.00,1.95,4.22,POS,1.28,4.01,1.52,92
DIST,4,AN0,8A94,2.82,5.87,1.95,2.29,AN1,0323,-0.27,6.01,1.95,2.45,AN2,189B,0.00,0.00,1.95,4.16,AN3,C32D,2.84,0.00,1.95,4.19,POS,1.30,4.02,1.55,91
DIST,4,AN0,8A94,2.82,5.87,1.95,2.34,AN1,0323,-0.27,6.01,1.95,2.33,AN2,189B,0.00,0.00,1.95,4.07,AN3,C32D,2.84,0.00,1.95,4.22,POS,1.27,4.02,1.48,82
DIST,4,AN0,8A94,2.82,5.87,1.95,2.37,AN1,0323,-0.27,6.01,1.95,2.28,AN2,189B,0.00,0.00,1.95,4.04,AN3,C32D,2.84,0.00,1.95,4.17,POS,1.26,4.03,1.52,88
DIST,4,AN0,8A94,2.82,5.87,1.95,2.43,AN1,0323,-0.27,6.01,1.95,2.20,AN2,189B,0.00,0.00,1.95,4.00,AN3,C32D,2.84,0.00,1.95,4.25,POS,1.20,4.03,1.52,82
DIST,4,AN0,8A94,2.82,5.87,1.95,2.53,AN1,0323,-0.27,6.01,1.95,2.16,AN2,189B,0.00,0.00,1.95,3.94,AN3,C32D,2.84,0.00,1.95,4.24,POS,1.13,4.03,1.55,82
DIST,4,AN0,0323,-0.27,6.01,1.95,2.16,AN1,8A94,2.82,5.87,1.95,2.59,AN2,189B,0.00,0.00,1.95,3.87,AN3,C32D,2.84,0.00,1.95,4.23,POS,1.06,4.01,1.58,82
DIST,4,AN0,0323,-0.27,6.01,1.95,2.17,AN1,8A94,2.82,5.87,1.95,2.74,AN2,189B,0.00,0.00,1.95,3.83,AN3,C32D,2.84,0.00,1.95,4.24,POS,0.98,3.99,1.58,78
DIST,4,AN0,0323,-0.27,6.01,1.95,2.15,AN1,8A94,2.82,5.87,1.95,2.87,AN2,189B,0.00,0.00,1.95,3.81,AN3,C32D,2.84,0.00,1.95,4.26,POS,0.93,3.98,1.59,79
DIST,4,AN0,0323,-0.27,6.01,1.95,2.16,AN1,8A94,2.82,5.87,1.95,2.99,AN2,189B,0.00,0.00,1.95,3.70,AN3,C32D,2.84,0.00,1.95,4.30,POS,0.81,3.94,1.56,78
DIST,4,AN0,0323,-0.27,6.01,1.95,2.14,AN1,8A94,2.82,5.87,1.95,3.08,AN2,189B,0.00,0.00,1.95,3.68,AN3,C32D,2.84,0.00,1.95,4.30,POS,0.74,3.91,1.57,77
DIST,4,AN0,0323,-0.27,6.01,1.95,2.15,AN1,8A94,2.82,5.87,1.95,3.22,AN2,189B,0.00,0.00,1.95,3.59,AN3,C32D,2.84,0.00,1.95,4.30,POS,0.65,3.88,1.61,77
DIST,4,AN0,0323,-0.27,6.01,1.95,2.23,AN1,8A94,2.82,5.87,1.95,3.36,AN2,189B,0.00,0.00,1.95,3.61,AN3,C32D,2.84,0.00,1.95,4.45,POS,0.52,3.84,1.51,79
DIST,4,AN0,0323,-0.27,6.01,1.95,2.25,AN1,8A94,2.82,5.87,1.95,3.40,AN2,189B,0.00,0.00,1.95,3.49,AN3,C32D,2.84,0.00,1.95,4.48,POS,0.39,3.79,1.48,79
DIST,4,AN0,0323,-0.27,6.01,1.95,2.29,AN1,8A94,2.82,5.87,1.95,3.47,AN2,189B,0.00,0.00,1.95,3.46,AN3,C32D,2.84,0.00,1.95,4.40,POS,0.30,3.75,1.45,78
DIST,4,AN0,0323,-0.27,6.01,1.95,2.35,AN1,8A94,2.82,5.87,1.95,3.58,AN2,189B,0.00,0.00,1.95,3.47,AN3,C32D,2.84,0.00,1.95,4.43,POS,0.22,3.69,1.43,77
DIST,4,AN0,0323,-0.27,6.01,1.95,2.37,AN1,8A94,2.82,5.87,1.95,3.59,AN2,189B,0.00,0.00,1.95,3.42,AN3,C32D,2.84,0.00,1.95,4.45,POS,0.14,3.66,1.39,73
DIST,4,AN0,0323,-0.27,6.01,1.95,2.46,AN1,8A94,2.82,5.87,1.95,3.60,AN2,189B,0.00,0.00,1.95,3.41,AN3,C32D,2.84,0.00,1.95,4.48,POS,0.09,3.62,1.44,78
DIST,4,AN0,0323,-0.27,6.01,1.95,2.39,AN1,8A94,2.82,5.87,1.95,3.60,AN2,189B,0.00,0.00,1.95,3.38,AN3,C32D,2.84,0.00,1.95,4.38,POS,0.05,3.59,1.40,74
DIST,4,AN0,0323,-0.27,6.01,1.95,2.38,AN1,8A94,2.82,5.87,1.95,3.62,AN2,189B,0.00,0.00,1.95,3.49,AN3,C32D,2.84,0.00,1.95,4.45,POS,0.04,3.59,1.45,78
DIST,4,AN0,0323,-0.27,6.01,1.95,2.39,AN1,189B,0.00,0.00,1.95,3.42,AN2,8A94,2.82,5.87,1.95,3.60,AN3,C32D,2.84,0.00,1.95,4.35,POS,0.05,3.58,1.39,78
DIST,4,AN0,0323,-0.27,6.01,1.95,2.43,AN1,189B,0.00,0.00,1.95,3.38,AN2,8A94,2.82,5.87,1.95,3.63,AN3,C32D,2.84,0.00,1.95,4.38,POS,0.03,3.56,1.35,73
DIST,4,AN0,0323,-0.27,6.01,1.95,2.37,AN1,189B,0.00,0.00,1.95,3.47,AN2,8A94,2.82,5.87,1.95,3.59,AN3,C32D,2.84,0.00,1.95,4.38,POS,0.05,3.57,1.31,77
DIST,4,AN0,0323,-0.27,6.01,1.95,2.34,AN1,189B,0.00,0.00,1.95,3.56,AN2,8A94,2.82,5.87,1.95,3.56,AN3,C32D,2.84,0.00,1.95,4.38,POS,0.02,3.55,1.36,78
DIST,4,AN0,0323,-0.27,6.01,1.95,2.39,AN1,189B,0.00,0.00,1.95,3.49,AN2,8A94,2.82,5.87,1.95,3.49,AN3,C32D,2.84,0.00,1.95,4.31,POS,0.09,3.56,1.47,76
DIST,4,AN0,0323,-0.27,6.01,1.95,2.38,AN1,189B,0.00,0.00,1.95,3.31,AN2,8A94,2.82,5.87,1.95,3.46,AN3,C32D,2.84,0.00,1.95,4.32,POS,0.07,3.54,1.49,77
DIST,4,AN0,0323,-0.27,6.01,1.95,2.41,AN1,189B,0.00,0.00,1.95,3.29,AN2,8A94,2.82,5.87,1.95,3.48,AN3,C32D,2.84,0.00,1.95,4.31,POS,0.06,3.52,1.49,77
DIST,4,AN0,0323,-0.27,6.01,1.95,2.36,AN1,189B,0.00,0.00,1.95,3.27,AN2,8A94,2.82,5.87,1.95,3.42,AN3,C32D,2.84,0.00,1.95,4.25,POS,0.06,3.52,1.44,77
DIST,4,AN0,0323,-0.27,6.01,1.95,2.37,AN1,189B,0.00,0.00,1.95,3.29,AN2,8A94,2.82,5.87,1.95,3.42,AN3,C32D,2.84,0.00,1.95,4.28,POS,0.06,3.51,1.51,77
DIST,4,AN0,0323,-0.27,6.01,1.95,2.41,AN1,189B,0.00,0.00,1.95,3.18,AN2,8A94,2.82,5.87,1.95,3.43,AN3,C32D,2.84,0.00,1.95,4.30,POS,0.07,3.48,1.45,76
DIST,4,AN0,0323,-0.27,6.01,1.95,2.51,AN1,189B,0.00,0.00,1.95,3.17,AN2,8A94,2.82,5.87,1.95,3.45,AN3,C32D,2.84,0.00,1.95,4.16,POS,0.10,3.45,1.51,74
DIST,4,AN0,0323,-0.27,6.01,1.95,2.63,AN1,189B,0.00,0.00,1.95,3.15,AN2,8A94,2.82,5.87,1.95,3.46,AN3,C32D,2.84,0.00,1.95,3.96,POS,0.15,3.41,1.49,74
DIST,4,AN0,0323,-0.27,6.01,1.95,2.76,AN1,189B,0.00,0.00,1.95,3.11,AN2,8A94,2.82,5.87,1.95,3.54,AN3,C32D,2.84,0.00,1.95,3.99,POS,0.18,3.37,1.44,73
DIST,4,AN0,0323,-0.27,6.01,1.95,2.83,AN1,189B,0.00,0.00,1.95,3.02,AN2,8A94,2.82,5.87,1.95,3.49,AN3,C32D,2.84,0.00,1.95,3.72,POS,0.25,3.30,1.49,82
DIST,4,AN0,0323,-0.27,6.01,1.95,2.92,AN1,189B,0.00,0.00,1.95,2.99,AN2,8A94,2.82,5.87,1.95,3.47,AN3,C32D,2.84,0.00,1.95,3.52,POS,0.32,3.21,1.44,80
DIST,3,AN0,0323,-0.27,6.01,1.95,3.07,AN1,8A94,2.82,5.87,1.95,3.43,AN2,C32D,2.84,0.00,1.95,3.38,POS,0.42,3.13,1.54,94
DIST,4,AN0,0323,-0.27,6.01,1.95,3.24,AN1,189B,0.00,0.00,1.95,2.93,AN2,8A94,2.82,5.87,1.95,3.51,AN3,C32D,2.84,0.00,1.95,3.26,POS,0.52,3.04,1.54,92
DIST,4,AN0,0323,-0.27,6.01,1.95,3.32,AN1,189B,0.00,0.00,1.95,2.88,AN2,8A94,2.82,5.87,1.95,3.50,AN3,C32D,2.84,0.00,1.95,3.16,POS,0.67,2.99,1.50,93
DIST,4,AN0,189B,0.00,0.00,1.95,2.81,AN1,0323,-0.27,6.01,1.95,3.44,AN2,8A94,2.82,5.87,1.95,3.56,AN3,C32D,2.84,0.00,1.95,3.07,POS,0.75,2.90,1.47,91
DIST,4,AN0,189B,0.00,0.00,1.95,2.81,AN1,0323,-0.27,6.01,1.95,3.51,AN2,C32D,2.84,0.00,1.95,2.91,AN3,8A94,2.82,5.87,1.95,3.60,POS,0.82,2.80,1.38,85
DIST,4,AN0,189B,0.00,0.00,1.95,2.82,AN1,0323,-0.27,6.01,1.95,3.56,AN2,C32D,2.84,0.00,1.95,2.86,AN3,8A94,2.82,5.87,1.95,3.58,POS,0.96,2.77,1.42,96
DIST,4,AN0,189B,0.00,0.00,1.95,2.80,AN1,C32D,2.84,0.00,1.95,2.83,AN2,0323,-0.27,6.01,1.95,3.62,AN3,8A94,2.82,5.87,1.95,3.51,POS,1.03,2.71,1.44,95
DIST,4,AN0,189B,0.00,0.00,1.95,2.84,AN1,C32D,2.84,0.00,1.95,2.86,AN2,0323,-0.27,6.01,1.95,3.62,AN3,8A94,2.82,5.87,1.95,3.55,POS,1.08,2.67,1.43,93
DIST,4,AN0,189B,0.00,0.00,1.95,2.85,AN1,C32D,2.84,0.00,1.95,2.89,AN2,0323,-0.27,6.01,1.95,3.61,AN3,8A94,2.82,5.87,1.95,3.52,POS,1.12,2.64,1.40,92
DIST,4,AN0,189B,0.00,0.00,1.95,2.81,AN1,C32D,2.84,0.00,1.95,2.96,AN2,0323,-0.27,6.01,1.95,3.56,AN3,8A94,2.82,5.87,1.95,3.52,POS,1.14,2.63,1.37,91
DIST,4,AN0,189B,0.00,0.00,1.95,2.88,AN1,C32D,2.84,0.00,1.95,2.87,AN2,8A94,2.82,5.87,1.95,3.45,AN3,0323,-0.27,6.01,1.95,3.56,POS,1.17,2.62,1.41,95
DIST,4,AN0,189B,0.00,0.00,1.95,2.89,AN1,C32D,2.84,0.00,1.95,2.89,AN2,8A94,2.82,5.87,1.95,3.56,AN3,0323,-0.27,6.01,1.95,3.62,POS,1.18,2.60,1.38,91
DIST,4,AN0,189B,0.00,0.00,1.95,2.91,AN1,C32D,2.84,0.00,1.95,2.90,AN2,8A94,2.82,5.87,1.95,3.52,AN3,0323,-0.27,6.01,1.95,3.54,POS,1.24,2.63,1.40,94
DIST,4,AN0,189B,0.00,0.00,1.95,2.90,AN1,C32D,2.84,0.00,1.95,2.91,AN2,8A94,2.82,5.87,1.95,3.52,AN3,0323,-0.27,6.01,1.95,3.59,POS,1.23,2.62,1.38,91
DIST,4,AN0,189B,0.00,0.00,1.95,2.93,AN1,C32D,2.84,0.00,1.95,2.87,AN2,8A94,2.82,5.87,1.95,3.53,AN3,0323,-0.27,6.01,1.95,3.56,POS,1.30,2.64,1.40,95
DIST,4,AN0,189B,0.00,0.00,1.95,2.90,AN1,C32D,2.84,0.00,1.95,2.82,AN2,8A94,2.82,5.87,1.95,3.53,AN3,0323,-0.27,6.01,1.95,3.59,POS,1.35,2.65,1.45,96
DIST,4,AN0,189B,0.00,0.00,1.95,2.94,AN1,C32D,2.84,0.00,1.95,2.78,AN2,8A94,2.82,5.87,1.95,3.42,AN3,0323,-0.27,6.01,1.95,3.60,POS,1.41,2.66,1.55,98
DIST,4,AN0,189B,0.00,0.00,1.95,2.94,AN1,C32D,2.84,0.00,1.95,2.78,AN2,8A94,2.82,5.87,1.95,3.43,AN3,0323,-0.27,6.01,1.95,3.67,POS,1.41,2.64,1.52,94
DIST,4,AN0,189B,0.00,0.00,1.95,2.94,AN1,C32D,2.84,0.00,1.95,2.68,AN2,8A94,2.82,5.87,1.95,3.53,AN3,0323,-0.27,6.01,1.95,3.73,POS,1.48,2.63,1.55,95
DIST,4,AN0,C32D,2.84,0.00,1.95,2.60,AN1,189B,0.00,0.00,1.95,2.84,AN2,8A94,2.82,5.87,1.95,3.59,AN3,0323,-0.27,6.01,1.95,3.87,POS,1.48,2.57,1.51,92
DIST,4,AN0,C32D,2.84,0.00,1.95,2.45,AN1,189B,0.00,0.00,1.95,2.89,AN2,8A94,2.82,5.87,1.95,3.63,AN3,0323,-0.27,6.01,1.95,4.00,POS,1.57,2.53,1.51,89
DIST,4,AN0,C32D,2.84,0.00,1.95,2.33,AN1,189B,0.00,0.00,1.95,2.87,AN2,8A94,2.82,5.87,1.95,3.70,AN3,0323,-0.27,6.01,1.95,4.05,POS,1.67,2.49,1.43,80
DIST,4,AN0,C32D,2.84,0.00,1.95,2.23,AN1,189B,0.00,0.00,1.95,2.92,AN2,8A94,2.82,5.87,1.95,3.68,AN3,0323,-0.27,6.01,1.95,4.25,POS,1.72,2.41,1.41,83
DIST,4,AN0,C32D,2.84,0.00,1.95,2.10,AN1,189B,0.00,0.00,1.95,2.99,AN2,8A94,2.82,5.87,1.95,3.71,AN3,0323,-0.27,6.01,1.95,4.29,POS,1.87,2.37,1.40,74
DIST,4,AN0,C32D,2.84,0.00,1.95,2.00,AN1,189B,0.00,0.00,1.95,3.08,AN2,8A94,2.82,5.87,1.95,3.84,AN3,0323,-0.27,6.01,1.95,4.50,POS,2.03,2.32,1.36,76
DIST,4,AN0,C32D,2.84,0.00,1.95,1.89,AN1,189B,0.00,0.00,1.95,3.12,AN2,8A94,2.82,5.87,1.95,3.95,AN3,0323,-0.27,6.01,1.95,4.68,POS,2.17,2.25,1.45,77
DIST,4,AN0,C32D,2.84,0.00,1.95,1.80,AN1,189B,0.00,0.00,1.95,3.11,AN2,8A94,2.82,5.87,1.95,3.99,AN3,0323,-0.27,6.01,1.95,4.84,POS,2.28,2.17,1.44,78
DIST,4,AN0,C32D,2.84,0.00,1.95,1.69,AN1,189B,0.00,0.00,1.95,3.12,AN2,8A94,2.82,5.87,1.95,4.08,AN3,0323,-0.27,6.01,1.95,4.92,POS,2.40,2.10,1.51,79
DIST,4,AN0,C32D,2.84,0.00,1.95,1.62,AN1,189B,0.00,0.00,1.95,3.13,AN2,8A94,2.82,5.87,1.95,4.20,AN3,0323,-0.27,6.01,1.95,4.93,POS,2.51,2.03,1.48,73
DIST,4,AN0,C32D,2.84,0.00,1.95,1.56,AN1,189B,0.00,0.00,1.95,3.18,AN2,8A94,2.82,5.87,1.95,4.24,AN3,0323,-0.27,6.01,1.95,5.50,POS,2.58,1.92,1.46,75
DIST,4,AN0,C32D,2.84,0.00,1.95,1.48,AN1,189B,0.00,0.00,1.95,3.19,AN2,8A94,2.82,5.87,1.95,4.26,AN3,0323,-0.27,6.01,1.95,5.16,POS,2.69,1.86,1.44,65
DIST,4,AN0,C32D,2.84,0.00,1.95,1.46,AN1,189B,0.00,0.00,1.95,3.31,AN2,8A94,2.82,5.87,1.95,4.30,AN3,0323,-0.27,6.01,1.95,5.19,POS,2.82,1.82,1.41,66
DIST,4,AN0,C32D,2.84,0.00,1.95,1.46,AN1,189B,0.00,0.00,1.95,3.28,AN2,8A94,2.82,5.87,1.95,4.32,AN3,0323,-0.27,6.01,1.95,5.14,POS,2.92,1.80,1.40,65
DIST,4,AN0,C32D,2.84,0.00,1.95,1.51,AN1,8A94,2.82,5.87,1.95,4.26,AN2,189B,0.00,0.00,1.95,3.22,AN3,0323,-0.27,6.01,1.95,5.12,POS,2.95,1.78,1.42,67
DIST,4,AN0,C32D,2.84,0.00,1.95,1.54,AN1,8A94,2.82,5.87,1.95,4.28,AN2,189B,0.00,0.00,1.95,3.26,AN3,0323,-0.27,6.01,1.95,5.14,POS,2.97,1.77,1.41,63
DIST,4,AN0,C32D,2.84,0.00,1.95,1.54,AN1,8A94,2.82,5.87,1.95,4.26,AN2,189B,0.00,0.00,1.95,3.24,AN3,0323,-0.27,6.01,1.95,5.13,POS,2.99,1.76,1.40,64
DIST,4,AN0,C32D,2.84,0.00,1.95,1.53,AN1,8A94,2.82,5.87,1.95,4.25,AN2,189B,0.00,0.00,1.95,3.21,AN3,0323,-0.27,6.01,1.95,5.09,POS,2.99,1.76,1.41,67
DIST,4,AN0,C32D,2.84,0.00,1.95,1.50,AN1,8A94,2.82,5.87,1.95,4.24,AN2,189B,0.00,0.00,1.95,3.26,AN3,0323,-0.27,6.01,1.95,5.19,POS,3.01,1.74,1.41,62
DIST,4,AN0,C32D,2.84,0.00,1.95,1.48,AN1,8A94,2.82,5.87,1.95,4.23,AN2,189B,0.00,0.00,1.95,3.17,AN3,0323,-0.27,6.01,1.95,5.07,POS,3.00,1.74,1.46,72
DIST,4,AN0,C32D,2.84,0.00,1.95,1.51,AN1,8A94,2.82,5.87,1.95,4.29,AN2,189B,0.00,0.00,1.95,3.20,AN3,0323,-0.27,6.01,1.95,5.18,POS,2.99,1.73,1.55,75
DIST,4,AN0,C32D,2.84,0.00,1.95,1.45,AN1,8A94,2.82,5.87,1.95,4.36,AN2,189B,0.00,0.00,1.95,3.17,AN3,0323,-0.27,6.01,1.95,5.17,POS,2.99,1.71,1.52,66
DIST,4,AN0,C32D,2.84,0.00,1.95,1.47,AN1,8A94,2.82,5.87,1.95,4.34,AN2,189B,0.00,0.00,1.95,3.24,AN3,0323,-0.27,6.01,1.95,5.14,POS,3.01,1.72,1.55,67
DIST,4,AN0,C32D,2.84,0.00,1.95,1.42,AN1,8A94,2.82,5.87,1.95,4.35,AN2,189B,0.00,0.00,1.95,3.13,AN3,0323,-0.27,6.01,1.95,5.14,POS,3.00,1.70,1.54,70
DIST,4,AN0,C32D,2.84,0.00,1.95,1.36,AN1,8A94,2.82,5.87,1.95,4.34,AN2,189B,0.00,0.00,1.95,3.17,AN3,0323,-0.27,6.01,1.95,5.11,POS,3.03,1.70,1.53,63
DIST,4,AN0,C32D,2.84,0.00,1.95,1.41,AN1,8A94,2.82,5.87,1.95,4.36,AN2,189B,0.00,0.00,1.95,3.12,AN3,0323,-0.27,6.01,1.95,5.19,POS,3.01,1.68,1.49,67
DIST,4,AN0,C32D,2.84,0.00,1.95,1.35,AN1,8A94,2.82,5.87,1.95,4.35,AN2,189B,0.00,0.00,1.95,3.15,AN3,0323,-0.27,6.01,1.95,5.16,POS,3.04,1.66,1.46,61
DIST,4,AN0,C32D,2.84,0.00,1.95,1.30,AN1,8A94,2.82,5.87,1.95,4.35,AN2,189B,0.00,0.00,1.95,3.06,AN3,0323,-0.27,6.01,1.95,5.17,POS,3.02,1.65,1.56,76
DIST,4,AN0,C32D,2.84,0.00,1.95,1.25,AN1,8A94,2.82,5.87,1.95,4.39,AN2,189B,0.00,0.00,1.95,3.08,AN3,0323,-0.27,6.01,1.95,5.18,POS,3.03,1.63,1.55,64
DIST,4,AN0,C32D,2.84,0.00,1.95,1.26,AN1,8A94,2.82,5.87,1.95,4.51,AN2,189B,0.00,0.00,1.95,2.88,AN3,0323,-0.27,6.01,1.95,5.18,POS,2.97,1.59,1.53,78
DIST,4,AN0,C32D,2.84,0.00,1.95,1.27,AN1,8A94,2.82,5.87,1.95,4.47,AN2,189B,0.00,0.00,1.95,2.82,AN3,0323,-0.27,6.01,1.95,5.13,POS,2.90,1.56,1.51,80
DIST,4,AN0,C32D,2.84,0.00,1.95,1.34,AN1,8A94,2.82,5.87,1.95,4.57,AN2,189B,0.00,0.00,1.95,2.60,AN3,0323,-0.27,6.01,1.95,5.09,POS,2.77,1.53,1.55,81
DIST,4,AN0,C32D,2.84,0.00,1.95,1.27,AN1,189B,0.00,0.00,1.95,2.45,AN2,8A94,2.82,5.87,1.95,4.69,AN3,0323,-0.27,6.01,1.95,5.12,POS,2.65,1.49,1.60,81
DIST,4,AN0,C32D,2.84,0.00,1.95,1.21,AN1,189B,0.00,0.00,1.95,2.32,AN2,8A94,2.82,5.87,1.95,4.78,AN3,0323,-0.27,6.01,1.95,5.11,POS,2.54,1.43,1.54,71
DIST,4,AN0,C32D,2.84,0.00,1.95,1.29,AN1,189B,0.00,0.00,1.95,2.19,AN2,8A94,2.82,5.87,1.95,4.87,AN3,0323,-0.27,6.01,1.95,5.01,POS,2.42,1.39,1.50,65
DIST,4,AN0,C32D,2.84,0.00,1.95,1.34,AN1,189B,0.00,0.00,1.95,2.05,AN2,8A94,2.82,5.87,1.95,4.91,AN3,0323,-0.27,6.01,1.95,5.16,POS,2.29,1.32,1.50,63
DIST,4,AN0,C32D,2.84,0.00,1.95,1.39,AN1,189B,0.00,0.00,1.95,1.97,AN2,8A94,2.82,5.87,1.95,4.97,AN3,0323,-0.27,6.01,1.95,5.11,POS,2.17,1.28,1.51,66
DIST,4,AN0,C32D,2.84,0.00,1.95,1.43,AN1,189B,0.00,0.00,1.95,1.90,AN2,8A94,2.82,5.87,1.95,4.95,AN3,0323,-0.27,6.01,1.95,5.03,POS,2.06,1.25,1.58,73
DIST,4,AN0,C32D,2.84,0.00,1.95,1.52,AN1,189B,0.00,0.00,1.95,1.83,AN2,8A94,2.82,5.87,1.95,4.97,AN3,0323,-0.27,6.01,1.95,5.06,POS,1.95,1.22,1.55,70
DIST,4,AN0,C32D,2.84,0.00,1.95,1.62,AN1,189B,0.00,0.00,1.95,1.78,AN2,8A94,2.82,5.87,1.95,4.96,AN3,0323,-0.27,6.01,1.95,5.03,POS,1.84,1.20,1.51,71
DIST,4,AN0,C32D,2.84,0.00,1.95,1.64,AN1,189B,0.00,0.00,1.95,1.73,AN2,8A94,2.82,5.87,1.95,4.99,AN3,0323,-0.27,6.01,1.95,5.05,POS,1.75,1.17,1.47,70
DIST,4,AN0,C32D,2.84,0.00,1.95,1.57,AN1,189B,0.00,0.00,1.95,1.78,AN2,8A94,2.82,5.87,1.95,4.96,AN3,0323,-0.27,6.01,1.95,5.13,POS,1.70,1.14,1.43,66
DIST,4,AN0,C32D,2.84,0.00,1.95,1.51,AN1,189B,0.00,0.00,1.95,1.78,AN2,8A94,2.82,5.87,1.95,5.04,AN3,0323,-0.27,6.01,1.95,5.09,POS,1.68,1.12,1.45,70
DIST,4,AN0,C32D,2.84,0.00,1.95,1.51,AN1,189B,0.00,0.00,1.95,1.73,AN2,8A94,2.82,5.87,1.95,4.98,AN3,0323,-0.27,6.01,1.95,5.04,POS,1.65,1.12,1.51,75
DIST,4,AN0,C32D,2.84,0.00,1.95,1.47,AN1,189B,0.00,0.00,1.95,1.70,AN2,8A94,2.82,5.87,1.95,5.05,AN3,0323,-0.27,6.01,1.95,5.13,POS,1.63,1.09,1.53,70
DIST,4,AN0,C32D,2.84,0.00,1.95,1.51,AN1,189B,0.00,0.00,1.95,1.79,AN2,8A94,2.82,5.87,1.95,4.99,AN3,0323,-0.27,6.01,1.95,5.13,POS,1.62,1.08,1.50,67
DIST,4,AN0,C32D,2.84,0.00,1.95,1.54,AN1,189B,0.00,0.00,1.95,1.71,AN2,8A94,2.82,5.87,1.95,5.01,AN3,0323,-0.27,6.01,1.95,5.19,POS,1.56,1.03,1.55,73
DIST,4,AN0,C32D,2.84,0.00,1.95,1.52,AN1,189B,0.00,0.00,1.95,1.73,AN2,8A94,2.82,5.87,1.95,5.06,AN3,0323,-0.27,6.01,1.95,5.20,POS,1.56,1.01,1.50,64
DIST,4,AN0,C32D,2.84,0.00,1.95,1.53,AN1,189B,0.00,0.00,1.95,1.74,AN2,8A94,2.82,5.87,1.95,5.03,AN3,0323,-0.27,6.01,1.95,5.24,POS,1.55,1.01,1.59,73
DIST,4,AN0,C32D,2.84,0.00,1.95,1.59,AN1,189B,0.00,0.00,1.95,1.68,AN2,8A94,2.82,5.87,1.95,5.02,AN3,0323,-0.27,6.01,1.95,5.19,POS,1.50,0.98,1.58,70
DIST,4,AN0,C32D,2.84,0.00,1.95,1.52,AN1,189B,0.00,0.00,1.95,1.71,AN2,8A94,2.82,5.87,1.95,5.01,AN3,0323,-0.27,6.01,1.95,5.19,POS,1.46,0.94,1.50,61
DIST,4,AN0,C32D,2.84,0.00,1.95,1.57,AN1,189B,0.00,0.00,1.95,1.70,AN2,8A94,2.82,5.87,1.95,5.03,AN3,0323,-0.27,6.01,1.95,5.09,POS,1.47,0.96,1.49,71
DIST,4,AN0,C32D,2.84,0.00,1.95,1.55,AN1,189B,0.00,0.00,1.95,1.71,AN2,8A94,2.82,5.87,1.95,5.03,AN3,0323,-0.27,6.01,1.95,5.11,POS,1.48,0.98,1.48,70
DIST,4,AN0,C32D,2.84,0.00,1.95,1.53,AN1,189B,0.00,0.00,1.95,1.68,AN2,8A94,2.82,5.87,1.95,5.04,AN3,0323,-0.27,6.01,1.95,5.14,POS,1.49,0.99,1.47,69
DIST,4,AN0,C32D,2.84,0.00,1.95,1.55,AN1,189B,0.00,0.00,1.95,1.68,AN2,8A94,2.82,5.87,1.95,5.03,AN3,0323,-0.27,6.01,1.95,5.17,POS,1.44,0.94,1.45,61
DIST,4,AN0,C32D,2.84,0.00,1.95,1.59,AN1,189B,0.00,0.00,1.95,1.65,AN2,8A94,2.82,5.87,1.95,5.05,AN3,0323,-0.27,6.01,1.95,5.11,POS,1.44,0.96,1.45,71
DIST,4,AN0,C32D,2.84,0.00,1.95,1.65,AN1,189B,0.00,0.00,1.95,1.55,AN2,8A94,2.82,5.87,1.95,5.11,AN3,0323,-0.27,6.01,1.95,5.14,POS,1.42,0.96,1.43,69
DIST,4,AN0,C32D,2.84,0.00,1.95,1.69,AN1,189B,0.00,0.00,1.95,1.56,AN2,8A94,2.82,5.87,1.95,5.14,AN3,0323,-0.27,6.01,1.95,5.18,POS,1.40,0.95,1.39,65
DIST,4,AN0,189B,0.00,0.00,1.95,1.51,AN1,C32D,2.84,0.00,1.95,1.70,AN2,8A94,2.82,5.87,1.95,5.13,AN3,0323,-0.27,6.01,1.95,5.20,POS,1.34,0.92,1.43,62
DIST,4,AN0,189B,0.00,0.00,1.95,1.49,AN1,C32D,2.84,0.00,1.95,1.85,AN2,8A94,2.82,5.87,1.95,5.24,AN3,0323,-0.27,6.01,1.95,5.04,POS,1.30,0.94,1.40,65
DIST,4,AN0,189B,0.00,0.00,1.95,1.36,AN1,C32D,2.84,0.00,1.95,1.98,AN2,8A94,2.82,5.87,1.95,5.20,AN3,0323,-0.27,6.01,1.95,5.03,POS,1.23,0.95,1.37,60
DIST,4,AN0,189B,0.00,0.00,1.95,1.29,AN1,C32D,2.84,0.00,1.95,2.12,AN2,8A94,2.82,5.87,1.95,5.20,AN3,0323,-0.27,6.01,1.95,4.86,POS,1.14,0.99,1.39,63
DIST,4,AN0,189B,0.00,0.00,1.95,1.31,AN1,C32D,2.84,0.00,1.95,2.30,AN2,8A94,2.82,5.87,1.95,5.20,AN3,0323,-0.27,6.01,1.95,4.78,POS,1.03,1.04,1.37,60
DIST,4,AN0,189B,0.00,0.00,1.95,1.26,AN1,C32D,2.84,0.00,1.95,2.49,AN2,0323,-0.27,6.01,1.95,4.76,AN3,8A94,2.82,5.87,1.95,5.27,POS,0.92,1.08,1.47,79
DIST,4,AN0,189B,0.00,0.00,1.95,1.26,AN1,C32D,2.84,0.00,1.95,2.54,AN2,0323,-0.27,6.01,1.95,4.68,AN3,8A94,2.82,5.87,1.95,5.15,POS,0.76,1.08,1.48,82
DIST,4,AN0,189B,0.00,0.00,1.95,1.26,AN1,C32D,2.84,0.00,1.95,2.62,AN2,0323,-0.27,6.01,1.95,4.67,AN3,8A94,2.82,5.87,1.95,5.16,POS,0.63,1.09,1.42,72
DIST,4,AN0,189B,0.00,0.00,1.95,1.33,AN1,C32D,2.84,0.00,1.95,2.87,AN2,0323,-0.27,6.01,1.95,4.48,AN3,8A94,2.82,5.87,1.95,5.10,POS,0.50,1.17,1.40,77
DIST,4,AN0,189B,0.00,0.00,1.95,1.39,AN1,C32D,2.84,0.00,1.95,2.83,AN2,0323,-0.27,6.01,1.95,4.43,AN3,8A94,2.82,5.87,1.95,5.14,POS,0.44,1.24,1.39,80
DIST,4,AN0,189B,0.00,0.00,1.95,1.44,AN1,C32D,2.84,0.00,1.95,2.92,AN2,0323,-0.27,6.01,1.95,4.29,AN3,8A94,2.82,5.87,1.95,5.12,POS,0.38,1.32,1.42,79
DIST,4,AN0,189B,0.00,0.00,1.95,1.46,AN1,C32D,2.84,0.00,1.95,3.15,AN2,0323,-0.27,6.01,1.95,4.23,AN3,8A94,2.82,5.87,1.95,5.07,POS,0.26,1.39,1.45,75
DIST,4,AN0,189B,0.00,0.00,1.95,1.47,AN1,C32D,2.84,0.00,1.95,3.14,AN2,0323,-0.27,6.01,1.95,4.30,AN3,8A94,2.82,5.87,1.95,5.14,POS,0.19,1.43,1.42,72
DIST,4,AN0,189B,0.00,0.00,1.95,1.47,AN1,C32D,2.84,0.00,1.95,3.12,AN2,0323,-0.27,6.01,1.95,4.32,AN3,8A94,2.82,5.87,1.95,5.17,POS,0.14,1.46,1.39,72
DIST,4,AN0,189B,0.00,0.00,1.95,1.46,AN1,C32D,2.84,0.00,1.95,3.11,AN2,0323,-0.27,6.01,1.95,4.41,AN3,8A94,2.82,5.87,1.95,5.22,POS,0.12,1.48,1.45,80
DIST,4,AN0,189B,0.00,0.00,1.95,1.49,AN1,C32D,2.84,0.00,1.95,3.10,AN2,0323,-0.27,6.01,1.95,4.41,AN3,8A94,2.82,5.87,1.95,5.20,POS,0.11,1.49,1.47,80
DIST,4,AN0,189B,0.00,0.00,1.95,1.48,AN1,C32D,2.84,0.00,1.95,3.12,AN2,0323,-0.27,6.01,1.95,4.44,AN3,8A94,2.82,5.87,1.95,5.20,POS,0.09,1.49,1.48,78
DIST,4,AN0,189B,0.00,0.00,1.95,1.46,AN1,C32D,2.84,0.00,1.95,3.10,AN2,0323,-0.27,6.01,1.95,4.42,AN3,8A94,2.82,5.87,1.95,5.28,POS,-0.03,1.43,1.46,62
DIST,4,AN0,189B,0.00,0.00,1.95,1.47,AN1,0323,-0.27,6.01,1.95,4.44,AN2,8A94,2.82,5.87,1.95,5.31,AN3,C32D,2.84,0.00,1.95,3.18,POS,-0.02,1.45,1.47,77
DIST,4,AN0,189B,0.00,0.00,1.95,1.49,AN1,0323,-0.27,6.01,1.95,4.43,AN2,8A94,2.82,5.87,1.95,5.29,AN3,C32D,2.84,0.00,1.95,3.11,POS,-0.12,1.39,1.45,63
DIST,4,AN0,189B,0.00,0.00,1.95,1.46,AN1,0323,-0.27,6.01,1.95,4.35,AN2,8A94,2.82,5.87,1.95,5.24,AN3,C32D,2.84,0.00,1.95,3.22,POS,-0.12,1.42,1.41,66
DIST,4,AN0,189B,0.00,0.00,1.95,1.39,AN1,0323,-0.27,6.01,1.95,4.37,AN2,8A94,2.82,5.87,1.95,5.17,AN3,C32D,2.84,0.00,1.95,3.07,POS,-0.09,1.44,1.40,74
DIST,4,AN0,189B,0.00,0.00,1.95,1.45,AN1,0323,-0.27,6.01,1.95,4.31,AN2,8A94,2.82,5.87,1.95,5.18,AN3,C32D,2.84,0.00,1.95,3.13,POS,-0.07,1.46,1.39,72
DIST,4,AN0,189B,0.00,0.00,1.95,1.49,AN1,0323,-0.27,6.01,1.95,4.31,AN2,8A94,2.82,5.87,1.95,5.13,AN3,C32D,2.84,0.00,1.95,3.18,POS,-0.09,1.48,1.37,64
DIST,4,AN0,189B,0.00,0.00,1.95,1.46,AN1,0323,-0.27,6.01,1.95,4.25,AN2,8A94,2.82,5.87,1.95,5.11,AN3,C32D,2.84,0.00,1.95,3.20,POS,-0.12,1.51,1.39,67
DIST,4,AN0,189B,0.00,0.00,1.95,1.54,AN1,0323,-0.27,6.01,1.95,4.14,AN2,8A94,2.82,5.87,1.95,4.96,AN3,C32D,2.84,0.00,1.95,3.11,POS,-0.09,1.56,1.44,79
DIST,4,AN0,189B,0.00,0.00,1.95,1.66,AN1,0323,-0.27,6.01,1.95,4.14,AN2,8A94,2.82,5.87,1.95,4.81,AN3,C32D,2.84,0.00,1.95,3.08,POS,-0.04,1.60,1.41,75
DIST,4,AN0,189B,0.00,0.00,1.95,1.76,AN1,0323,-0.27,6.01,1.95,4.08,AN2,8A94,2.82,5.87,1.95,4.65,AN3,C32D,2.84,0.00,1.95,2.90,POS,0.03,1.63,1.37,78
DIST,4,AN0,189B,0.00,0.00,1.95,1.84,AN1,C32D,2.84,0.00,1.95,2.91,AN2,0323,-0.27,6.01,1.95,4.03,AN3,8A94,2.82,5.87,1.95,4.45,POS,0.14,1.69,1.37,76
DIST,4,AN0,189B,0.00,0.00,1.95,1.98,AN1,C32D,2.84,0.00,1.95,2.89,AN2,0323,-0.27,6.01,1.95,3.89,AN3,8A94,2.82,5.87,1.95,4.31,POS,0.24,1.78,1.39,76
DIST,4,AN0,189B,0.00,0.00,1.95,2.12,AN1,C32D,2.84,0.00,1.95,2.80,AN2,0323,-0.27,6.01,1.95,3.89,AN3,8A94,2.82,5.87,1.95,4.13,POS,0.38,1.86,1.39,81
DIST,4,AN0,189B,0.00,0.00,1.95,2.23,AN1,C32D,2.84,0.00,1.95,2.74,AN2,0323,-0.27,6.01,1.95,3.86,AN3,8A94,2.82,5.87,1.95,4.03,POS,0.51,1.93,1.42,87
DIST,4,AN0,189B,0.00,0.00,1.95,2.43,AN1,C32D,2.84,0.00,1.95,2.66,AN2,0323,-0.27,6.01,1.95,3.87,AN3,8A94,2.82,5.87,1.95,3.95,POS,0.63,1.99,1.47,90
DIST,4,AN0,189B,0.00,0.00,1.95,2.43,AN1,C32D,2.84,0.00,1.95,2.75,AN2,0323,-0.27,6.01,1.95,3.85,AN3,8A94,2.82,5.87,1.95,3.78,POS,0.76,2.06,1.46,91
DIST,4,AN0,189B,0.00,0.00,1.95,2.63,AN1,C32D,2.84,0.00,1.95,2.75,AN2,0323,-0.27,6.01,1.95,3.77,AN3,8A94,2.82,5.87,1.95,3.64,POS,0.89,2.15,1.41,91
DIST,3,AN0,189B,0.00,0.00,1.95,2.70,AN1,C32D,2.84,0.00,1.95,2.74,AN2,8A94,2.82,5.87,1.95,3.60,POS,1.01,2.22,1.36,88
DIST,4,AN0,189B,0.00,0.00,1.95,2.73,AN1,C32D,2.84,0.00,1.95,2.74,AN2,0323,-0.27,6.01,1.95,3.69,AN3,8A94,2.82,5.87,1.95,3.55,POS,1.10,2.28,1.41,96
DIST,4,AN0,189B,0.00,0.00,1.95,2.74,AN1,C32D,2.84,0.00,1.95,2.74,AN2,0323,-0.27,6.01,1.95,3.57,AN3,8A94,2.82,5.87,1.95,3.57,POS,1.10,2.32,1.40,91
DIST,4,AN0,189B,0.00,0.00,1.95,2.70,AN1,C32D,2.84,0.00,1.95,2.78,AN2,0323,-0.27,6.01,1.95,3.67,AN3,8A94,2.82,5.87,1.95,3.56,POS,1.15,2.36,1.43,95
DIST,4,AN0,189B,0.00,0.00,1.95,2.68,AN1,C32D,2.84,0.00,1.95,2.82,AN2,8A94,2.82,5.87,1.95,3.63,AN3,0323,-0.27,6.01,1.95,3.70,POS,1.17,2.39,1.40,91
DIST,4,AN0,189B,0.00,0.00,1.95,2.69,AN1,C32D,2.84,0.00,1.95,2.77,AN2,8A94,2.82,5.87,1.95,3.57,AN3,0323,-0.27,6.01,1.95,3.65,POS,1.19,2.41,1.46,96
DIST,4,AN0,189B,0.00,0.00,1.95,2.65,AN1,C32D,2.84,0.00,1.95,2.85,AN2,8A94,2.82,5.87,1.95,3.62,AN3,0323,-0.27,6.01,1.95,3.66,POS,1.19,2.43,1.43,91
DIST,4,AN0,189B,0.00,0.00,1.95,2.68,AN1,C32D,2.84,0.00,1.95,2.77,AN2,8A94,2.82,5.87,1.95,3.58,AN3,0323,-0.27,6.01,1.95,3.66,POS,1.21,2.43,1.47,96
DIST,4,AN0,189B,0.00,0.00,1.95,2.69,AN1,C32D,2.84,0.00,1.95,2.83,AN2,8A94,2.82,5.87,1.95,3.57,AN3,0323,-0.27,6.01,1.95,3.64,POS,1.21,2.45,1.46,94
DIST,4,AN0,189B,0.00,0.00,1.95,2.67,AN1,C32D,2.84,0.00,1.95,2.85,AN2,8A94,2.82,5.87,1.95,3.58,AN3,0323,-0.27,6.01,1.95,3.72,POS,1.23,2.46,1.42,91
DIST,4,AN0,189B,0.00,0.00,1.95,2.61,AN1,C32D,2.84,0.00,1.95,2.85,AN2,8A94,2.82,5.87,1.95,3.65,AN3,0323,-0.27,6.01,1.95,3.64,POS,1.20,2.46,1.43,93
DIST,3,AN0,189B,0.00,0.00,1.95,2.64,AN1,C32D,2.84,0.00,1.95,2.81,AN2,8A94,2.82,5.87,1.95,3.64,POS,1.21,2.45,1.37,89
DIST,4,AN0,189B,0.00,0.00,1.95,2.64,AN1,C32D,2.84,0.00,1.95,2.77,AN2,8A94,2.82,5.87,1.95,3.56,AN3,0323,-0.27,6.01,1.95,3.72,POS,1.23,2.46,1.38,93
DIST,4,AN0,189B,0.00,0.00,1.95,2.66,AN1,C32D,2.84,0.00,1.95,2.82,AN2,8A94,2.82,5.87,1.95,3.61,AN3,0323,-0.27,6.01,1.95,3.67,POS,1.23,2.46,1.38,92
DIST,4,AN0,189B,0.00,0.00,1.95,2.65,AN1,C32D,2.84,0.00,1.95,2.85,AN2,8A94,2.82,5.87,1.95,3.58,AN3,0323,-0.27,6.01,1.95,3.62,POS,1.22,2.47,1.40,94
DIST,4,AN0,189B,0.00,0.00,1.95,2.67,AN1,C32D,2.84,0.00,1.95,2.82,AN2,8A94,2.82,5.87,1.95,3.60,AN3,0323,-0.27,6.01,1.95,3.63,POS,1.20,2.47,1.45,95
DIST,4,AN0,189B,0.00,0.00,1.95,2.68,AN1,C32D,2.84,0.00,1.95,2.80,AN2,8A94,2.82,5.87,1.95,3.60,AN3,0323,-0.27,6.01,1.95,3.70,POS,1.22,2.47,1.42,92
DIST,4,AN0,189B,0.00,0.00,1.95,2.69,AN1,C32D,2.84,0.00,1.95,2.83,AN2,8A94,2.82,5.87,1.95,3.57,AN3,0323,-0.27,6.01,1.95,3.64,POS,1.23,2.48,1.43,93
DIST,4,AN0,189B,0.00,0.00,1.95,2.71,AN1,C32D,2.84,0.00,1.95,2.82,AN2,8A94,2.82,5.87,1.95,3.59,AN3,0323,-0.27,6.01,1.95,3.63,POS,1.21,2.48,1.46,95
DIST,4,AN0,189B,0.00,0.00,1.95,2.74,AN1,C32D,2.84,0.00,1.95,2.82,AN2,8A94,2.82,5.87,1.95,3.57,AN3,0323,-0.27,6.01,1.95,3.63,POS,1.20,2.48,1.48,95
DIST,4,AN0,189B,0.00,0.00,1.95,2.74,AN1,C32D,2.84,0.00,1.95,2.86,AN2,8A94,2.82,5.87,1.95,3.53,AN3,0323,-0.27,6.01,1.95,3.63,POS,1.22,2.50,1.46,93
DIST,4,AN0,189B,0.00,0.00,1.95,2.74,AN1,C32D,2.84,0.00,1.95,2.80,AN2,8A94,2.82,5.87,1.95,3.49,AN3,0323,-0.27,6.01,1.95,3.61,POS,1.24,2.51,1.52,98
DIST,4,AN0,189B,0.00,0.00,1.95,2.75,AN1,C32D,2.84,0.00,1.95,2.79,AN2,8A94,2.82,5.87,1.95,3.54,AN3,0323,-0.27,6.01,1.95,3.60,POS,1.23,2.50,1.42,87
DIST,4,AN0,189B,0.00,0.00,1.95,2.75,AN1,C32D,2.84,0.00,1.95,2.74,AN2,8A94,2.82,5.87,1.95,3.56,AN3,0323,-0.27,6.01,1.95,3.71,POS,1.25,2.49,1.44,95
DIST,4,AN0,189B,0.00,0.00,1.95,2.76,AN1,C32D,2.84,0.00,1.95,2.73,AN2,8A94,2.82,5.87,1.95,3.63,AN3,0323,-0.27,6.01,1.95,3.79,POS,1.27,2.47,1.40,91
DIST,4,AN0,189B,0.00,0.00,1.95,2.76,AN1,C32D,2.84,0.00,1.95,2.73,AN2,8A94,2.82,5.87,1.95,3.58,AN3,0323,-0.27,6.01,1.95,3.80,POS,1.30,2.47,1.36,89
DIST,4,AN0,189B,0.00,0.00,1.95,2.74,AN1,C32D,2.84,0.00,1.95,2.64,AN2,8A94,2.82,5.87,1.95,3.60,AN3,0323,-0.27,6.01,1.95,3.77,POS,1.31,2.45,1.43,97
DIST,4,AN0,189B,0.00,0.00,1.95,2.77,AN1,C32D,2.84,0.00,1.95,2.73,AN2,8A94,2.82,5.87,1.95,3.61,AN3,0323,-0.27,6.01,1.95,3.71,POS,1.35,2.47,1.44,94
DIST,4,AN0,189B,0.00,0.00,1.95,2.78,AN1,C32D,2.84,0.00,1.95,2.75,AN2,8A94,2.82,5.87,1.95,3.55,AN3,0323,-0.27,6.01,1.95,3.68,POS,1.33,2.47,1.46,95
DIST,4,AN0,189B,0.00,0.00,1.95,2.83,AN1,C32D,2.84,0.00,1.95,2.74,AN2,8A94,2.82,5.87,1.95,3.54,AN3,0323,-0.27,6.01,1.95,3.63,POS,1.31,2.47,1.39,88
DIST,4,AN0,189B,0.00,0.00,1.95,2.83,AN1,C32D,2.84,0.00,1.95,2.70,AN2,8A94,2.82,5.87,1.95,3.51,AN3,0323,-0.27,6.01,1.95,3.68,POS,1.37,2.50,1.48,97
DIST,4,AN0,189B,0.00,0.00,1.95,2.77,AN1,C32D,2.84,0.00,1.95,2.71,AN2,8A94,2.82,5.87,1.95,3.53,AN3,0323,-0.27,6.01,1.95,3.67,POS,1.35,2.49,1.40,87
DIST,4,AN0,189B,0.00,0.00,1.95,2.84,AN1,C32D,2.84,0.00,1.95,2.72,AN2,8A94,2.82,5.87,1.95,3.48,AN3,0323,-0.27,6.01,1.95,3.71,POS,1.36,2.49,1.43,95
DIST,4,AN0,189B,0.00,0.00,1.95,2.82,AN1,C32D,2.84,0.00,1.95,2.72,AN2,8A94,2.82,5.87,1.95,3.49,AN3,0323,-0.27,6.01,1.95,3.68,POS,1.36,2.49,1.50,98
DIST,4,AN0,189B,0.00,0.00,1.95,2.80,AN1,C32D,2.84,0.00,1.95,2.71,AN2,8A94,2.82,5.87,1.95,3.45,AN3,0323,-0.27,6.01,1.95,3.72,POS,1.39,2.50,1.49,94
DIST,4,AN0,189B,0.00,0.00,1.95,2.86,AN1,C32D,2.84,0.00,1.95,2.74,AN2,8A94,2.82,5.87,1.95,3.51,AN3,0323,-0.27,6.01,1.95,3.65,POS,1.43,2.53,1.54,97
DIST,4,AN0,C32D,2.84,0.00,1.95,2.76,AN1,189B,0.00,0.00,1.95,2.84,AN2,8A94,2.82,5.87,1.95,3.51,AN3,0323,-0.27,6.01,1.95,3.70,POS,1.41,2.52,1.51,94
DIST,4,AN0,189B,0.00,0.00,1.95,2.82,AN1,C32D,2.84,0.00,1.95,2.75,AN2,8A94,2.82,5.87,1.95,3.50,AN3,0323,-0.27,6.01,1.95,3.64,POS,1.38,2.52,1.57,98
DIST,4,AN0,189B,0.00,0.00,1.95,2.93,AN1,C32D,2.84,0.00,1.95,2.82,AN2,8A94,2.82,5.87,1.95,3.50,AN3,0323,-0.27,6.01,1.95,3.68,POS,1.37,2.52,1.50,91
DIST,4,AN0,189B,0.00,0.00,1.95,2.86,AN1,C32D,2.84,0.00,1.95,2.82,AN2,8A94,2.82,5.87,1.95,3.48,AN3,0323,-0.27,6.01,1.95,3.63,POS,1.36,2.53,1.49,95
DIST,4,AN0,189B,0.00,0.00,1.95,2.94,AN1,C32D,2.84,0.00,1.95,2.83,AN2,8A94,2.82,5.87,1.95,3.45,AN3,0323,-0.27,6.01,1.95,3.65,POS,1.36,2.54,1.45,92
DIST,4,AN0,189B,0.00,0.00,1.95,2.95,AN1,C32D,2.84,0.00,1.95,2.82,AN2,8A94,2.82,5.87,1.95,3.46,AN3,0323,-0.27,6.01,1.95,3.63,POS,1.41,2.58,1.44,93
DIST,4,AN0,189B,0.00,0.00,1.95,2.92,AN1,C32D,2.84,0.00,1.95,2.82,AN2,8A94,2.82,5.87,1.95,3.46,AN3,0323,-0.27,6.01,1.95,3.55,POS,1.37,2.57,1.37,88
DIST,4,AN0,189B,0.00,0.00,1.95,2.91,AN1,C32D,2.84,0.00,1.95,2.84,AN2,8A94,2.82,5.87,1.95,3.54,AN3,0323,-0.27,6.01,1.95,3.67,POS,1.34,2.56,1.35,91
DIST,4,AN0,189B,0.00,0.00,1.95,2.93,AN1,C32D,2.84,0.00,1.95,2.82,AN2,8A94,2.82,5.87,1.95,3.45,AN3,0323,-0.27,6.01,1.95,3.61,POS,1.39,2.59,1.39,95
DIST,4,AN0,189B,0.00,0.00,1.95,2.87,AN1,C32D,2.84,0.00,1.95,2.82,AN2,8A94,2.82,5.87,1.95,3.48,AN3,0323,-0.27,6.01,1.95,3.61,POS,1.37,2.58,1.42,95
DIST,4,AN0,189B,0.00,0.00,1.95,2.90,AN1,C32D,2.84,0.00,1.95,2.85,AN2,8A94,2.82,5.87,1.95,3.42,AN3,0323,-0.27,6.01,1.95,3.56,POS,1.35,2.59,1.47,97
DIST,4,AN0,189B,0.00,0.00,1.95,2.91,AN1,C32D,2.84,0.00,1.95,2.82,AN2,8A94,2.82,5.87,1.95,3.48,AN3,0323,-0.27,6.01,1.95,3.58,POS,1.39,2.62,1.51,97
DIST,4,AN0,189B,0.00,0.00,1.95,2.88,AN1,C32D,2.84,0.00,1.95,2.86,AN2,8A94,2.82,5.87,1.95,3.45,AN3,0323,-0.27,6.01,1.95,3.64,POS,1.39,2.61,1.45,91
DIST,4,AN0,189B,0.00,0.00,1.95,2.91,AN1,C32D,2.84,0.00,1.95,2.80,AN2,8A94,2.82,5.87,1.95,3.42,AN3,0323,-0.27,6.01,1.95,3.65,POS,1.39,2.60,1.45,94
DIST,4,AN0,189B,0.00,0.00,1.95,2.94,AN1,C32D,2.84,0.00,1.95,2.78,AN2,8A94,2.82,5.87,1.95,3.46,AN3,0323,-0.27,6.01,1.95,3.64,POS,1.44,2.62,1.48,96
DIST,4,AN0,C32D,2.84,0.00,1.95,2.79,AN1,189B,0.00,0.00,1.95,2.89,AN2,8A94,2.82,5.87,1.95,3.44,AN3,0323,-0.27,6.01,1.95,3.58,POS,1.46,2.64,1.56,98
DIST,4,AN0,C32D,2.84,0.00,1.95,2.82,AN1,189B,0.00,0.00,1.95,2.98,AN2,8A94,2.82,5.87,1.95,3.36,AN3,0323,-0.27,6.01,1.95,3.68,POS,1.49,2.63,1.49,91
DIST,4,AN0,C32D,2.84,0.00,1.95,2.83,AN1,189B,0.00,0.00,1.95,2.99,AN2,8A94,2.82,5.87,1.95,3.34,AN3,0323,-0.27,6.01,1.95,3.60,POS,1.47,2.64,1.49,95
DIST,4,AN0,C32D,2.84,0.00,1.95,2.86,AN1,189B,0.00,0.00,1.95,3.02,AN2,8A94,2.82,5.87,1.95,3.37,AN3,0323,-0.27,6.01,1.95,3.59,POS,1.45,2.64,1.47,94
DIST,4,AN0,C32D,2.84,0.00,1.95,2.82,AN1,189B,0.00,0.00,1.95,3.09,AN2,8A94,2.82,5.87,1.95,3.26,AN3,0323,-0.27,6.01,1.95,3.57,POS,1.46,2.65,1.52,97
DIST,4,AN0,C32D,2.84,0.00,1.95,2.82,AN1,189B,0.00,0.00,1.95,3.15,AN2,8A94,2.82,5.87,1.95,3.23,AN3,0323,-0.27,6.01,1.95,3.64,POS,1.54,2.69,1.53,93
DIST,4,AN0,C32D,2.84,0.00,1.95,2.81,AN1,189B,0.00,0.00,1.95,3.23,AN2,8A94,2.82,5.87,1.95,3.13,AN3,0323,-0.27,6.01,1.95,3.70,POS,1.62,2.72,1.50,91
DIST,4,AN0,C32D,2.84,0.00,1.95,2.79,AN1,189B,0.00,0.00,1.95,3.40,AN2,8A94,2.82,5.87,1.95,3.02,AN3,0323,-0.27,6.01,1.95,3.64,POS,1.68,2.74,1.55,95
DIST,4,AN0,C32D,2.84,0.00,1.95,2.91,AN1,189B,0.00,0.00,1.95,3.53,AN2,8A94,2.82,5.87,1.95,2.88,AN3,0323,-0.27,6.01,1.95,3.76,POS,1.80,2.80,1.48,83
DIST,4,AN0,C32D,2.84,0.00,1.95,2.98,AN1,8A94,2.82,5.87,1.95,2.77,AN2,189B,0.00,0.00,1.95,3.77,AN3,0323,-0.27,6.01,1.95,3.79,POS,1.95,2.87,1.46,77
DIST,4,AN0,C32D,2.84,0.00,1.95,3.13,AN1,8A94,2.82,5.87,1.95,2.62,AN2,189B,0.00,0.00,1.95,4.01,AN3,0323,-0.27,6.01,1.95,3.79,POS,2.11,2.98,1.46,73
DIST,4,AN0,8A94,2.82,5.87,1.95,2.52,AN1,C32D,2.84,0.00,1.95,3.21,AN2,189B,0.00,0.00,1.95,4.19,AN3,0323,-0.27,6.01,1.95,3.81,POS,2.27,3.08,1.50,76
DIST,4,AN0,8A94,2.82,5.87,1.95,2.44,AN1,C32D,2.84,0.00,1.95,3.27,AN2,189B,0.00,0.00,1.95,4.28,AN3,0323,-0.27,6.01,1.95,3.76,POS,2.42,3.19,1.45,69
DIST,4,AN0,8A94,2.82,5.87,1.95,2.34,AN1,C32D,2.84,0.00,1.95,3.40,AN2,0323,-0.27,6.01,1.95,3.71,AN3,189B,0.00,0.00,1.95,4.49,POS,2.59,3.33,1.41,67
DIST,4,AN0,8A94,2.82,5.87,1.95,2.25,AN1,C32D,2.84,0.00,1.95,3.55,AN2,0323,-0.27,6.01,1.95,3.67,AN3,189B,0.00,0.00,1.95,4.55,POS,2.68,3.44,1.38,66
DIST,4,AN0,8A94,2.82,5.87,1.95,2.22,AN1,C32D,2.84,0.00,1.95,3.50,AN2,0323,-0.27,6.01,1.95,3.77,AN3,189B,0.00,0.00,1.95,4.49,POS,2.70,3.48,1.43,77
DIST,4,AN0,8A94,2.82,5.87,1.95,2.25,AN1,C32D,2.84,0.00,1.95,3.56,AN2,0323,-0.27,6.01,1.95,3.70,AN3,189B,0.00,0.00,1.95,4.49,POS,2.72,3.53,1.39,72
DIST,4,AN0,8A94,2.82,5.87,1.95,2.27,AN1,C32D,2.84,0.00,1.95,3.49,AN2,0323,-0.27,6.01,1.95,3.63,AN3,189B,0.00,0.00,1.95,4.43,POS,2.66,3.54,1.43,76
DIST,4,AN0,8A94,2.82,5.87,1.95,2.26,AN1,C32D,2.84,0.00,1.95,3.42,AN2,0323,-0.27,6.01,1.95,3.66,AN3,189B,0.00,0.00,1.95,4.46,POS,2.75,3.59,1.37,65
DIST,4,AN0,8A94,2.82,5.87,1.95,2.29,AN1,C32D,2.84,0.00,1.95,3.50,AN2,0323,-0.27,6.01,1.95,3.60,AN3,189B,0.00,0.00,1.95,4.46,POS,2.78,3.63,1.37,71
DIST,4,AN0,8A94,2.82,5.87,1.95,2.29,AN1,C32D,2.84,0.00,1.95,3.42,AN2,0323,-0.27,6.01,1.95,3.62,AN3,189B,0.00,0.00,1.95,4.41,POS,2.71,3.61,1.32,76
DIST,3,AN0,C32D,2.84,0.00,1.95,3.44,AN1,0323,-0.27,6.01,1.95,3.60,AN2,189B,0.00,0.00,1.95,4.44,POS,2.77,3.64,1.29,80
DIST,4,AN0,8A94,2.82,5.87,1.95,2.26,AN1,C32D,2.84,0.00,1.95,3.43,AN2,0323,-0.27,6.01,1.95,3.61,AN3,189B,0.00,0.00,1.95,4.45,POS,2.71,3.62,1.27,76
DIST,4,AN0,8A94,2.82,5.87,1.95,2.25,AN1,C32D,2.84,0.00,1.95,3.54,AN2,0323,-0.27,6.01,1.95,3.64,AN3,189B,0.00,0.00,1.95,4.43,POS,2.71,3.64,1.29,76
DIST,4,AN0,8A94,2.82,5.87,1.95,2.22,AN1,C32D,2.84,0.00,1.95,3.47,AN2,0323,-0.27,6.01,1.95,3.61,AN3,189B,0.00,0.00,1.95,4.50,POS,2.68,3.62,1.27,76
DIST,4,AN0,8A94,2.82,5.87,1.95,2.20,AN1,C32D,2.84,0.00,1.95,3.49,AN2,0323,-0.27,6.01,1.95,3.64,AN3,189B,0.00,0.00,1.95,4.46,POS,2.73,3.65,1.27,68
DIST,4,AN0,8A94,2.82,5.87,1.95,2.25,AN1,C32D,2.84,0.00,1.95,3.45,AN2,0323,-0.27,6.01,1.95,3.62,AN3,189B,0.00,0.00,1.95,4.55,POS,2.84,3.70,1.25,67
DIST,4,AN0,8A94,2.82,5.87,1.95,2.21,AN1,C32D,2.84,0.00,1.95,3.54,AN2,189B,0.00,0.00,1.95,4.50,AN3,0323,-0.27,6.01,1.95,3.64,POS,2.76,3.68,1.33,76
DIST,4,AN0,8A94,2.82,5.87,1.95,2.30,AN1,C32D,2.84,0.00,1.95,3.48,AN2,0323,-0.27,6.01,1.95,3.64,AN3,189B,0.00,0.00,1.95,4.43,POS,2.69,3.64,1.37,75
DIST,4,AN0,8A94,2.82,5.87,1.95,2.23,AN1,C32D,2.84,0.00,1.95,3.49,AN2,0323,-0.27,6.01,1.95,3.62,AN3,189B,0.00,0.00,1.95,4.49,POS,2.65,3.62,1.46,76
DIST,4,AN0,8A94,2.82,5.87,1.95,2.26,AN1,C32D,2.84,0.00,1.95,3.53,AN2,0323,-0.27,6.01,1.95,3.68,AN3,189B,0.00,0.00,1.95,4.53,POS,2.63,3.61,1.45,76
DIST,4,AN0,8A94,2.82,5.87,1.95,2.23,AN1,C32D,2.84,0.00,1.95,3.57,AN2,0323,-0.27,6.01,1.95,3.63,AN3,189B,0.00,0.00,1.95,4.53,POS,2.60,3.61,1.44,77
DIST,4,AN0,8A94,2.82,5.87,1.95,2.18,AN1,C32D,2.84,0.00,1.95,3.49,AN2,0323,-0.27,6.01,1.95,3.60,AN3,189B,0.00,0.00,1.95,4.51,POS,2.60,3.61,1.39,76
DIST,4,AN0,8A94,2.82,5.87,1.95,2.21,AN1,C32D,2.84,0.00,1.95,3.50,AN2,0323,-0.27,6.01,1.95,3.62,AN3,189B,0.00,0.00,1.95,4.47,POS,2.58,3.61,1.49,76
DIST,4,AN0,8A94,2.82,5.87,1.95,2.20,AN1,C32D,2.84,0.00,1.95,3.56,AN2,0323,-0.27,6.01,1.95,3.64,AN3,189B,0.00,0.00,1.95,4.52,POS,2.58,3.61,1.50,77
DIST,4,AN0,8A94,2.82,5.87,1.95,2.17,AN1,C32D,2.84,0.00,1.95,3.61,AN2,0323,-0.27,6.01,1.95,3.60,AN3,189B,0.00,0.00,1.95,4.58,POS,2.57,3.63,1.49,77
DIST,4,AN0,8A94,2.82,5.87,1.95,2.15,AN1,C32D,2.84,0.00,1.95,3.56,AN2,0323,-0.27,6.01,1.95,3.59,AN3,189B,0.00,0.00,1.95,4.56,POS,2.66,3.68,1.53,73
DIST,4,AN0,8A94,2.82,5.87,1.95,2.14,AN1,C32D,2.84,0.00,1.95,3.57,AN2,0323,-0.27,6.01,1.95,3.50,AN3,189B,0.00,0.00,1.95,4.55,POS,2.62,3.68,1.44,78
DIST,4,AN0,8A94,2.82,5.87,1.95,2.13,AN1,C32D,2.84,0.00,1.95,3.64,AN2,0323,-0.27,6.01,1.95,3.44,AN3,189B,0.00,0.00,1.95,4.58,POS,2.70,3.76,1.40,67
DIST,4,AN0,8A94,2.82,5.87,1.95,2.14,AN1,0323,-0.27,6.01,1.95,3.36,AN2,C32D,2.84,0.00,1.95,3.67,AN3,189B,0.00,0.00,1.95,4.50,POS,2.60,3.75,1.46,76
DIST,4,AN0,8A94,2.82,5.87,1.95,2.07,AN1,0323,-0.27,6.01,1.95,3.23,AN2,C32D,2.84,0.00,1.95,3.66,AN3,189B,0.00,0.00,1.95,4.40,POS,2.50,3.75,1.42,77
DIST,4,AN0,8A94,2.82,5.87,1.95,2.06,AN1,0323,-0.27,6.01,1.95,3.11,AN2,C32D,2.84,0.00,1.95,3.75,AN3,189B,0.00,0.00,1.95,4.42,POS,2.41,3.77,1.39,76
DIST,4,AN0,8A94,2.82,5.87,1.95,2.04,AN1,0323,-0.27,6.01,1.95,2.93,AN2,C32D,2.84,0.00,1.95,3.84,AN3,189B,0.00,0.00,1.95,4.33,POS,2.35,3.83,1.35,75
DIST,4,AN0,8A94,2.82,5.87,1.95,2.00,AN1,0323,-0.27,6.01,1.95,2.82,AN2,C32D,2.84,0.00,1.95,3.93,AN3,189B,0.00,0.00,1.95,4.36,POS,2.28,3.90,1.31,70
DIST,4,AN0,8A94,2.82,5.87,1.95,2.00,AN1,0323,-0.27,6.01,1.95,2.72,AN2,C32D,2.84,0.00,1.95,3.98,AN3,189B,0.00,0.00,1.95,4.30,POS,2.19,3.94,1.43,81
DIST,4,AN0,8A94,2.82,5.87,1.95,2.09,AN1,0323,-0.27,6.01,1.95,2.69,AN2,C32D,2.84,0.00,1.95,4.01,AN3,189B,0.00,0.00,1.95,4.28,POS,2.10,3.97,1.46,81
DIST,4,AN0,8A94,2.82,5.87,1.95,2.20,AN1,0323,-0.27,6.01,1.95,2.66,AN2,C32D,2.84,0.00,1.95,3.96,AN3,189B,0.00,0.00,1.95,4.24,POS,1.97,3.96,1.43,85
DIST,4,AN0,8A94,2.82,5.87,1.95,2.21,AN1,0323,-0.27,6.01,1.95,2.60,AN2,C32D,2.84,0.00,1.95,3.89,AN3,189B,0.00,0.00,1.95,4.15,POS,1.85,3.93,1.50,92
DIST,4,AN0,8A94,2.82,5.87,1.95,2.29,AN1,0323,-0.27,6.01,1.95,2.54,AN2,C32D,2.84,0.00,1.95,3.99,AN3,189B,0.00,0.00,1.95,4.12,POS,1.80,3.96,1.42,79
DIST,4,AN0,8A94,2.82,5.87,1.95,2.31,AN1,0323,-0.27,6.01,1.95,2.47,AN2,C32D,2.84,0.00,1.95,3.99,AN3,189B,0.00,0.00,1.95,4.00,POS,1.68,3.94,1.47,92
DIST,4,AN0,8A94,2.82,5.87,1.95,2.25,AN1,0323,-0.27,6.01,1.95,2.47,AN2,C32D,2.84,0.00,1.95,4.05,AN3,189B,0.00,0.00,1.95,4.11,POS,1.64,3.96,1.54,90
DIST,3,AN0,8A94,2.82,5.87,1.95,2.28,AN1,0323,-0.27,6.01,1.95,2.48,AN2,189B,0.00,0.00,1.95,4.06,POS,1.57,3.97,1.48,86
DIST,4,AN0,8A94,2.82,5.87,1.95,2.24,AN1,0323,-0.27,6.01,1.95,2.48,AN2,C32D,2.84,0.00,1.95,4.09,AN3,189B,0.00,0.00,1.95,4.12,POS,1.53,3.98,1.47,88
DIST,4,AN0,8A94,2.82,5.87,1.95,2.22,AN1,0323,-0.27,6.01,1.95,2.47,AN2,C32D,2.84,0.00,1.95,4.04,AN3,189B,0.00,0.00,1.95,4.08,POS,1.52,3.99,1.52,91
DIST,4,AN0,8A94,2.82,5.87,1.95,2.27,AN1,0323,-0.27,6.01,1.95,2.44,AN2,C32D,2.84,0.00,1.95,4.08,AN3,189B,0.00,0.00,1.95,4.17,POS,1.53,4.02,1.43,79
DIST,4,AN0,8A94,2.82,5.87,1.95,2.29,AN1,0323,-0.27,6.01,1.95,2.40,AN2,C32D,2.84,0.00,1.95,4.08,AN3,189B,0.00,0.00,1.95,4.16,POS,1.46,4.01,1.46,89
DIST,4,AN0,8A94,2.82,5.87,1.95,2.26,AN1,0323,-0.27,6.01,1.95,2.43,AN2,C32D,2.84,0.00,1.95,4.07,AN3,189B,0.00,0.00,1.95,4.14,POS,1.48,4.03,1.39,80
DIST,4,AN0,8A94,2.82,5.87,1.95,2.24,AN1,0323,-0.27,6.01,1.95,2.35,AN2,C32D,2.84,0.00,1.95,4.04,AN3,189B,0.00,0.00,1.95,4.20,POS,1.43,4.02,1.35,82
DIST,4,AN0,8A94,2.82,5.87,1.95,2.22,AN1,0323,-0.27,6.01,1.95,2.42,AN2,C32D,2.84,0.00,1.95,4.16,AN3,189B,0.00,0.00,1.95,4.08,POS,1.40,4.03,1.39,89
DIST,4,AN0,8A94,2.82,5.87,1.95,2.28,AN1,0323,-0.27,6.01,1.95,2.31,AN2,189B,0.00,0.00,1.95,4.17,AN3,C32D,2.84,0.00,1.95,4.20,POS,1.40,4.05,1.46,91
DIST,4,AN0,8A94,2.82,5.87,1.95,2.26,AN1,0323,-0.27,6.01,1.95,2.33,AN2,189B,0.00,0.00,1.95,4.18,AN3,C32D,2.84,0.00,1.95,4.21,POS,1.39,4.07,1.47,89
DIST,4,AN0,8A94,2.82,5.87,1.95,2.28,AN1,0323,-0.27,6.01,1.95,2.34,AN2,189B,0.00,0.00,1.95,4.11,AN3,C32D,2.84,0.00,1.95,4.25,POS,1.35,4.08,1.43,82
DIST,4,AN0,8A94,2.82,5.87,1.95,2.32,AN1,0323,-0.27,6.01,1.95,2.37,AN2,189B,0.00,0.00,1.95,4.14,AN3,C32D,2.84,0.00,1.95,4.21,POS,1.33,4.08,1.40,83
DIST,4,AN0,8A94,2.82,5.87,1.95,2.38,AN1,0323,-0.27,6.01,1.95,2.38,AN2,189B,0.00,0.00,1.95,4.10,AN3,C32D,2.84,0.00,1.95,4.20,POS,1.31,4.07,1.37,82
DIST,4,AN0,8A94,2.82,5.87,1.95,2.50,AN1,0323,-0.27,6.01,1.95,2.37,AN2,189B,0.00,0.00,1.95,4.08,AN3,C32D,2.84,0.00,1.95,4.23,POS,1.28,4.06,1.32,79
DIST,4,AN0,8A94,2.82,5.87,1.95,2.46,AN1,0323,-0.27,6.01,1.95,2.38,AN2,189B,0.00,0.00,1.95,4.04,AN3,C32D,2.84,0.00,1.95,4.10,POS,1.29,4.05,1.39,91
DIST,4,AN0,8A94,2.82,5.87,1.95,2.45,AN1,0323,-0.27,6.01,1.95,2.43,AN2,189B,0.00,0.00,1.95,4.04,AN3,C32D,2.84,0.00,1.95,4.15,POS,1.27,4.03,1.35,82
DIST,4,AN0,8A94,2.82,5.87,1.95,2.37,AN1,0323,-0.27,6.01,1.95,2.45,AN2,189B,0.00,0.00,1.95,4.09,AN3,C32D,2.84,0.00,1.95,4.13,POS,1.29,4.03,1.35,86
DIST,4,AN0,8A94,2.82,5.87,1.95,2.34,AN1,0323,-0.27,6.01,1.95,2.42,AN2,189B,0.00,0.00,1.95,4.14,AN3,C32D,2.84,0.00,1.95,4.13,POS,1.33,4.04,1.39,89
DIST,4,AN0,8A94,2.82,5.87,1.95,2.30,AN1,0323,-0.27,6.01,1.95,2.49,AN2,189B,0.00,0.00,1.95,4.17,AN3,C32D,2.84,0.00,1.95,4.13,POS,1.37,4.05,1.38,85
DIST,4,AN0,8A94,2.82,5.87,1.95,2.28,AN1,0323,-0.27,6.01,1.95,2.47,AN2,189B,0.00,0.00,1.95,4.19,AN3,C32D,2.84,0.00,1.95,4.09,POS,1.36,4.03,1.36,86
DIST,4,AN0,8A94,2.82,5.87,1.95,2.29,AN1,0323,-0.27,6.01,1.95,2.51,AN2,189B,0.00,0.00,1.95,4.22,AN3,C32D,2.84,0.00,1.95,4.16,POS,1.40,4.05,1.33,82
DIST,4,AN0,8A94,2.82,5.87,1.95,2.26,AN1,0323,-0.27,6.01,1.95,2.51,AN2,189B,0.00,0.00,1.95,4.25,AN3,C32D,2.84,0.00,1.95,4.19,POS,1.43,4.06,1.30,80
DIST,4,AN0,8A94,2.82,5.87,1.95,2.26,AN1,0323,-0.27,6.01,1.95,2.52,AN2,C32D,2.84,0.00,1.95,4.16,AN3,189B,0.00,0.00,1.95,4.21,POS,1.43,4.06,1.34,88
DIST,4,AN0,8A94,2.82,5.87,1.95,2.28,AN1,0323,-0.27,6.01,1.95,2.62,AN2,C32D,2.84,0.00,1.95,4.22,AN3,189B,0.00,0.00,1.95,4.23,POS,1.44,4.05,1.34,86
DIST,4,AN0,8A94,2.82,5.87,1.95,2.26,AN1,0323,-0.27,6.01,1.95,2.52,AN2,C32D,2.84,0.00,1.95,4.13,AN3,189B,0.00,0.00,1.95,4.17,POS,1.44,4.05,1.32,84
DIST,4,AN0,8A94,2.82,5.87,1.95,2.25,AN1,0323,-0.27,6.01,1.95,2.56,AN2,C32D,2.84,0.00,1.95,4.14,AN3,189B,0.00,0.00,1.95,4.31,POS,1.44,4.04,1.41,92
DIST,4,AN0,8A94,2.82,5.87,1.95,2.25,AN1,0323,-0.27,6.01,1.95,2.49,AN2,C32D,2.84,0.00,1.95,4.10,AN3,189B,0.00,0.00,1.95,4.21,POS,1.48,4.05,1.45,86
DIST,4,AN0,8A94,2.82,5.87,1.95,2.25,AN1,0323,-0.27,6.01,1.95,2.48,AN2,C32D,2.84,0.00,1.95,4.14,AN3,189B,0.00,0.00,1.95,4.25,POS,1.45,4.05,1.40,84
DIST,4,AN0,8A94,2.82,5.87,1.95,2.24,AN1,0323,-0.27,6.01,1.95,2.36,AN2,C32D,2.84,0.00,1.95,4.17,AN3,189B,0.00,0.00,1.95,4.32,POS,1.41,4.05,1.40,86
DIST,4,AN0,8A94,2.82,5.87,1.95,2.26,AN1,0323,-0.27,6.01,1.95,2.38,AN2,189B,0.00,0.00,1.95,4.25,AN3,C32D,2.84,0.00,1.95,4.14,POS,1.38,4.04,1.41,87
DIST,4,AN0,8A94,2.82,5.87,1.95,2.28,AN1,0323,-0.27,6.01,1.95,2.45,AN2,189B,0.00,0.00,1.95,4.22,AN3,C32D,2.84,0.00,1.95,4.08,POS,1.37,4.02,1.40,88
DIST,4,AN0,8A94,2.82,5.87,1.95,2.29,AN1,0323,-0.27,6.01,1.95,2.51,AN2,189B,0.00,0.00,1.95,4.22,AN3,C32D,2.84,0.00,1.95,4.10,POS,1.37,4.01,1.36,84
DIST,4,AN0,8A94,2.82,5.87,1.95,2.34,AN1,0323,-0.27,6.01,1.95,2.45,AN2,189B,0.00,0.00,1.95,4.16,AN3,C32D,2.84,0.00,1.95,4.12,POS,1.39,4.03,1.38,87
DIST,4,AN0,8A94,2.82,5.87,1.95,2.29,AN1,0323,-0.27,6.01,1.95,2.44,AN2,189B,0.00,0.00,1.95,4.19,AN3,C32D,2.84,0.00,1.95,4.08,POS,1.37,4.01,1.39,88
DIST,4,AN0,8A94,2.82,5.87,1.95,2.28,AN1,0323,-0.27,6.01,1.95,2.44,AN2,189B,0.00,0.00,1.95,4.18,AN3,C32D,2.84,0.00,1.95,4.21,POS,1.37,4.03,1.35,82
DIST,4,AN0,8A94,2.82,5.87,1.95,2.31,AN1,0323,-0.27,6.01,1.95,2.45,AN2,189B,0.00,0.00,1.95,4.18,AN3,C32D,2.84,0.00,1.95,4.08,POS,1.35,4.01,1.36,87
DIST,4,AN0,8A94,2.82,5.87,1.95,2.30,AN1,0323,-0.27,6.01,1.95,2.49,AN2,189B,0.00,0.00,1.95,4.17,AN3,C32D,2.84,0.00,1.95,4.08,POS,1.35,4.00,1.35,86
DIST,4,AN0,8A94,2.82,5.87,1.95,2.26,AN1,0323,-0.27,6.01,1.95,2.44,AN2,189B,0.00,0.00,1.95,4.19,AN3,C32D,2.84,0.00,1.95,4.10,POS,1.35,4.00,1.36,87
DIST,4,AN0,8A94,2.82,5.87,1.95,2.27,AN1,0323,-0.27,6.01,1.95,2.40,AN2,189B,0.00,0.00,1.95,4.19,AN3,C32D,2.84,0.00,1.95,4.08,POS,1.33,3.99,1.41,90
DIST,4,AN0,8A94,2.82,5.87,1.95,2.28,AN1,0323,-0.27,6.01,1.95,2.44,AN2,189B,0.00,0.00,1.95,4.30,AN3,C32D,2.84,0.00,1.95,4.22,POS,1.33,4.00,1.49,92
DIST,4,AN0,8A94,2.82,5.87,1.95,2.28,AN1,0323,-0.27,6.01,1.95,2.47,AN2,189B,0.00,0.00,1.95,4.24,AN3,C32D,2.84,0.00,1.95,4.17,POS,1.38,4.03,1.45,83
DIST,4,AN0,8A94,2.82,5.87,1.95,2.23,AN1,0323,-0.27,6.01,1.95,2.48,AN2,189B,0.00,0.00,1.95,4.23,AN3,C32D,2.84,0.00,1.95,4.16,POS,1.42,4.06,1.43,83
DIST,4,AN0,8A94,2.82,5.87,1.95,2.28,AN1,0323,-0.27,6.01,1.95,2.36,AN2,189B,0.00,0.00,1.95,4.20,AN3,C32D,2.84,0.00,1.95,4.16,POS,1.38,4.05,1.42,86
DIST,4,AN0,8A94,2.82,5.87,1.95,2.27,AN1,0323,-0.27,6.01,1.95,2.35,AN2,189B,0.00,0.00,1.95,4.19,AN3,C32D,2.84,0.00,1.95,4.08,POS,1.35,4.03,1.50,91
DIST,4,AN0,8A94,2.82,5.87,1.95,2.28,AN1,0323,-0.27,6.01,1.95,2.47,AN2,189B,0.00,0.00,1.95,4.29,AN3,C32D,2.84,0.00,1.95,4.22,POS,1.35,4.03,1.52,90
DIST,4,AN0,8A94,2.82,5.87,1.95,2.29,AN1,0323,-0.27,6.01,1.95,2.40,AN2,189B,0.00,0.00,1.95,4.23,AN3,C32D,2.84,0.00,1.95,4.18,POS,1.33,4.03,1.46,83
DIST,4,AN0,8A94,2.82,5.87,1.95,2.31,AN1,0323,-0.27,6.01,1.95,2.44,AN2,189B,0.00,0.00,1.95,4.22,AN3,C32D,2.84,0.00,1.95,4.11,POS,1.32,4.02,1.43,86
DIST,4,AN0,8A94,2.82,5.87,1.95,2.31,AN1,0323,-0.27,6.01,1.95,2.45,AN2,189B,0.00,0.00,1.95,4.22,AN3,C32D,2.84,0.00,1.95,4.18,POS,1.36,4.04,1.40,84
DIST,4,AN0,8A94,2.82,5.87,1.95,2.29,AN1,0323,-0.27,6.01,1.95,2.58,AN2,189B,0.00,0.00,1.95,4.27,AN3,C32D,2.84,0.00,1.95,4.05,POS,1.37,4.02,1.36,84
DIST,4,AN0,8A94,2.82,5.87,1.95,2.36,AN1,0323,-0.27,6.01,1.95,2.51,AN2,189B,0.00,0.00,1.95,4.25,AN3,C32D,2.84,0.00,1.95,4.18,POS,1.36,4.01,1.40,90
DIST,4,AN0,8A94,2.82,5.87,1.95,2.30,AN1,0323,-0.27,6.01,1.95,2.47,AN2,189B,0.00,0.00,1.95,4.23,AN3,C32D,2.84,0.00,1.95,4.14,POS,1.35,4.01,1.35,83
DIST,4,AN0,8A94,2.82,5.87,1.95,2.27,AN1,0323,-0.27,6.01,1.95,2.48,AN2,189B,0.00,0.00,1.95,4.22,AN3,C32D,2.84,0.00,1.95,4.18,POS,1.38,4.03,1.32,82
DIST,4,AN0,8A94,2.82,5.87,1.95,2.31,AN1,0323,-0.27,6.01,1.95,2.45,AN2,189B,0.00,0.00,1.95,4.19,AN3,C32D,2.84,0.00,1.95,4.15,POS,1.41,4.05,1.35,86
DIST,4,AN0,8A94,2.82,5.87,1.95,2.29,AN1,0323,-0.27,6.01,1.95,2.41,AN2,189B,0.00,0.00,1.95,4.25,AN3,C32D,2.84,0.00,1.95,4.09,POS,1.38,4.03,1.37,88
DIST,4,AN0,8A94,2.82,5.87,1.95,2.31,AN1,0323,-0.27,6.01,1.95,2.44,AN2,189B,0.00,0.00,1.95,4.21,AN3,C32D,2.84,0.00,1.95,4.10,POS,1.36,4.01,1.37,86
DIST,4,AN0,8A94,2.82,5.87,1.95,2.31,AN1,0323,-0.27,6.01,1.95,2.45,AN2,189B,0.00,0.00,1.95,4.23,AN3,C32D,2.84,0.00,1.95,4.15,POS,1.34,4.01,1.34,83
