DIST,4,AN0,C32D,2.95,0.00,1.95,1.36,AN1,189B,0.00,0.00,1.95,1.56,AN2,8A94,2.95,5.89,1.95,5.51,AN3,0323,-0.09,6.04,1.95,5.47,POS,1.59,0.59,1.54,57
DIST,4,AN0,C32D,2.95,0.00,1.95,1.43,AN1,189B,0.00,0.00,1.95,1.57,AN2,8A94,2.95,5.89,1.95,5.49,AN3,0323,-0.09,6.04,1.95,5.64,POS,1.57,0.54,1.53,71
DIST,3,AN0,C32D,2.95,0.00,1.95,1.41,AN1,8A94,2.95,5.89,1.95,5.50,AN2,0323,-0.09,6.04,1.95,5.57,POS,1.50,0.49,1.58,86
DIST,4,AN0,C32D,2.95,0.00,1.95,1.41,AN1,189B,0.00,0.00,1.95,1.57,AN2,8A94,2.95,5.89,1.95,5.55,AN3,0323,-0.09,6.04,1.95,5.59,POS,1.51,0.52,1.67,72
DIST,4,AN0,C32D,2.95,0.00,1.95,1.39,AN1,189B,0.00,0.00,1.95,1.60,AN2,8A94,2.95,5.89,1.95,5.60,AN3,0323,-0.09,6.04,1.95,5.57,POS,1.53,0.53,1.59,50
DIST,4,AN0,C32D,2.95,0.00,1.95,1.35,AN1,189B,0.00,0.00,1.95,1.58,AN2,8A94,2.95,5.89,1.95,5.57,AN3,0323,-0.09,6.04,1.95,5.55,POS,1.55,0.54,1.55,56
DIST,4,AN0,C32D,2.95,0.00,1.95,1.38,AN1,189B,0.00,0.00,1.95,1.57,AN2,8A94,2.95,5.89,1.95,5.55,AN3,0323,-0.09,6.04,1.95,5.57,POS,1.56,0.54,1.50,54
DIST,4,AN0,C32D,2.95,0.00,1.95,1.41,AN1,189B,0.00,0.00,1.95,1.61,AN2,8A94,2.95,5.89,1.95,5.55,AN3,0323,-0.09,6.04,1.95,5.59,POS,1.56,0.56,1.56,67
DIST,4,AN0,C32D,2.95,0.00,1.95,1.36,AN1,189B,0.00,0.00,1.95,1.60,AN2,8A94,2.95,5.89,1.95,5.53,AN3,0323,-0.09,6.04,1.95,5.57,POS,1.58,0.56,1.51,53
DIST,4,AN0,C32D,2.95,0.00,1.95,1.44,AN1,189B,0.00,0.00,1.95,1.51,AN2,8A94,2.95,5.89,1.95,5.54,AN3,0323,-0.09,6.04,1.95,5.61,POS,1.56,0.54,1.47,55
DIST,4,AN0,C32D,2.95,0.00,1.95,1.42,AN1,189B,0.00,0.00,1.95,1.54,AN2,8A94,2.95,5.89,1.95,5.47,AN3,0323,-0.09,6.04,1.95,5.60,POS,1.54,0.53,1.43,54
DIST,4,AN0,C32D,2.95,0.00,1.95,1.46,AN1,189B,0.00,0.00,1.95,1.48,AN2,8A94,2.95,5.89,1.95,5.55,AN3,0323,-0.09,6.04,1.95,5.53,POS,1.53,0.54,1.42,56
DIST,4,AN0,C32D,2.95,0.00,1.95,1.46,AN1,189B,0.00,0.00,1.95,1.43,AN2,8A94,2.95,5.89,1.95,5.51,AN3,0323,-0.09,6.04,1.95,5.56,POS,1.51,0.53,1.43,60
DIST,4,AN0,C32D,2.95,0.00,1.95,1.52,AN1,189B,0.00,0.00,1.95,1.46,AN2,8A94,2.95,5.89,1.95,5.52,AN3,0323,-0.09,6.04,1.95,5.49,POS,1.49,0.55,1.41,52
DIST,4,AN0,C32D,2.95,0.00,1.95,1.47,AN1,189B,0.00,0.00,1.95,1.53,AN2,8A94,2.95,5.89,1.95,5.44,AN3,0323,-0.09,6.04,1.95,5.42,POS,1.50,0.58,1.42,57
DIST,4,AN0,C32D,2.95,0.00,1.95,1.53,AN1,189B,0.00,0.00,1.95,1.54,AN2,8A94,2.95,5.89,1.95,5.25,AN3,0323,-0.09,6.04,1.95,5.33,POS,1.49,0.62,1.43,62
DIST,4,AN0,C32D,2.95,0.00,1.95,1.56,AN1,189B,0.00,0.00,1.95,1.51,AN2,8A94,2.95,5.89,1.95,5.23,AN3,0323,-0.09,6.04,1.95,5.16,POS,1.48,0.69,1.53,73
DIST,4,AN0,C32D,2.95,0.00,1.95,1.62,AN1,189B,0.00,0.00,1.95,1.59,AN2,8A94,2.95,5.89,1.95,5.16,AN3,0323,-0.09,6.04,1.95,5.14,POS,1.48,0.76,1.53,71
DIST,4,AN0,C32D,2.95,0.00,1.95,1.63,AN1,189B,0.00,0.00,1.95,1.60,AN2,8A94,2.95,5.89,1.95,5.15,AN3,0323,-0.09,6.04,1.95,5.20,POS,1.42,0.75,1.50,55
DIST,4,AN0,189B,0.00,0.00,1.95,1.62,AN1,C32D,2.95,0.00,1.95,1.66,AN2,8A94,2.95,5.89,1.95,5.10,AN3,0323,-0.09,6.04,1.95,5.19,POS,1.40,0.78,1.52,65
DIST,4,AN0,189B,0.00,0.00,1.95,1.60,AN1,C32D,2.95,0.00,1.95,1.65,AN2,8A94,2.95,5.89,1.95,5.10,AN3,0323,-0.09,6.04,1.95,5.20,POS,1.39,0.80,1.52,65
DIST,4,AN0,189B,0.00,0.00,1.95,1.57,AN1,C32D,2.95,0.00,1.95,1.65,AN2,8A94,2.95,5.89,1.95,5.16,AN3,0323,-0.09,6.04,1.95,5.14,POS,1.40,0.83,1.51,69
DIST,4,AN0,189B,0.00,0.00,1.95,1.62,AN1,C32D,2.95,0.00,1.95,1.60,AN2,8A94,2.95,5.89,1.95,5.17,AN3,0323,-0.09,6.04,1.95,5.06,POS,1.42,0.88,1.55,76
DIST,4,AN0,189B,0.00,0.00,1.95,1.69,AN1,C32D,2.95,0.00,1.95,1.62,AN2,8A94,2.95,5.89,1.95,5.13,AN3,0323,-0.09,6.04,1.95,5.04,POS,1.45,0.93,1.56,75
DIST,4,AN0,189B,0.00,0.00,1.95,1.70,AN1,C32D,2.95,0.00,1.95,1.62,AN2,8A94,2.95,5.89,1.95,5.11,AN3,0323,-0.09,6.04,1.95,5.06,POS,1.46,0.96,1.55,73
DIST,4,AN0,189B,0.00,0.00,1.95,1.68,AN1,C32D,2.95,0.00,1.95,1.63,AN2,8A94,2.95,5.89,1.95,5.14,AN3,0323,-0.09,6.04,1.95,5.03,POS,1.48,0.99,1.57,76
DIST,4,AN0,C32D,2.95,0.00,1.95,1.65,AN1,189B,0.00,0.00,1.95,1.68,AN2,8A94,2.95,5.89,1.95,5.11,AN3,0323,-0.09,6.04,1.95,5.09,POS,1.48,0.99,1.53,71
DIST,4,AN0,C32D,2.95,0.00,1.95,1.62,AN1,189B,0.00,0.00,1.95,1.69,AN2,8A94,2.95,5.89,1.95,5.12,AN3,0323,-0.09,6.04,1.95,5.07,POS,1.49,1.00,1.53,73
DIST,4,AN0,C32D,2.95,0.00,1.95,1.65,AN1,189B,0.00,0.00,1.95,1.64,AN2,8A94,2.95,5.89,1.95,5.15,AN3,0323,-0.09,6.04,1.95,5.06,POS,1.48,1.01,1.53,74
DIST,4,AN0,C32D,2.95,0.00,1.95,1.62,AN1,189B,0.00,0.00,1.95,1.70,AN2,8A94,2.95,5.89,1.95,5.11,AN3,0323,-0.09,6.04,1.95,5.13,POS,1.49,1.01,1.50,68
DIST,4,AN0,C32D,2.95,0.00,1.95,1.68,AN1,189B,0.00,0.00,1.95,1.65,AN2,8A94,2.95,5.89,1.95,5.09,AN3,0323,-0.09,6.04,1.95,5.09,POS,1.49,1.01,1.48,71
DIST,4,AN0,C32D,2.95,0.00,1.95,1.66,AN1,189B,0.00,0.00,1.95,1.66,AN2,8A94,2.95,5.89,1.95,5.08,AN3,0323,-0.09,6.04,1.95,5.07,POS,1.48,1.01,1.48,72
DIST,4,AN0,C32D,2.95,0.00,1.95,1.67,AN1,189B,0.00,0.00,1.95,1.70,AN2,8A94,2.95,5.89,1.95,4.99,AN3,0323,-0.09,6.04,1.95,5.07,POS,1.44,0.98,1.44,61
DIST,4,AN0,189B,0.00,0.00,1.95,1.69,AN1,C32D,2.95,0.00,1.95,1.64,AN2,8A94,2.95,5.89,1.95,5.09,AN3,0323,-0.09,6.04,1.95,4.96,POS,1.46,1.02,1.54,80
DIST,4,AN0,189B,0.00,0.00,1.95,1.65,AN1,C32D,2.95,0.00,1.95,1.62,AN2,8A94,2.95,5.89,1.95,5.18,AN3,0323,-0.09,6.04,1.95,5.01,POS,1.46,1.04,1.59,78
DIST,4,AN0,189B,0.00,0.00,1.95,1.66,AN1,C32D,2.95,0.00,1.95,1.68,AN2,8A94,2.95,5.89,1.95,5.10,AN3,0323,-0.09,6.04,1.95,4.98,POS,1.46,1.05,1.61,79
DIST,4,AN0,189B,0.00,0.00,1.95,1.62,AN1,C32D,2.95,0.00,1.95,1.70,AN2,8A94,2.95,5.89,1.95,5.06,AN3,0323,-0.09,6.04,1.95,5.05,POS,1.45,1.05,1.58,72
DIST,4,AN0,189B,0.00,0.00,1.95,1.76,AN1,C32D,2.95,0.00,1.95,1.76,AN2,8A94,2.95,5.89,1.95,4.96,AN3,0323,-0.09,6.04,1.95,4.97,POS,1.46,1.07,1.52,74
DIST,4,AN0,189B,0.00,0.00,1.95,1.80,AN1,C32D,2.95,0.00,1.95,1.81,AN2,8A94,2.95,5.89,1.95,4.80,AN3,0323,-0.09,6.04,1.95,4.81,POS,1.46,1.13,1.53,82
DIST,4,AN0,189B,0.00,0.00,1.95,1.89,AN1,C32D,2.95,0.00,1.95,1.91,AN2,8A94,2.95,5.89,1.95,4.68,AN3,0323,-0.09,6.04,1.95,4.63,POS,1.46,1.21,1.57,88
DIST,4,AN0,189B,0.00,0.00,1.95,1.94,AN1,C32D,2.95,0.00,1.95,2.01,AN2,8A94,2.95,5.89,1.95,4.60,AN3,0323,-0.09,6.04,1.95,4.49,POS,1.45,1.31,1.66,90
DIST,4,AN0,189B,0.00,0.00,1.95,1.98,AN1,C32D,2.95,0.00,1.95,1.99,AN2,8A94,2.95,5.89,1.95,4.57,AN3,0323,-0.09,6.04,1.95,4.55,POS,1.46,1.37,1.63,87
DIST,4,AN0,189B,0.00,0.00,1.95,1.98,AN1,C32D,2.95,0.00,1.95,1.98,AN2,8A94,2.95,5.89,1.95,4.55,AN3,0323,-0.09,6.04,1.95,4.53,POS,1.46,1.43,1.65,89
DIST,4,AN0,189B,0.00,0.00,1.95,1.98,AN1,C32D,2.95,0.00,1.95,1.94,AN2,8A94,2.95,5.89,1.95,4.60,AN3,0323,-0.09,6.04,1.95,4.55,POS,1.47,1.46,1.68,89
DIST,4,AN0,189B,0.00,0.00,1.95,1.94,AN1,C32D,2.95,0.00,1.95,1.86,AN2,8A94,2.95,5.89,1.95,4.66,AN3,0323,-0.09,6.04,1.95,4.58,POS,1.49,1.47,1.58,79
DIST,4,AN0,C32D,2.95,0.00,1.95,1.82,AN1,189B,0.00,0.00,1.95,2.00,AN2,8A94,2.95,5.89,1.95,4.64,AN3,0323,-0.09,6.04,1.95,4.55,POS,1.52,1.48,1.52,80
DIST,4,AN0,C32D,2.95,0.00,1.95,1.88,AN1,189B,0.00,0.00,1.95,1.95,AN2,8A94,2.95,5.89,1.95,4.62,AN3,0323,-0.09,6.04,1.95,4.60,POS,1.52,1.48,1.45,77
DIST,4,AN0,C32D,2.95,0.00,1.95,1.85,AN1,189B,0.00,0.00,1.95,1.96,AN2,8A94,2.95,5.89,1.95,4.63,AN3,0323,-0.09,6.04,1.95,4.61,POS,1.53,1.48,1.39,76
DIST,4,AN0,C32D,2.95,0.00,1.95,1.88,AN1,189B,0.00,0.00,1.95,1.98,AN2,8A94,2.95,5.89,1.95,4.58,AN3,0323,-0.09,6.04,1.95,4.65,POS,1.48,1.44,1.39,76
DIST,4,AN0,C32D,2.95,0.00,1.95,1.92,AN1,189B,0.00,0.00,1.95,1.98,AN2,8A94,2.95,5.89,1.95,4.58,AN3,0323,-0.09,6.04,1.95,4.61,POS,1.49,1.46,1.45,86
DIST,4,AN0,C32D,2.95,0.00,1.95,1.86,AN1,189B,0.00,0.00,1.95,1.96,AN2,8A94,2.95,5.89,1.95,4.58,AN3,0323,-0.09,6.04,1.95,4.66,POS,1.45,1.43,1.43,76
DIST,4,AN0,189B,0.00,0.00,1.95,1.98,AN1,C32D,2.95,0.00,1.95,1.81,AN2,8A94,2.95,5.89,1.95,4.54,AN3,0323,-0.09,6.04,1.95,4.63,POS,1.42,1.40,1.49,81
DIST,4,AN0,189B,0.00,0.00,1.95,2.01,AN1,C32D,2.95,0.00,1.95,1.80,AN2,8A94,2.95,5.89,1.95,4.58,AN3,0323,-0.09,6.04,1.95,4.66,POS,1.47,1.43,1.60,86
DIST,4,AN0,189B,0.00,0.00,1.95,1.97,AN1,C32D,2.95,0.00,1.95,1.94,AN2,8A94,2.95,5.89,1.95,4.60,AN3,0323,-0.09,6.04,1.95,4.61,POS,1.48,1.45,1.58,85
DIST,4,AN0,C32D,2.95,0.00,1.95,1.82,AN1,189B,0.00,0.00,1.95,1.99,AN2,8A94,2.95,5.89,1.95,4.57,AN3,0323,-0.09,6.04,1.95,4.63,POS,1.51,1.45,1.49,75
DIST,4,AN0,C32D,2.95,0.00,1.95,1.94,AN1,189B,0.00,0.00,1.95,1.99,AN2,8A94,2.95,5.89,1.95,4.56,AN3,0323,-0.09,6.04,1.95,4.72,POS,1.50,1.44,1.46,80
DIST,4,AN0,C32D,2.95,0.00,1.95,1.82,AN1,189B,0.00,0.00,1.95,1.97,AN2,8A94,2.95,5.89,1.95,4.57,AN3,0323,-0.09,6.04,1.95,4.64,POS,1.45,1.41,1.52,80
DIST,4,AN0,189B,0.00,0.00,1.95,1.99,AN1,C32D,2.95,0.00,1.95,1.81,AN2,8A94,2.95,5.89,1.95,4.58,AN3,0323,-0.09,6.04,1.95,4.69,POS,1.44,1.38,1.49,77
DIST,4,AN0,189B,0.00,0.00,1.95,2.01,AN1,C32D,2.95,0.00,1.95,1.88,AN2,8A94,2.95,5.89,1.95,4.60,AN3,0323,-0.09,6.04,1.95,4.67,POS,1.47,1.41,1.48,82
DIST,4,AN0,189B,0.00,0.00,1.95,2.02,AN1,C32D,2.95,0.00,1.95,1.82,AN2,8A94,2.95,5.89,1.95,4.54,AN3,0323,-0.09,6.04,1.95,4.65,POS,1.45,1.39,1.47,79
DIST,4,AN0,189B,0.00,0.00,1.95,2.01,AN1,C32D,2.95,0.00,1.95,1.79,AN2,8A94,2.95,5.89,1.95,4.65,AN3,0323,-0.09,6.04,1.95,4.69,POS,1.49,1.41,1.52,83
DIST,3,AN0,189B,0.00,0.00,1.95,2.01,AN1,8A94,2.95,5.89,1.95,4.61,AN2,0323,-0.09,6.04,1.95,4.65,POS,1.44,1.44,1.46,84
DIST,4,AN0,189B,0.00,0.00,1.95,2.00,AN1,C32D,2.95,0.00,1.95,1.86,AN2,8A94,2.95,5.89,1.95,4.59,AN3,0323,-0.09,6.04,1.95,4.65,POS,1.47,1.46,1.49,84
DIST,4,AN0,189B,0.00,0.00,1.95,1.94,AN1,C32D,2.95,0.00,1.95,1.87,AN2,8A94,2.95,5.89,1.95,4.61,AN3,0323,-0.09,6.04,1.95,4.63,POS,1.49,1.47,1.57,88
DIST,4,AN0,C32D,2.95,0.00,1.95,1.83,AN1,189B,0.00,0.00,1.95,1.94,AN2,8A94,2.95,5.89,1.95,4.59,AN3,0323,-0.09,6.04,1.95,4.65,POS,1.44,1.42,1.58,79
DIST,4,AN0,189B,0.00,0.00,1.95,1.95,AN1,C32D,2.95,0.00,1.95,1.93,AN2,8A94,2.95,5.89,1.95,4.59,AN3,0323,-0.09,6.04,1.95,4.62,POS,1.39,1.40,1.54,75
DIST,4,AN0,189B,0.00,0.00,1.95,1.92,AN1,C32D,2.95,0.00,1.95,1.93,AN2,8A94,2.95,5.89,1.95,4.63,AN3,0323,-0.09,6.04,1.95,4.65,POS,1.41,1.42,1.54,85
DIST,4,AN0,189B,0.00,0.00,1.95,1.98,AN1,C32D,2.95,0.00,1.95,1.94,AN2,8A94,2.95,5.89,1.95,4.61,AN3,0323,-0.09,6.04,1.95,4.74,POS,1.41,1.41,1.50,79
DIST,4,AN0,189B,0.00,0.00,1.95,1.99,AN1,C32D,2.95,0.00,1.95,1.84,AN2,8A94,2.95,5.89,1.95,4.63,AN3,0323,-0.09,6.04,1.95,4.69,POS,1.45,1.42,1.51,82
DIST,4,AN0,189B,0.00,0.00,1.95,1.99,AN1,C32D,2.95,0.00,1.95,1.92,AN2,8A94,2.95,5.89,1.95,4.55,AN3,0323,-0.09,6.04,1.95,4.64,POS,1.43,1.41,1.44,74
DIST,4,AN0,189B,0.00,0.00,1.95,1.94,AN1,C32D,2.95,0.00,1.95,1.88,AN2,8A94,2.95,5.89,1.95,4.58,AN3,0323,-0.09,6.04,1.95,4.63,POS,1.39,1.39,1.45,77
DIST,4,AN0,189B,0.00,0.00,1.95,1.98,AN1,C32D,2.95,0.00,1.95,1.95,AN2,8A94,2.95,5.89,1.95,4.63,AN3,0323,-0.09,6.04,1.95,4.59,POS,1.42,1.42,1.48,86
DIST,4,AN0,189B,0.00,0.00,1.95,2.03,AN1,C32D,2.95,0.00,1.95,1.93,AN2,8A94,2.95,5.89,1.95,4.56,AN3,0323,-0.09,6.04,1.95,4.53,POS,1.45,1.46,1.41,78
DIST,4,AN0,189B,0.00,0.00,1.95,2.08,AN1,C32D,2.95,0.00,1.95,2.00,AN2,8A94,2.95,5.89,1.95,4.50,AN3,0323,-0.09,6.04,1.95,4.54,POS,1.47,1.50,1.42,85
DIST,4,AN0,189B,0.00,0.00,1.95,2.17,AN1,C32D,2.95,0.00,1.95,2.11,AN2,8A94,2.95,5.89,1.95,4.40,AN3,0323,-0.09,6.04,1.95,4.47,POS,1.49,1.55,1.40,84
DIST,4,AN0,C32D,2.95,0.00,1.95,2.10,AN1,189B,0.00,0.00,1.95,2.22,AN2,8A94,2.95,5.89,1.95,4.25,AN3,0323,-0.09,6.04,1.95,4.32,POS,1.44,1.58,1.40,83
DIST,4,AN0,189B,0.00,0.00,1.95,2.34,AN1,C32D,2.95,0.00,1.95,2.23,AN2,8A94,2.95,5.89,1.95,4.14,AN3,0323,-0.09,6.04,1.95,4.22,POS,1.42,1.64,1.36,82
DIST,4,AN0,189B,0.00,0.00,1.95,2.40,AN1,C32D,2.95,0.00,1.95,2.27,AN2,8A94,2.95,5.89,1.95,4.07,AN3,0323,-0.09,6.04,1.95,4.13,POS,1.40,1.70,1.35,85
DIST,4,AN0,189B,0.00,0.00,1.95,2.39,AN1,C32D,2.95,0.00,1.95,2.28,AN2,8A94,2.95,5.89,1.95,4.10,AN3,0323,-0.09,6.04,1.95,4.07,POS,1.44,1.79,1.32,86
DIST,4,AN0,189B,0.00,0.00,1.95,2.38,AN1,C32D,2.95,0.00,1.95,2.25,AN2,8A94,2.95,5.89,1.95,4.08,AN3,0323,-0.09,6.04,1.95,4.19,POS,1.48,1.84,1.39,91
DIST,4,AN0,C32D,2.95,0.00,1.95,2.23,AN1,189B,0.00,0.00,1.95,2.35,AN2,8A94,2.95,5.89,1.95,4.10,AN3,0323,-0.09,6.04,1.95,4.21,POS,1.50,1.88,1.44,91
DIST,4,AN0,C32D,2.95,0.00,1.95,2.27,AN1,189B,0.00,0.00,1.95,2.37,AN2,8A94,2.95,5.89,1.95,4.09,AN3,0323,-0.09,6.04,1.95,4.22,POS,1.48,1.88,1.47,92
DIST,4,AN0,C32D,2.95,0.00,1.95,2.23,AN1,189B,0.00,0.00,1.95,2.40,AN2,8A94,2.95,5.89,1.95,4.14,AN3,0323,-0.09,6.04,1.95,4.25,POS,1.51,1.90,1.46,88
DIST,4,AN0,C32D,2.95,0.00,1.95,2.30,AN1,189B,0.00,0.00,1.95,2.40,AN2,8A94,2.95,5.89,1.95,4.07,AN3,0323,-0.09,6.04,1.95,4.22,POS,1.50,1.91,1.46,90
DIST,4,AN0,C32D,2.95,0.00,1.95,2.29,AN1,189B,0.00,0.00,1.95,2.43,AN2,8A94,2.95,5.89,1.95,4.08,AN3,0323,-0.09,6.04,1.95,4.15,POS,1.45,1.90,1.40,83
DIST,4,AN0,189B,0.00,0.00,1.95,2.50,AN1,C32D,2.95,0.00,1.95,2.28,AN2,8A94,2.95,5.89,1.95,4.03,AN3,0323,-0.09,6.04,1.95,4.12,POS,1.51,1.95,1.48,93
DIST,4,AN0,C32D,2.95,0.00,1.95,2.30,AN1,189B,0.00,0.00,1.95,2.42,AN2,8A94,2.95,5.89,1.95,4.03,AN3,0323,-0.09,6.04,1.95,4.07,POS,1.52,1.98,1.40,84
DIST,4,AN0,C32D,2.95,0.00,1.95,2.33,AN1,189B,0.00,0.00,1.95,2.43,AN2,8A94,2.95,5.89,1.95,4.10,AN3,0323,-0.09,6.04,1.95,4.15,POS,1.53,2.00,1.41,90
DIST,4,AN0,C32D,2.95,0.00,1.95,2.26,AN1,189B,0.00,0.00,1.95,2.44,AN2,8A94,2.95,5.89,1.95,4.04,AN3,0323,-0.09,6.04,1.95,4.16,POS,1.50,1.97,1.36,84
DIST,4,AN0,C32D,2.95,0.00,1.95,2.26,AN1,189B,0.00,0.00,1.95,2.44,AN2,8A94,2.95,5.89,1.95,4.05,AN3,0323,-0.09,6.04,1.95,4.10,POS,1.53,2.00,1.32,84
DIST,4,AN0,C32D,2.95,0.00,1.95,2.30,AN1,189B,0.00,0.00,1.95,2.41,AN2,8A94,2.95,5.89,1.95,4.09,AN3,0323,-0.09,6.04,1.95,4.11,POS,1.54,2.02,1.42,94
DIST,4,AN0,C32D,2.95,0.00,1.95,2.27,AN1,189B,0.00,0.00,1.95,2.47,AN2,8A94,2.95,5.89,1.95,4.06,AN3,0323,-0.09,6.04,1.95,4.13,POS,1.57,2.03,1.49,92
DIST,4,AN0,C32D,2.95,0.00,1.95,2.30,AN1,189B,0.00,0.00,1.95,2.42,AN2,8A94,2.95,5.89,1.95,4.09,AN3,0323,-0.09,6.04,1.95,4.08,POS,1.57,2.05,1.59,95
DIST,4,AN0,C32D,2.95,0.00,1.95,2.29,AN1,189B,0.00,0.00,1.95,2.41,AN2,8A94,2.95,5.89,1.95,4.05,AN3,0323,-0.09,6.04,1.95,4.16,POS,1.53,2.02,1.65,94
DIST,4,AN0,C32D,2.95,0.00,1.95,2.30,AN1,189B,0.00,0.00,1.95,2.45,AN2,8A94,2.95,5.89,1.95,4.02,AN3,0323,-0.09,6.04,1.95,4.19,POS,1.51,2.01,1.60,91
DIST,4,AN0,C32D,2.95,0.00,1.95,2.28,AN1,189B,0.00,0.00,1.95,2.43,AN2,8A94,2.95,5.89,1.95,4.07,AN3,0323,-0.09,6.04,1.95,4.11,POS,1.54,2.02,1.66,94
DIST,4,AN0,C32D,2.95,0.00,1.95,2.29,AN1,189B,0.00,0.00,1.95,2.46,AN2,8A94,2.95,5.89,1.95,4.09,AN3,0323,-0.09,6.04,1.95,4.25,POS,1.52,1.99,1.59,89
DIST,4,AN0,C32D,2.95,0.00,1.95,2.27,AN1,189B,0.00,0.00,1.95,2.41,AN2,8A94,2.95,5.89,1.95,4.02,AN3,0323,-0.09,6.04,1.95,4.23,POS,1.53,1.98,1.55,89
DIST,4,AN0,C32D,2.95,0.00,1.95,2.25,AN1,189B,0.00,0.00,1.95,2.44,AN2,8A94,2.95,5.89,1.95,4.08,AN3,0323,-0.09,6.04,1.95,4.27,POS,1.52,1.96,1.51,88
DIST,4,AN0,C32D,2.95,0.00,1.95,2.26,AN1,189B,0.00,0.00,1.95,2.42,AN2,8A94,2.95,5.89,1.95,4.07,AN3,0323,-0.09,6.04,1.95,4.18,POS,1.55,1.98,1.51,90
DIST,4,AN0,C32D,2.95,0.00,1.95,2.31,AN1,189B,0.00,0.00,1.95,2.45,AN2,8A94,2.95,5.89,1.95,4.01,AN3,0323,-0.09,6.04,1.95,4.19,POS,1.54,1.98,1.49,89
DIST,4,AN0,C32D,2.95,0.00,1.95,2.31,AN1,189B,0.00,0.00,1.95,2.42,AN2,8A94,2.95,5.89,1.95,4.00,AN3,0323,-0.09,6.04,1.95,4.17,POS,1.54,1.98,1.49,91
DIST,4,AN0,C32D,2.95,0.00,1.95,2.26,AN1,189B,0.00,0.00,1.95,2.40,AN2,8A94,2.95,5.89,1.95,4.10,AN3,0323,-0.09,6.04,1.95,4.11,POS,1.55,1.99,1.42,84
DIST,4,AN0,C32D,2.95,0.00,1.95,2.31,AN1,189B,0.00,0.00,1.95,2.40,AN2,8A94,2.95,5.89,1.95,4.06,AN3,0323,-0.09,6.04,1.95,4.10,POS,1.49,1.97,1.38,84
DIST,4,AN0,C32D,2.95,0.00,1.95,2.31,AN1,189B,0.00,0.00,1.95,2.42,AN2,8A94,2.95,5.89,1.95,4.04,AN3,0323,-0.09,6.04,1.95,4.20,POS,1.48,1.97,1.40,90
DIST,4,AN0,C32D,2.95,0.00,1.95,2.37,AN1,189B,0.00,0.00,1.95,2.37,AN2,8A94,2.95,5.89,1.95,4.07,AN3,0323,-0.09,6.04,1.95,4.16,POS,1.45,1.97,1.41,89
DIST,4,AN0,189B,0.00,0.00,1.95,2.42,AN1,C32D,2.95,0.00,1.95,2.44,AN2,8A94,2.95,5.89,1.95,4.03,AN3,0323,-0.09,6.04,1.95,4.06,POS,1.41,1.98,1.47,91
DIST,4,AN0,189B,0.00,0.00,1.95,2.57,AN1,C32D,2.95,0.00,1.95,2.54,AN2,8A94,2.95,5.89,1.95,3.95,AN3,0323,-0.09,6.04,1.95,4.01,POS,1.38,2.01,1.44,88
DIST,4,AN0,189B,0.00,0.00,1.95,2.71,AN1,C32D,2.95,0.00,1.95,2.67,AN2,8A94,2.95,5.89,1.95,3.70,AN3,0323,-0.09,6.04,1.95,3.87,POS,1.41,2.10,1.39,89
DIST,4,AN0,189B,0.00,0.00,1.95,2.74,AN1,C32D,2.95,0.00,1.95,2.72,AN2,8A94,2.95,5.89,1.95,3.63,AN3,0323,-0.09,6.04,1.95,3.88,POS,1.44,2.17,1.36,89
DIST,4,AN0,189B,0.00,0.00,1.95,2.76,AN1,C32D,2.95,0.00,1.95,2.75,AN2,8A94,2.95,5.89,1.95,3.61,AN3,0323,-0.09,6.04,1.95,3.74,POS,1.45,2.24,1.36,92
DIST,4,AN0,189B,0.00,0.00,1.95,2.77,AN1,C32D,2.95,0.00,1.95,2.71,AN2,8A94,2.95,5.89,1.95,3.61,AN3,0323,-0.09,6.04,1.95,3.68,POS,1.42,2.28,1.30,86
DIST,4,AN0,189B,0.00,0.00,1.95,2.72,AN1,C32D,2.95,0.00,1.95,2.71,AN2,8A94,2.95,5.89,1.95,3.64,AN3,0323,-0.09,6.04,1.95,3.77,POS,1.43,2.32,1.32,93
DIST,4,AN0,189B,0.00,0.00,1.95,2.75,AN1,C32D,2.95,0.00,1.95,2.68,AN2,8A94,2.95,5.89,1.95,3.65,AN3,0323,-0.09,6.04,1.95,3.86,POS,1.46,2.33,1.29,88
DIST,4,AN0,189B,0.00,0.00,1.95,2.77,AN1,C32D,2.95,0.00,1.95,2.69,AN2,8A94,2.95,5.89,1.95,3.63,AN3,0323,-0.09,6.04,1.95,3.84,POS,1.48,2.35,1.28,88
DIST,4,AN0,C32D,2.95,0.00,1.95,2.68,AN1,189B,0.00,0.00,1.95,2.75,AN2,8A94,2.95,5.89,1.95,3.68,AN3,0323,-0.09,6.04,1.95,3.79,POS,1.46,2.36,1.33,94
DIST,4,AN0,189B,0.00,0.00,1.95,2.73,AN1,C32D,2.95,0.00,1.95,2.66,AN2,8A94,2.95,5.89,1.95,3.65,AN3,0323,-0.09,6.04,1.95,3.80,POS,1.47,2.36,1.36,94
DIST,4,AN0,189B,0.00,0.00,1.95,2.81,AN1,C32D,2.95,0.00,1.95,2.67,AN2,8A94,2.95,5.89,1.95,3.64,AN3,0323,-0.09,6.04,1.95,3.81,POS,1.47,2.37,1.36,92
DIST,4,AN0,189B,0.00,0.00,1.95,2.80,AN1,C32D,2.95,0.00,1.95,2.68,AN2,8A94,2.95,5.89,1.95,3.61,AN3,0323,-0.09,6.04,1.95,3.79,POS,1.49,2.38,1.37,92
DIST,4,AN0,C32D,2.95,0.00,1.95,2.73,AN1,189B,0.00,0.00,1.95,2.76,AN2,8A94,2.95,5.89,1.95,3.64,AN3,0323,-0.09,6.04,1.95,3.83,POS,1.49,2.39,1.32,87
DIST,4,AN0,C32D,2.95,0.00,1.95,2.70,AN1,189B,0.00,0.00,1.95,2.74,AN2,8A94,2.95,5.89,1.95,3.67,AN3,0323,-0.09,6.04,1.95,3.77,POS,1.46,2.39,1.36,93
DIST,4,AN0,189B,0.00,0.00,1.95,2.77,AN1,C32D,2.95,0.00,1.95,2.72,AN2,8A94,2.95,5.89,1.95,3.64,AN3,0323,-0.09,6.04,1.95,3.80,POS,1.47,2.40,1.34,90
DIST,4,AN0,189B,0.00,0.00,1.95,2.82,AN1,C32D,2.95,0.00,1.95,2.76,AN2,8A94,2.95,5.89,1.95,3.57,AN3,0323,-0.09,6.04,1.95,3.75,POS,1.48,2.42,1.32,90
DIST,4,AN0,C32D,2.95,0.00,1.95,2.79,AN1,189B,0.00,0.00,1.95,2.87,AN2,8A94,2.95,5.89,1.95,3.53,AN3,0323,-0.09,6.04,1.95,3.66,POS,1.47,2.44,1.35,94
DIST,4,AN0,189B,0.00,0.00,1.95,2.95,AN1,C32D,2.95,0.00,1.95,2.87,AN2,8A94,2.95,5.89,1.95,3.44,AN3,0323,-0.09,6.04,1.95,3.54,POS,1.45,2.49,1.41,96
DIST,4,AN0,189B,0.00,0.00,1.95,3.03,AN1,C32D,2.95,0.00,1.95,2.96,AN2,8A94,2.95,5.89,1.95,3.44,AN3,0323,-0.09,6.04,1.95,3.49,POS,1.42,2.53,1.42,94
DIST,4,AN0,189B,0.00,0.00,1.95,3.08,AN1,C32D,2.95,0.00,1.95,2.99,AN2,8A94,2.95,5.89,1.95,3.45,AN3,0323,-0.09,6.04,1.95,3.48,POS,1.46,2.60,1.40,92
DIST,4,AN0,189B,0.00,0.00,1.95,3.07,AN1,C32D,2.95,0.00,1.95,2.98,AN2,8A94,2.95,5.89,1.95,3.41,AN3,0323,-0.09,6.04,1.95,3.42,POS,1.48,2.66,1.44,97
DIST,4,AN0,C32D,2.95,0.00,1.95,2.95,AN1,189B,0.00,0.00,1.95,3.01,AN2,8A94,2.95,5.89,1.95,3.35,AN3,0323,-0.09,6.04,1.95,3.45,POS,1.46,2.68,1.49,97
DIST,4,AN0,189B,0.00,0.00,1.95,3.06,AN1,C32D,2.95,0.00,1.95,3.05,AN2,8A94,2.95,5.89,1.95,3.42,AN3,0323,-0.09,6.04,1.95,3.42,POS,1.42,2.69,1.46,93
DIST,4,AN0,189B,0.00,0.00,1.95,3.07,AN1,C32D,2.95,0.00,1.95,2.99,AN2,8A94,2.95,5.89,1.95,3.34,AN3,0323,-0.09,6.04,1.95,3.43,POS,1.41,2.70,1.48,96
DIST,4,AN0,189B,0.00,0.00,1.95,3.10,AN1,C32D,2.95,0.00,1.95,3.02,AN2,8A94,2.95,5.89,1.95,3.31,AN3,0323,-0.09,6.04,1.95,3.34,POS,1.38,2.72,1.40,89
DIST,4,AN0,189B,0.00,0.00,1.95,3.12,AN1,C32D,2.95,0.00,1.95,3.10,AN2,8A94,2.95,5.89,1.95,3.23,AN3,0323,-0.09,6.04,1.95,3.27,POS,1.37,2.76,1.52,99
DIST,4,AN0,189B,0.00,0.00,1.95,3.23,AN1,C32D,2.95,0.00,1.95,3.15,AN2,8A94,2.95,5.89,1.95,3.14,AN3,0323,-0.09,6.04,1.95,3.26,POS,1.42,2.83,1.53,97
DIST,4,AN0,189B,0.00,0.00,1.95,3.26,AN1,C32D,2.95,0.00,1.95,3.21,AN2,8A94,2.95,5.89,1.95,3.11,AN3,0323,-0.09,6.04,1.95,3.22,POS,1.43,2.89,1.52,96
DIST,4,AN0,189B,0.00,0.00,1.95,3.30,AN1,C32D,2.95,0.00,1.95,3.23,AN2,8A94,2.95,5.89,1.95,3.06,AN3,0323,-0.09,6.04,1.95,3.14,POS,1.46,2.95,1.62,99
DIST,4,AN0,189B,0.00,0.00,1.95,3.33,AN1,8A94,2.95,5.89,1.95,3.09,AN2,C32D,2.95,0.00,1.95,3.22,AN3,0323,-0.09,6.04,1.95,3.13,POS,1.50,3.00,1.50,88
DIST,4,AN0,8A94,2.95,5.89,1.95,3.13,AN1,C32D,2.95,0.00,1.95,3.27,AN2,189B,0.00,0.00,1.95,3.31,AN3,0323,-0.09,6.04,1.95,3.26,POS,1.49,3.02,1.43,90
DIST,4,AN0,8A94,2.95,5.89,1.95,3.15,AN1,C32D,2.95,0.00,1.95,3.24,AN2,189B,0.00,0.00,1.95,3.28,AN3,0323,-0.09,6.04,1.95,3.25,POS,1.48,3.03,1.40,92
DIST,4,AN0,8A94,2.95,5.89,1.95,3.11,AN1,C32D,2.95,0.00,1.95,3.28,AN2,189B,0.00,0.00,1.95,3.26,AN3,0323,-0.09,6.04,1.95,3.23,POS,1.47,3.04,1.36,91
DIST,4,AN0,8A94,2.95,5.89,1.95,3.14,AN1,189B,0.00,0.00,1.95,3.32,AN2,C32D,2.95,0.00,1.95,3.22,AN3,0323,-0.09,6.04,1.95,3.25,POS,1.50,3.05,1.37,94
DIST,4,AN0,8A94,2.95,5.89,1.95,3.14,AN1,C32D,2.95,0.00,1.95,3.18,AN2,0323,-0.09,6.04,1.95,3.26,AN3,189B,0.00,0.00,1.95,3.26,POS,1.52,3.05,1.39,95
DIST,4,AN0,8A94,2.95,5.89,1.95,3.16,AN1,C32D,2.95,0.00,1.95,3.17,AN2,0323,-0.09,6.04,1.95,3.32,AN3,189B,0.00,0.00,1.95,3.27,POS,1.52,3.04,1.37,92
DIST,4,AN0,8A94,2.95,5.89,1.95,3.14,AN1,C32D,2.95,0.00,1.95,3.20,AN2,189B,0.00,0.00,1.95,3.31,AN3,0323,-0.09,6.04,1.95,3.28,POS,1.54,3.05,1.36,93
DIST,4,AN0,8A94,2.95,5.89,1.95,3.18,AN1,C32D,2.95,0.00,1.95,3.17,AN2,0323,-0.09,6.04,1.95,3.38,AN3,189B,0.00,0.00,1.95,3.24,POS,1.54,3.02,1.43,98
DIST,4,AN0,8A94,2.95,5.89,1.95,3.18,AN1,C32D,2.95,0.00,1.95,3.19,AN2,189B,0.00,0.00,1.95,3.21,AN3,0323,-0.09,6.04,1.95,3.28,POS,1.51,3.01,1.41,93
DIST,4,AN0,8A94,2.95,5.89,1.95,3.17,AN1,C32D,2.95,0.00,1.95,3.16,AN2,189B,0.00,0.00,1.95,3.22,AN3,0323,-0.09,6.04,1.95,3.27,POS,1.52,3.01,1.42,95
DIST,4,AN0,8A94,2.95,5.89,1.95,3.19,AN1,C32D,2.95,0.00,1.95,3.18,AN2,189B,0.00,0.00,1.95,3.23,AN3,0323,-0.09,6.04,1.95,3.27,POS,1.52,3.01,1.42,94
DIST,4,AN0,8A94,2.95,5.89,1.95,3.17,AN1,C32D,2.95,0.00,1.95,3.16,AN2,189B,0.00,0.00,1.95,3.27,AN3,0323,-0.09,6.04,1.95,3.27,POS,1.54,3.02,1.44,95
DIST,4,AN0,8A94,2.95,5.89,1.95,3.16,AN1,C32D,2.95,0.00,1.95,3.22,AN2,189B,0.00,0.00,1.95,3.22,AN3,0323,-0.09,6.04,1.95,3.27,POS,1.52,3.02,1.40,92
DIST,4,AN0,8A94,2.95,5.89,1.95,3.17,AN1,C32D,2.95,0.00,1.95,3.22,AN2,189B,0.00,0.00,1.95,3.26,AN3,0323,-0.09,6.04,1.95,3.29,POS,1.51,3.02,1.36,90
DIST,4,AN0,8A94,2.95,5.89,1.95,3.17,AN1,C32D,2.95,0.00,1.95,3.21,AN2,189B,0.00,0.00,1.95,3.20,AN3,0323,-0.09,6.04,1.95,3.32,POS,1.49,3.01,1.31,89
DIST,4,AN0,8A94,2.95,5.89,1.95,3.19,AN1,C32D,2.95,0.00,1.95,3.18,AN2,189B,0.00,0.00,1.95,3.19,AN3,0323,-0.09,6.04,1.95,3.28,POS,1.48,3.01,1.33,94
DIST,4,AN0,8A94,2.95,5.89,1.95,3.17,AN1,C32D,2.95,0.00,1.95,3.21,AN2,189B,0.00,0.00,1.95,3.22,AN3,0323,-0.09,6.04,1.95,3.14,POS,1.42,3.00,1.29,88
DIST,4,AN0,8A94,2.95,5.89,1.95,3.15,AN1,189B,0.00,0.00,1.95,3.23,AN2,C32D,2.95,0.00,1.95,3.24,AN3,0323,-0.09,6.04,1.95,3.13,POS,1.43,3.02,1.42,99
DIST,4,AN0,8A94,2.95,5.89,1.95,3.14,AN1,189B,0.00,0.00,1.95,3.27,AN2,C32D,2.95,0.00,1.95,3.24,AN3,0323,-0.09,6.04,1.95,3.13,POS,1.39,3.02,1.51,98
DIST,4,AN0,8A94,2.95,5.89,1.95,3.11,AN1,189B,0.00,0.00,1.95,3.34,AN2,0323,-0.09,6.04,1.95,3.10,AN3,C32D,2.95,0.00,1.95,3.41,POS,1.38,3.06,1.45,90
DIST,4,AN0,8A94,2.95,5.89,1.95,3.04,AN1,0323,-0.09,6.04,1.95,2.98,AN2,189B,0.00,0.00,1.95,3.40,AN3,C32D,2.95,0.00,1.95,3.37,POS,1.41,3.11,1.38,88
DIST,4,AN0,8A94,2.95,5.89,1.95,2.91,AN1,0323,-0.09,6.04,1.95,2.87,AN2,189B,0.00,0.00,1.95,3.47,AN3,C32D,2.95,0.00,1.95,3.49,POS,1.42,3.18,1.32,87
DIST,4,AN0,8A94,2.95,5.89,1.95,2.84,AN1,0323,-0.09,6.04,1.95,2.87,AN2,189B,0.00,0.00,1.95,3.51,AN3,C32D,2.95,0.00,1.95,3.54,POS,1.41,3.24,1.39,96
DIST,4,AN0,8A94,2.95,5.89,1.95,2.87,AN1,0323,-0.09,6.04,1.95,2.82,AN2,189B,0.00,0.00,1.95,3.47,AN3,C32D,2.95,0.00,1.95,3.61,POS,1.38,3.28,1.41,93
DIST,4,AN0,8A94,2.95,5.89,1.95,2.83,AN1,0323,-0.09,6.04,1.95,2.79,AN2,189B,0.00,0.00,1.95,3.54,AN3,C32D,2.95,0.00,1.95,3.52,POS,1.35,3.30,1.37,88
DIST,4,AN0,8A94,2.95,5.89,1.95,2.81,AN1,0323,-0.09,6.04,1.95,2.82,AN2,189B,0.00,0.00,1.95,3.52,AN3,C32D,2.95,0.00,1.95,3.57,POS,1.35,3.33,1.45,96
DIST,4,AN0,8A94,2.95,5.89,1.95,2.80,AN1,0323,-0.09,6.04,1.95,2.75,AN2,189B,0.00,0.00,1.95,3.54,AN3,C32D,2.95,0.00,1.95,3.58,POS,1.37,3.37,1.39,89
DIST,4,AN0,8A94,2.95,5.89,1.95,2.73,AN1,0323,-0.09,6.04,1.95,2.67,AN2,189B,0.00,0.00,1.95,3.67,AN3,C32D,2.95,0.00,1.95,3.68,POS,1.39,3.43,1.35,87
DIST,4,AN0,8A94,2.95,5.89,1.95,2.69,AN1,0323,-0.09,6.04,1.95,2.65,AN2,189B,0.00,0.00,1.95,3.70,AN3,C32D,2.95,0.00,1.95,3.78,POS,1.37,3.48,1.39,92
DIST,4,AN0,8A94,2.95,5.89,1.95,2.68,AN1,0323,-0.09,6.04,1.95,2.64,AN2,189B,0.00,0.00,1.95,3.72,AN3,C32D,2.95,0.00,1.95,3.83,POS,1.36,3.52,1.39,90
DIST,4,AN0,8A94,2.95,5.89,1.95,2.70,AN1,0323,-0.09,6.04,1.95,2.64,AN2,189B,0.00,0.00,1.95,3.71,AN3,C32D,2.95,0.00,1.95,3.67,POS,1.33,3.52,1.35,87
DIST,4,AN0,8A94,2.95,5.89,1.95,2.64,AN1,0323,-0.09,6.04,1.95,2.67,AN2,189B,0.00,0.00,1.95,3.79,AN3,C32D,2.95,0.00,1.95,3.79,POS,1.37,3.56,1.40,94
DIST,4,AN0,8A94,2.95,5.89,1.95,2.63,AN1,0323,-0.09,6.04,1.95,2.70,AN2,189B,0.00,0.00,1.95,3.76,AN3,C32D,2.95,0.00,1.95,3.69,POS,1.42,3.59,1.34,86
DIST,4,AN0,8A94,2.95,5.89,1.95,2.64,AN1,0323,-0.09,6.04,1.95,2.74,AN2,189B,0.00,0.00,1.95,3.74,AN3,C32D,2.95,0.00,1.95,3.73,POS,1.43,3.59,1.37,93
DIST,4,AN0,8A94,2.95,5.89,1.95,2.63,AN1,0323,-0.09,6.04,1.95,2.73,AN2,189B,0.00,0.00,1.95,3.76,AN3,C32D,2.95,0.00,1.95,3.73,POS,1.44,3.60,1.40,94
DIST,4,AN0,8A94,2.95,5.89,1.95,2.63,AN1,0323,-0.09,6.04,1.95,2.72,AN2,189B,0.00,0.00,1.95,3.83,AN3,C32D,2.95,0.00,1.95,3.73,POS,1.48,3.62,1.46,94
DIST,4,AN0,8A94,2.95,5.89,1.95,2.68,AN1,0323,-0.09,6.04,1.95,2.74,AN2,C32D,2.95,0.00,1.95,3.73,AN3,189B,0.00,0.00,1.95,3.78,POS,1.49,3.63,1.47,93
DIST,4,AN0,8A94,2.95,5.89,1.95,2.66,AN1,0323,-0.09,6.04,1.95,2.78,AN2,C32D,2.95,0.00,1.95,3.72,AN3,189B,0.00,0.00,1.95,3.78,POS,1.51,3.62,1.45,92
DIST,4,AN0,8A94,2.95,5.89,1.95,2.69,AN1,0323,-0.09,6.04,1.95,2.77,AN2,C32D,2.95,0.00,1.95,3.71,AN3,189B,0.00,0.00,1.95,3.77,POS,1.52,3.62,1.45,93
DIST,4,AN0,8A94,2.95,5.89,1.95,2.68,AN1,0323,-0.09,6.04,1.95,2.81,AN2,C32D,2.95,0.00,1.95,3.71,AN3,189B,0.00,0.00,1.95,3.72,POS,1.51,3.61,1.41,90
DIST,4,AN0,8A94,2.95,5.89,1.95,2.68,AN1,0323,-0.09,6.04,1.95,2.85,AN2,C32D,2.95,0.00,1.95,3.74,AN3,189B,0.00,0.00,1.95,3.74,POS,1.50,3.59,1.53,98
DIST,4,AN0,8A94,2.95,5.89,1.95,2.72,AN1,0323,-0.09,6.04,1.95,2.83,AN2,C32D,2.95,0.00,1.95,3.69,AN3,189B,0.00,0.00,1.95,3.73,POS,1.49,3.59,1.47,91
DIST,4,AN0,8A94,2.95,5.89,1.95,2.78,AN1,0323,-0.09,6.04,1.95,2.81,AN2,C32D,2.95,0.00,1.95,3.69,AN3,189B,0.00,0.00,1.95,3.66,POS,1.47,3.57,1.43,90
DIST,4,AN0,8A94,2.95,5.89,1.95,2.76,AN1,0323,-0.09,6.04,1.95,2.82,AN2,189B,0.00,0.00,1.95,3.64,AN3,C32D,2.95,0.00,1.95,3.62,POS,1.48,3.56,1.46,95
DIST,4,AN0,8A94,2.95,5.89,1.95,2.74,AN1,0323,-0.09,6.04,1.95,2.86,AN2,C32D,2.95,0.00,1.95,3.60,AN3,189B,0.00,0.00,1.95,3.65,POS,1.49,3.54,1.46,94
DIST,4,AN0,8A94,2.95,5.89,1.95,2.75,AN1,0323,-0.09,6.04,1.95,2.89,AN2,C32D,2.95,0.00,1.95,3.54,AN3,189B,0.00,0.00,1.95,3.65,POS,1.52,3.53,1.51,95
DIST,4,AN0,8A94,2.95,5.89,1.95,2.77,AN1,0323,-0.09,6.04,1.95,2.93,AN2,C32D,2.95,0.00,1.95,3.56,AN3,189B,0.00,0.00,1.95,3.63,POS,1.52,3.51,1.47,92
DIST,4,AN0,8A94,2.95,5.89,1.95,2.80,AN1,0323,-0.09,6.04,1.95,2.86,AN2,C32D,2.95,0.00,1.95,3.63,AN3,189B,0.00,0.00,1.95,3.51,POS,1.48,3.49,1.45,92
DIST,4,AN0,8A94,2.95,5.89,1.95,2.79,AN1,0323,-0.09,6.04,1.95,2.86,AN2,C32D,2.95,0.00,1.95,3.54,AN3,189B,0.00,0.00,1.95,3.55,POS,1.48,3.47,1.51,97
DIST,4,AN0,8A94,2.95,5.89,1.95,2.81,AN1,0323,-0.09,6.04,1.95,2.94,AN2,C32D,2.95,0.00,1.95,3.57,AN3,189B,0.00,0.00,1.95,3.56,POS,1.47,3.45,1.45,90
DIST,4,AN0,8A94,2.95,5.89,1.95,2.84,AN1,0323,-0.09,6.04,1.95,2.91,AN2,189B,0.00,0.00,1.95,3.57,AN3,C32D,2.95,0.00,1.95,3.54,POS,1.48,3.44,1.45,94
DIST,4,AN0,8A94,2.95,5.89,1.95,2.78,AN1,0323,-0.09,6.04,1.95,2.92,AN2,C32D,2.95,0.00,1.95,3.57,AN3,189B,0.00,0.00,1.95,3.59,POS,1.48,3.44,1.42,91
DIST,4,AN0,8A94,2.95,5.89,1.95,2.81,AN1,0323,-0.09,6.04,1.95,2.88,AN2,C32D,2.95,0.00,1.95,3.66,AN3,189B,0.00,0.00,1.95,3.55,POS,1.45,3.44,1.38,90
DIST,4,AN0,8A94,2.95,5.89,1.95,2.84,AN1,0323,-0.09,6.04,1.95,2.92,AN2,189B,0.00,0.00,1.95,3.57,AN3,C32D,2.95,0.00,1.95,3.61,POS,1.44,3.43,1.50,98
DIST,4,AN0,8A94,2.95,5.89,1.95,2.78,AN1,0323,-0.09,6.04,1.95,2.87,AN2,189B,0.00,0.00,1.95,3.64,AN3,C32D,2.95,0.00,1.95,3.54,POS,1.48,3.45,1.58,97
DIST,4,AN0,8A94,2.95,5.89,1.95,2.74,AN1,0323,-0.09,6.04,1.95,2.81,AN2,C32D,2.95,0.00,1.95,3.66,AN3,189B,0.00,0.00,1.95,3.57,POS,1.45,3.45,1.54,92
DIST,4,AN0,8A94,2.95,5.89,1.95,2.68,AN1,0323,-0.09,6.04,1.95,2.76,AN2,189B,0.00,0.00,1.95,3.70,AN3,C32D,2.95,0.00,1.95,3.74,POS,1.44,3.48,1.48,90
DIST,4,AN0,8A94,2.95,5.89,1.95,2.63,AN1,0323,-0.09,6.04,1.95,2.71,AN2,189B,0.00,0.00,1.95,3.71,AN3,C32D,2.95,0.00,1.95,3.80,POS,1.42,3.52,1.46,91
DIST,4,AN0,8A94,2.95,5.89,1.95,2.63,AN1,0323,-0.09,6.04,1.95,2.67,AN2,189B,0.00,0.00,1.95,3.72,AN3,C32D,2.95,0.00,1.95,3.86,POS,1.40,3.55,1.45,90
DIST,4,AN0,8A94,2.95,5.89,1.95,2.68,AN1,0323,-0.09,6.04,1.95,2.66,AN2,189B,0.00,0.00,1.95,3.79,AN3,C32D,2.95,0.00,1.95,3.89,POS,1.38,3.58,1.53,95
DIST,4,AN0,8A94,2.95,5.89,1.95,2.58,AN1,0323,-0.09,6.04,1.95,2.64,AN2,189B,0.00,0.00,1.95,3.80,AN3,C32D,2.95,0.00,1.95,3.91,POS,1.37,3.62,1.48,88
DIST,4,AN0,8A94,2.95,5.89,1.95,2.60,AN1,0323,-0.09,6.04,1.95,2.60,AN2,189B,0.00,0.00,1.95,3.75,AN3,C32D,2.95,0.00,1.95,3.83,POS,1.36,3.63,1.49,92
DIST,4,AN0,8A94,2.95,5.89,1.95,2.63,AN1,0323,-0.09,6.04,1.95,2.56,AN2,189B,0.00,0.00,1.95,3.77,AN3,C32D,2.95,0.00,1.95,3.85,POS,1.35,3.65,1.53,93
DIST,4,AN0,8A94,2.95,5.89,1.95,2.56,AN1,0323,-0.09,6.04,1.95,2.53,AN2,189B,0.00,0.00,1.95,3.79,AN3,C32D,2.95,0.00,1.95,3.89,POS,1.34,3.68,1.55,92
DIST,4,AN0,8A94,2.95,5.89,1.95,2.53,AN1,0323,-0.09,6.04,1.95,2.53,AN2,189B,0.00,0.00,1.95,3.82,AN3,C32D,2.95,0.00,1.95,3.92,POS,1.34,3.70,1.53,90
DIST,4,AN0,8A94,2.95,5.89,1.95,2.50,AN1,0323,-0.09,6.04,1.95,2.43,AN2,189B,0.00,0.00,1.95,3.91,AN3,C32D,2.95,0.00,1.95,4.00,POS,1.33,3.74,1.54,91
DIST,4,AN0,8A94,2.95,5.89,1.95,2.45,AN1,0323,-0.09,6.04,1.95,2.38,AN2,189B,0.00,0.00,1.95,3.97,AN3,C32D,2.95,0.00,1.95,4.08,POS,1.32,3.79,1.52,88
DIST,4,AN0,0323,-0.09,6.04,1.95,2.37,AN1,8A94,2.95,5.89,1.95,2.35,AN2,189B,0.00,0.00,1.95,4.09,AN3,C32D,2.95,0.00,1.95,4.11,POS,1.35,3.85,1.53,91
DIST,4,AN0,8A94,2.95,5.89,1.95,2.43,AN1,0323,-0.09,6.04,1.95,2.34,AN2,189B,0.00,0.00,1.95,4.04,AN3,C32D,2.95,0.00,1.95,4.08,POS,1.33,3.86,1.55,89
DIST,4,AN0,8A94,2.95,5.89,1.95,2.35,AN1,0323,-0.09,6.04,1.95,2.32,AN2,189B,0.00,0.00,1.95,4.11,AN3,C32D,2.95,0.00,1.95,4.10,POS,1.33,3.89,1.57,90
DIST,4,AN0,0323,-0.09,6.04,1.95,2.34,AN1,8A94,2.95,5.89,1.95,2.37,AN2,189B,0.00,0.00,1.95,4.06,AN3,C32D,2.95,0.00,1.95,4.09,POS,1.35,3.92,1.61,93
DIST,4,AN0,8A94,2.95,5.89,1.95,2.31,AN1,0323,-0.09,6.04,1.95,2.37,AN2,189B,0.00,0.00,1.95,4.03,AN3,C32D,2.95,0.00,1.95,4.12,POS,1.36,3.94,1.61,91
DIST,4,AN0,8A94,2.95,5.89,1.95,2.38,AN1,0323,-0.09,6.04,1.95,2.35,AN2,189B,0.00,0.00,1.95,4.06,AN3,C32D,2.95,0.00,1.95,4.09,POS,1.37,3.95,1.63,92
DIST,4,AN0,8A94,2.95,5.89,1.95,2.33,AN1,0323,-0.09,6.04,1.95,2.31,AN2,189B,0.00,0.00,1.95,4.09,AN3,C32D,2.95,0.00,1.95,4.08,POS,1.40,3.98,1.55,86
DIST,4,AN0,8A94,2.95,5.89,1.95,2.40,AN1,0323,-0.09,6.04,1.95,2.33,AN2,189B,0.00,0.00,1.95,4.05,AN3,C32D,2.95,0.00,1.95,4.16,POS,1.37,3.99,1.52,86
DIST,4,AN0,8A94,2.95,5.89,1.95,2.34,AN1,0323,-0.09,6.04,1.95,2.33,AN2,189B,0.00,0.00,1.95,4.11,AN3,C32D,2.95,0.00,1.95,4.08,POS,1.36,3.98,1.57,92
DIST,4,AN0,8A94,2.95,5.89,1.95,2.30,AN1,0323,-0.09,6.04,1.95,2.30,AN2,189B,0.00,0.00,1.95,4.06,AN3,C32D,2.95,0.00,1.95,4.09,POS,1.37,4.00,1.48,83
DIST,4,AN0,8A94,2.95,5.89,1.95,2.35,AN1,0323,-0.09,6.04,1.95,2.28,AN2,189B,0.00,0.00,1.95,4.09,AN3,C32D,2.95,0.00,1.95,4.10,POS,1.39,4.02,1.43,85
DIST,4,AN0,8A94,2.95,5.89,1.95,2.32,AN1,0323,-0.09,6.04,1.95,2.34,AN2,189B,0.00,0.00,1.95,4.07,AN3,C32D,2.95,0.00,1.95,4.09,POS,1.41,4.02,1.54,94
DIST,4,AN0,8A94,2.95,5.89,1.95,2.26,AN1,0323,-0.09,6.04,1.95,2.32,AN2,189B,0.00,0.00,1.95,4.11,AN3,C32D,2.95,0.00,1.95,4.14,POS,1.40,4.03,1.56,91
DIST,4,AN0,8A94,2.95,5.89,1.95,2.28,AN1,0323,-0.09,6.04,1.95,2.33,AN2,189B,0.00,0.00,1.95,4.10,AN3,C32D,2.95,0.00,1.95,4.16,POS,1.40,4.03,1.54,88
DIST,4,AN0,8A94,2.95,5.89,1.95,2.28,AN1,0323,-0.09,6.04,1.95,2.30,AN2,189B,0.00,0.00,1.95,4.14,AN3,C32D,2.95,0.00,1.95,4.15,POS,1.41,4.04,1.61,93
DIST,4,AN0,8A94,2.95,5.89,1.95,2.27,AN1,0323,-0.09,6.04,1.95,2.30,AN2,189B,0.00,0.00,1.95,4.05,AN3,C32D,2.95,0.00,1.95,4.17,POS,1.39,4.05,1.59,88
DIST,4,AN0,8A94,2.95,5.89,1.95,2.29,AN1,0323,-0.09,6.04,1.95,2.35,AN2,189B,0.00,0.00,1.95,4.08,AN3,C32D,2.95,0.00,1.95,4.22,POS,1.37,4.05,1.59,88
DIST,4,AN0,8A94,2.95,5.89,1.95,2.28,AN1,0323,-0.09,6.04,1.95,2.34,AN2,189B,0.00,0.00,1.95,4.11,AN3,C32D,2.95,0.00,1.95,4.14,POS,1.38,4.05,1.58,90
DIST,4,AN0,8A94,2.95,5.89,1.95,2.32,AN1,0323,-0.09,6.04,1.95,2.32,AN2,189B,0.00,0.00,1.95,4.14,AN3,C32D,2.95,0.00,1.95,4.11,POS,1.37,4.03,1.60,90
DIST,4,AN0,8A94,2.95,5.89,1.95,2.28,AN1,0323,-0.09,6.04,1.95,2.29,AN2,189B,0.00,0.00,1.95,4.09,AN3,C32D,2.95,0.00,1.95,4.20,POS,1.36,4.04,1.59,88
DIST,4,AN0,8A94,2.95,5.89,1.95,2.29,AN1,0323,-0.09,6.04,1.95,2.30,AN2,189B,0.00,0.00,1.95,4.14,AN3,C32D,2.95,0.00,1.95,4.12,POS,1.39,4.06,1.49,83
DIST,4,AN0,8A94,2.95,5.89,1.95,2.27,AN1,0323,-0.09,6.04,1.95,2.31,AN2,189B,0.00,0.00,1.95,4.13,AN3,C32D,2.95,0.00,1.95,4.16,POS,1.39,4.06,1.52,90
DIST,4,AN0,8A94,2.95,5.89,1.95,2.31,AN1,0323,-0.09,6.04,1.95,2.31,AN2,189B,0.00,0.00,1.95,4.12,AN3,C32D,2.95,0.00,1.95,4.21,POS,1.38,4.06,1.48,85
DIST,4,AN0,8A94,2.95,5.89,1.95,2.27,AN1,0323,-0.09,6.04,1.95,2.34,AN2,189B,0.00,0.00,1.95,4.13,AN3,C32D,2.95,0.00,1.95,4.14,POS,1.39,4.06,1.51,91
DIST,4,AN0,8A94,2.95,5.89,1.95,2.30,AN1,0323,-0.09,6.04,1.95,2.27,AN2,189B,0.00,0.00,1.95,4.14,AN3,C32D,2.95,0.00,1.95,4.19,POS,1.39,4.07,1.54,90
DIST,4,AN0,8A94,2.95,5.89,1.95,2.27,AN1,0323,-0.09,6.04,1.95,2.35,AN2,189B,0.00,0.00,1.95,4.16,AN3,C32D,2.95,0.00,1.95,4.06,POS,1.45,4.08,1.50,85
DIST,4,AN0,8A94,2.95,5.89,1.95,2.24,AN1,0323,-0.09,6.04,1.95,2.32,AN2,189B,0.00,0.00,1.95,4.18,AN3,C32D,2.95,0.00,1.95,4.22,POS,1.44,4.09,1.47,86
DIST,4,AN0,8A94,2.95,5.89,1.95,2.25,AN1,0323,-0.09,6.04,1.95,2.30,AN2,189B,0.00,0.00,1.95,4.16,AN3,C32D,2.95,0.00,1.95,4.15,POS,1.46,4.10,1.39,82
DIST,4,AN0,8A94,2.95,5.89,1.95,2.24,AN1,0323,-0.09,6.04,1.95,2.28,AN2,189B,0.00,0.00,1.95,4.15,AN3,C32D,2.95,0.00,1.95,4.12,POS,1.47,4.10,1.37,85
DIST,4,AN0,8A94,2.95,5.89,1.95,2.30,AN1,0323,-0.09,6.04,1.95,2.30,AN2,189B,0.00,0.00,1.95,4.16,AN3,C32D,2.95,0.00,1.95,4.17,POS,1.47,4.10,1.44,92
DIST,4,AN0,8A94,2.95,5.89,1.95,2.33,AN1,0323,-0.09,6.04,1.95,2.33,AN2,189B,0.00,0.00,1.95,4.13,AN3,C32D,2.95,0.00,1.95,4.22,POS,1.44,4.09,1.41,84
DIST,4,AN0,8A94,2.95,5.89,1.95,2.30,AN1,0323,-0.09,6.04,1.95,2.28,AN2,189B,0.00,0.00,1.95,4.10,AN3,C32D,2.95,0.00,1.95,4.05,POS,1.46,4.09,1.44,89
DIST,4,AN0,8A94,2.95,5.89,1.95,2.28,AN1,0323,-0.09,6.04,1.95,2.30,AN2,189B,0.00,0.00,1.95,4.14,AN3,C32D,2.95,0.00,1.95,4.18,POS,1.44,4.09,1.47,89
DIST,4,AN0,8A94,2.95,5.89,1.95,2.28,AN1,0323,-0.09,6.04,1.95,2.34,AN2,189B,0.00,0.00,1.95,4.12,AN3,C32D,2.95,0.00,1.95,4.16,POS,1.43,4.08,1.46,88
DIST,4,AN0,8A94,2.95,5.89,1.95,2.29,AN1,0323,-0.09,6.04,1.95,2.32,AN2,189B,0.00,0.00,1.95,4.08,AN3,C32D,2.95,0.00,1.95,4.11,POS,1.43,4.07,1.47,89
DIST,4,AN0,8A94,2.95,5.89,1.95,2.27,AN1,0323,-0.09,6.04,1.95,2.32,AN2,189B,0.00,0.00,1.95,4.12,AN3,C32D,2.95,0.00,1.95,4.13,POS,1.44,4.07,1.56,94
DIST,4,AN0,8A94,2.95,5.89,1.95,2.30,AN1,0323,-0.09,6.04,1.95,2.30,AN2,189B,0.00,0.00,1.95,4.09,AN3,C32D,2.95,0.00,1.95,4.13,POS,1.42,4.06,1.53,88
DIST,4,AN0,8A94,2.95,5.89,1.95,2.30,AN1,0323,-0.09,6.04,1.95,2.35,AN2,189B,0.00,0.00,1.95,4.11,AN3,C32D,2.95,0.00,1.95,4.13,POS,1.42,4.06,1.54,90
DIST,4,AN0,8A94,2.95,5.89,1.95,2.30,AN1,0323,-0.09,6.04,1.95,2.36,AN2,189B,0.00,0.00,1.95,4.13,AN3,C32D,2.95,0.00,1.95,4.12,POS,1.43,4.06,1.57,93
DIST,4,AN0,8A94,2.95,5.89,1.95,2.29,AN1,0323,-0.09,6.04,1.95,2.40,AN2,189B,0.00,0.00,1.95,4.10,AN3,C32D,2.95,0.00,1.95,4.10,POS,1.44,4.05,1.55,90
DIST,4,AN0,8A94,2.95,5.89,1.95,2.31,AN1,0323,-0.09,6.04,1.95,2.33,AN2,189B,0.00,0.00,1.95,4.10,AN3,C32D,2.95,0.00,1.95,4.15,POS,1.42,4.05,1.54,89
DIST,4,AN0,8A94,2.95,5.89,1.95,2.29,AN1,0323,-0.09,6.04,1.95,2.30,AN2,189B,0.00,0.00,1.95,4.08,AN3,C32D,2.95,0.00,1.95,4.10,POS,1.42,4.05,1.47,83
DIST,4,AN0,8A94,2.95,5.89,1.95,2.28,AN1,0323,-0.09,6.04,1.95,2.33,AN2,189B,0.00,0.00,1.95,4.10,AN3,C32D,2.95,0.00,1.95,4.14,POS,1.41,4.05,1.49,90
DIST,4,AN0,8A94,2.95,5.89,1.95,2.28,AN1,0323,-0.09,6.04,1.95,2.33,AN2,189B,0.00,0.00,1.95,4.09,AN3,C32D,2.95,0.00,1.95,4.18,POS,1.40,4.05,1.50,88
DIST,4,AN0,8A94,2.95,5.89,1.95,2.30,AN1,0323,-0.09,6.04,1.95,2.31,AN2,189B,0.00,0.00,1.95,4.05,AN3,C32D,2.95,0.00,1.95,4.14,POS,1.38,4.04,1.53,90
