DIST,4,AN0,C32D,2.95,0.00,1.95,1.32,AN1,189B,0.00,0.00,1.95,1.64,AN2,8A94,2.95,5.89,1.95,5.44,AN3,0323,-0.09,6.04,1.95,5.56,POS,1.61,0.60,1.43,53
DIST,4,AN0,C32D,2.95,0.00,1.95,1.33,AN1,189B,0.00,0.00,1.95,1.60,AN2,8A94,2.95,5.89,1.95,5.42,AN3,0323,-0.09,6.04,1.95,5.53,POS,1.61,0.60,1.44,56
DIST,4,AN0,C32D,2.95,0.00,1.95,1.32,AN1,189B,0.00,0.00,1.95,1.60,AN2,8A94,2.95,5.89,1.95,5.42,AN3,0323,-0.09,6.04,1.95,5.56,POS,1.62,0.59,1.44,57
DIST,4,AN0,C32D,2.95,0.00,1.95,1.30,AN1,189B,0.00,0.00,1.95,1.63,AN2,8A94,2.95,5.89,1.95,5.49,AN3,0323,-0.09,6.04,1.95,5.49,POS,1.63,0.61,1.46,57
DIST,4,AN0,C32D,2.95,0.00,1.95,1.32,AN1,189B,0.00,0.00,1.95,1.63,AN2,8A94,2.95,5.89,1.95,5.46,AN3,0323,-0.09,6.04,1.95,5.58,POS,1.63,0.59,1.45,55
DIST,4,AN0,C32D,2.95,0.00,1.95,1.35,AN1,189B,0.00,0.00,1.95,1.62,AN2,8A94,2.95,5.89,1.95,5.51,AN3,0323,-0.09,6.04,1.95,5.56,POS,1.63,0.59,1.43,52
DIST,4,AN0,C32D,2.95,0.00,1.95,1.30,AN1,189B,0.00,0.00,1.95,1.62,AN2,8A94,2.95,5.89,1.95,5.45,AN3,0323,-0.09,6.04,1.95,5.64,POS,1.62,0.56,1.42,58
DIST,4,AN0,C32D,2.95,0.00,1.95,1.33,AN1,189B,0.00,0.00,1.95,1.65,AN2,8A94,2.95,5.89,1.95,5.50,AN3,0323,-0.09,6.04,1.95,5.50,POS,1.63,0.58,1.42,52
DIST,4,AN0,C32D,2.95,0.00,1.95,1.31,AN1,189B,0.00,0.00,1.95,1.66,AN2,8A94,2.95,5.89,1.95,5.44,AN3,0323,-0.09,6.04,1.95,5.62,POS,1.60,0.53,1.41,65
DIST,4,AN0,C32D,2.95,0.00,1.95,1.30,AN1,189B,0.00,0.00,1.95,1.61,AN2,8A94,2.95,5.89,1.95,5.42,AN3,0323,-0.09,6.04,1.95,5.55,POS,1.61,0.54,1.43,58
DIST,4,AN0,C32D,2.95,0.00,1.95,1.30,AN1,189B,0.00,0.00,1.95,1.63,AN2,8A94,2.95,5.89,1.95,5.42,AN3,0323,-0.09,6.04,1.95,5.51,POS,1.62,0.56,1.45,57
DIST,4,AN0,C32D,2.95,0.00,1.95,1.31,AN1,189B,0.00,0.00,1.95,1.64,AN2,8A94,2.95,5.89,1.95,5.38,AN3,0323,-0.09,6.04,1.95,5.67,POS,1.64,0.54,1.44,60
DIST,4,AN0,C32D,2.95,0.00,1.95,1.36,AN1,189B,0.00,0.00,1.95,1.65,AN2,8A94,2.95,5.89,1.95,5.45,AN3,0323,-0.09,6.04,1.95,5.51,POS,1.64,0.56,1.42,50
DIST,4,AN0,C32D,2.95,0.00,1.95,1.31,AN1,189B,0.00,0.00,1.95,1.67,AN2,8A94,2.95,5.89,1.95,5.44,AN3,0323,-0.09,6.04,1.95,5.54,POS,1.65,0.57,1.42,51
DIST,4,AN0,C32D,2.95,0.00,1.95,1.26,AN1,189B,0.00,0.00,1.95,1.64,AN2,8A94,2.95,5.89,1.95,5.49,AN3,0323,-0.09,6.04,1.95,5.46,POS,1.66,0.60,1.48,58
DIST,4,AN0,C32D,2.95,0.00,1.95,1.31,AN1,189B,0.00,0.00,1.95,1.67,AN2,8A94,2.95,5.89,1.95,5.39,AN3,0323,-0.09,6.04,1.95,5.51,POS,1.66,0.61,1.46,51
DIST,4,AN0,C32D,2.95,0.00,1.95,1.33,AN1,189B,0.00,0.00,1.95,1.63,AN2,8A94,2.95,5.89,1.95,5.46,AN3,0323,-0.09,6.04,1.95,5.50,POS,1.66,0.61,1.46,53
DIST,4,AN0,C32D,2.95,0.00,1.95,1.42,AN1,189B,0.00,0.00,1.95,1.60,AN2,8A94,2.95,5.89,1.95,5.47,AN3,0323,-0.09,6.04,1.95,5.57,POS,1.64,0.61,1.54,67
DIST,4,AN0,C32D,2.95,0.00,1.95,1.41,AN1,189B,0.00,0.00,1.95,1.49,AN2,8A94,2.95,5.89,1.95,5.52,AN3,0323,-0.09,6.04,1.95,5.50,POS,1.61,0.61,1.53,59
DIST,4,AN0,C32D,2.95,0.00,1.95,1.44,AN1,189B,0.00,0.00,1.95,1.53,AN2,8A94,2.95,5.89,1.95,5.51,AN3,0323,-0.09,6.04,1.95,5.52,POS,1.59,0.60,1.49,52
DIST,4,AN0,C32D,2.95,0.00,1.95,1.46,AN1,189B,0.00,0.00,1.95,1.52,AN2,8A94,2.95,5.89,1.95,5.39,AN3,0323,-0.09,6.04,1.95,5.45,POS,1.57,0.61,1.48,56
DIST,4,AN0,C32D,2.95,0.00,1.95,1.47,AN1,189B,0.00,0.00,1.95,1.66,AN2,8A94,2.95,5.89,1.95,5.18,AN3,0323,-0.09,6.04,1.95,5.27,POS,1.57,0.67,1.48,64
DIST,4,AN0,C32D,2.95,0.00,1.95,1.55,AN1,189B,0.00,0.00,1.95,1.61,AN2,8A94,2.95,5.89,1.95,5.13,AN3,0323,-0.09,6.04,1.95,5.22,POS,1.52,0.69,1.47,57
DIST,4,AN0,C32D,2.95,0.00,1.95,1.61,AN1,189B,0.00,0.00,1.95,1.66,AN2,8A94,2.95,5.89,1.95,5.06,AN3,0323,-0.09,6.04,1.95,5.20,POS,1.49,0.73,1.48,67
DIST,4,AN0,C32D,2.95,0.00,1.95,1.61,AN1,189B,0.00,0.00,1.95,1.57,AN2,8A94,2.95,5.89,1.95,5.15,AN3,0323,-0.09,6.04,1.95,5.08,POS,1.48,0.80,1.55,76
DIST,4,AN0,C32D,2.95,0.00,1.95,1.56,AN1,189B,0.00,0.00,1.95,1.64,AN2,8A94,2.95,5.89,1.95,5.13,AN3,0323,-0.09,6.04,1.95,5.11,POS,1.49,0.85,1.58,73
DIST,4,AN0,C32D,2.95,0.00,1.95,1.57,AN1,189B,0.00,0.00,1.95,1.73,AN2,8A94,2.95,5.89,1.95,5.13,AN3,0323,-0.09,6.04,1.95,5.17,POS,1.51,0.88,1.53,66
DIST,4,AN0,C32D,2.95,0.00,1.95,1.62,AN1,189B,0.00,0.00,1.95,1.70,AN2,8A94,2.95,5.89,1.95,5.13,AN3,0323,-0.09,6.04,1.95,5.02,POS,1.52,0.93,1.56,76
DIST,4,AN0,C32D,2.95,0.00,1.95,1.56,AN1,189B,0.00,0.00,1.95,1.72,AN2,8A94,2.95,5.89,1.95,5.11,AN3,0323,-0.09,6.04,1.95,5.08,POS,1.53,0.96,1.57,73
DIST,4,AN0,C32D,2.95,0.00,1.95,1.55,AN1,189B,0.00,0.00,1.95,1.76,AN2,8A94,2.95,5.89,1.95,5.02,AN3,0323,-0.09,6.04,1.95,5.02,POS,1.55,1.00,1.62,76
DIST,4,AN0,C32D,2.95,0.00,1.95,1.52,AN1,189B,0.00,0.00,1.95,1.71,AN2,8A94,2.95,5.89,1.95,5.09,AN3,0323,-0.09,6.04,1.95,5.03,POS,1.56,1.00,1.54,65
DIST,4,AN0,C32D,2.95,0.00,1.95,1.51,AN1,189B,0.00,0.00,1.95,1.70,AN2,8A94,2.95,5.89,1.95,5.10,AN3,0323,-0.09,6.04,1.95,5.08,POS,1.57,1.01,1.62,74
DIST,4,AN0,C32D,2.95,0.00,1.95,1.56,AN1,189B,0.00,0.00,1.95,1.71,AN2,8A94,2.95,5.89,1.95,5.09,AN3,0323,-0.09,6.04,1.95,4.99,POS,1.57,1.02,1.54,67
DIST,4,AN0,C32D,2.95,0.00,1.95,1.57,AN1,189B,0.00,0.00,1.95,1.71,AN2,8A94,2.95,5.89,1.95,5.12,AN3,0323,-0.09,6.04,1.95,5.05,POS,1.57,1.04,1.57,75
DIST,3,AN0,C32D,2.95,0.00,1.95,1.60,AN1,189B,0.00,0.00,1.95,1.70,AN2,8A94,2.95,5.89,1.95,5.09,POS,1.56,1.00,1.60,70
DIST,4,AN0,C32D,2.95,0.00,1.95,1.54,AN1,189B,0.00,0.00,1.95,1.68,AN2,8A94,2.95,5.89,1.95,5.08,AN3,0323,-0.09,6.04,1.95,5.01,POS,1.56,1.01,1.53,67
DIST,4,AN0,C32D,2.95,0.00,1.95,1.57,AN1,189B,0.00,0.00,1.95,1.68,AN2,8A94,2.95,5.89,1.95,5.07,AN3,0323,-0.09,6.04,1.95,5.01,POS,1.56,1.02,1.46,66
DIST,4,AN0,C32D,2.95,0.00,1.95,1.61,AN1,189B,0.00,0.00,1.95,1.69,AN2,8A94,2.95,5.89,1.95,5.08,AN3,0323,-0.09,6.04,1.95,4.98,POS,1.55,1.03,1.41,67
DIST,4,AN0,C32D,2.95,0.00,1.95,1.62,AN1,189B,0.00,0.00,1.95,1.69,AN2,8A94,2.95,5.89,1.95,5.12,AN3,0323,-0.09,6.04,1.95,4.99,POS,1.54,1.05,1.49,78
DIST,4,AN0,C32D,2.95,0.00,1.95,1.61,AN1,189B,0.00,0.00,1.95,1.69,AN2,8A94,2.95,5.89,1.95,5.10,AN3,0323,-0.09,6.04,1.95,4.97,POS,1.54,1.05,1.43,67
DIST,4,AN0,C32D,2.95,0.00,1.95,1.62,AN1,189B,0.00,0.00,1.95,1.67,AN2,8A94,2.95,5.89,1.95,5.09,AN3,0323,-0.09,6.04,1.95,5.05,POS,1.53,1.05,1.47,75
DIST,4,AN0,C32D,2.95,0.00,1.95,1.63,AN1,189B,0.00,0.00,1.95,1.67,AN2,8A94,2.95,5.89,1.95,5.08,AN3,0323,-0.09,6.04,1.95,4.96,POS,1.52,1.06,1.42,68
DIST,4,AN0,C32D,2.95,0.00,1.95,1.64,AN1,189B,0.00,0.00,1.95,1.70,AN2,8A94,2.95,5.89,1.95,5.19,AN3,0323,-0.09,6.04,1.95,5.06,POS,1.52,1.06,1.44,73
DIST,4,AN0,C32D,2.95,0.00,1.95,1.61,AN1,189B,0.00,0.00,1.95,1.68,AN2,8A94,2.95,5.89,1.95,5.13,AN3,0323,-0.09,6.04,1.95,5.01,POS,1.52,1.06,1.51,77
DIST,4,AN0,C32D,2.95,0.00,1.95,1.63,AN1,189B,0.00,0.00,1.95,1.63,AN2,8A94,2.95,5.89,1.95,5.07,AN3,0323,-0.09,6.04,1.95,5.04,POS,1.51,1.06,1.55,77
DIST,4,AN0,C32D,2.95,0.00,1.95,1.62,AN1,189B,0.00,0.00,1.95,1.66,AN2,8A94,2.95,5.89,1.95,5.14,AN3,0323,-0.09,6.04,1.95,5.05,POS,1.51,1.06,1.56,75
DIST,4,AN0,C32D,2.95,0.00,1.95,1.61,AN1,189B,0.00,0.00,1.95,1.69,AN2,8A94,2.95,5.89,1.95,5.17,AN3,0323,-0.09,6.04,1.95,5.12,POS,1.51,1.04,1.53,70
DIST,4,AN0,C32D,2.95,0.00,1.95,1.61,AN1,189B,0.00,0.00,1.95,1.62,AN2,8A94,2.95,5.89,1.95,5.07,AN3,0323,-0.09,6.04,1.95,4.99,POS,1.50,1.04,1.47,68
DIST,4,AN0,C32D,2.95,0.00,1.95,1.63,AN1,189B,0.00,0.00,1.95,1.62,AN2,8A94,2.95,5.89,1.95,5.09,AN3,0323,-0.09,6.04,1.95,5.05,POS,1.50,1.04,1.52,77
DIST,4,AN0,C32D,2.95,0.00,1.95,1.62,AN1,189B,0.00,0.00,1.95,1.65,AN2,8A94,2.95,5.89,1.95,5.18,AN3,0323,-0.09,6.04,1.95,5.06,POS,1.50,1.04,1.54,74
DIST,4,AN0,C32D,2.95,0.00,1.95,1.65,AN1,189B,0.00,0.00,1.95,1.63,AN2,8A94,2.95,5.89,1.95,5.10,AN3,0323,-0.09,6.04,1.95,5.00,POS,1.49,1.05,1.59,79
DIST,4,AN0,C32D,2.95,0.00,1.95,1.76,AN1,189B,0.00,0.00,1.95,1.60,AN2,8A94,2.95,5.89,1.95,5.10,AN3,0323,-0.09,6.04,1.95,5.03,POS,1.46,1.05,1.55,71
DIST,4,AN0,189B,0.00,0.00,1.95,1.69,AN1,C32D,2.95,0.00,1.95,1.75,AN2,8A94,2.95,5.89,1.95,4.95,AN3,0323,-0.09,6.04,1.95,4.98,POS,1.40,1.03,1.51,62
DIST,4,AN0,189B,0.00,0.00,1.95,1.77,AN1,C32D,2.95,0.00,1.95,1.79,AN2,8A94,2.95,5.89,1.95,4.75,AN3,0323,-0.09,6.04,1.95,4.82,POS,1.38,1.06,1.48,71
DIST,4,AN0,189B,0.00,0.00,1.95,1.79,AN1,C32D,2.95,0.00,1.95,1.93,AN2,8A94,2.95,5.89,1.95,4.69,AN3,0323,-0.09,6.04,1.95,4.72,POS,1.34,1.11,1.42,69
DIST,4,AN0,189B,0.00,0.00,1.95,1.89,AN1,C32D,2.95,0.00,1.95,1.96,AN2,8A94,2.95,5.89,1.95,4.58,AN3,0323,-0.09,6.04,1.95,4.65,POS,1.34,1.18,1.52,83
DIST,4,AN0,189B,0.00,0.00,1.95,1.97,AN1,C32D,2.95,0.00,1.95,1.96,AN2,8A94,2.95,5.89,1.95,4.61,AN3,0323,-0.09,6.04,1.95,4.55,POS,1.37,1.28,1.56,89
DIST,4,AN0,189B,0.00,0.00,1.95,1.99,AN1,C32D,2.95,0.00,1.95,1.93,AN2,8A94,2.95,5.89,1.95,4.56,AN3,0323,-0.09,6.04,1.95,4.60,POS,1.35,1.30,1.52,76
DIST,4,AN0,189B,0.00,0.00,1.95,1.99,AN1,C32D,2.95,0.00,1.95,1.93,AN2,8A94,2.95,5.89,1.95,4.58,AN3,0323,-0.09,6.04,1.95,4.58,POS,1.39,1.36,1.55,87
DIST,4,AN0,189B,0.00,0.00,1.95,2.00,AN1,C32D,2.95,0.00,1.95,1.97,AN2,8A94,2.95,5.89,1.95,4.54,AN3,0323,-0.09,6.04,1.95,4.47,POS,1.42,1.42,1.47,81
DIST,4,AN0,189B,0.00,0.00,1.95,2.00,AN1,C32D,2.95,0.00,1.95,1.95,AN2,8A94,2.95,5.89,1.95,4.59,AN3,0323,-0.09,6.04,1.95,4.60,POS,1.44,1.45,1.49,85
DIST,4,AN0,189B,0.00,0.00,1.95,1.99,AN1,C32D,2.95,0.00,1.95,1.93,AN2,8A94,2.95,5.89,1.95,4.57,AN3,0323,-0.09,6.04,1.95,4.52,POS,1.46,1.48,1.43,79
DIST,3,AN0,189B,0.00,0.00,1.95,1.98,AN1,8A94,2.95,5.89,1.95,4.56,AN2,0323,-0.09,6.04,1.95,4.50,POS,1.38,1.52,1.41,89
DIST,4,AN0,189B,0.00,0.00,1.95,1.97,AN1,C32D,2.95,0.00,1.95,1.96,AN2,8A94,2.95,5.89,1.95,4.62,AN3,0323,-0.09,6.04,1.95,4.55,POS,1.41,1.53,1.48,89
DIST,4,AN0,189B,0.00,0.00,1.95,1.96,AN1,C32D,2.95,0.00,1.95,1.96,AN2,8A94,2.95,5.89,1.95,4.64,AN3,0323,-0.09,6.04,1.95,4.60,POS,1.42,1.53,1.49,86
DIST,4,AN0,189B,0.00,0.00,1.95,1.94,AN1,C32D,2.95,0.00,1.95,1.93,AN2,8A94,2.95,5.89,1.95,4.64,AN3,0323,-0.09,6.04,1.95,4.55,POS,1.44,1.52,1.42,78
DIST,4,AN0,189B,0.00,0.00,1.95,1.92,AN1,C32D,2.95,0.00,1.95,1.94,AN2,8A94,2.95,5.89,1.95,4.65,AN3,0323,-0.09,6.04,1.95,4.50,POS,1.44,1.53,1.39,81
DIST,4,AN0,189B,0.00,0.00,1.95,1.94,AN1,C32D,2.95,0.00,1.95,1.93,AN2,8A94,2.95,5.89,1.95,4.66,AN3,0323,-0.09,6.04,1.95,4.54,POS,1.45,1.53,1.35,79
DIST,4,AN0,189B,0.00,0.00,1.95,1.94,AN1,C32D,2.95,0.00,1.95,1.87,AN2,8A94,2.95,5.89,1.95,4.64,AN3,0323,-0.09,6.04,1.95,4.57,POS,1.47,1.52,1.33,79
DIST,4,AN0,189B,0.00,0.00,1.95,1.91,AN1,C32D,2.95,0.00,1.95,1.94,AN2,8A94,2.95,5.89,1.95,4.64,AN3,0323,-0.09,6.04,1.95,4.55,POS,1.47,1.51,1.30,78
DIST,4,AN0,189B,0.00,0.00,1.95,1.92,AN1,C32D,2.95,0.00,1.95,1.99,AN2,8A94,2.95,5.89,1.95,4.65,AN3,0323,-0.09,6.04,1.95,4.56,POS,1.46,1.52,1.39,87
DIST,4,AN0,189B,0.00,0.00,1.95,1.91,AN1,C32D,2.95,0.00,1.95,2.00,AN2,8A94,2.95,5.89,1.95,4.62,AN3,0323,-0.09,6.04,1.95,4.55,POS,1.45,1.52,1.46,87
DIST,4,AN0,189B,0.00,0.00,1.95,1.96,AN1,C32D,2.95,0.00,1.95,2.02,AN2,8A94,2.95,5.89,1.95,4.50,AN3,0323,-0.09,6.04,1.95,4.50,POS,1.39,1.51,1.45,77
DIST,4,AN0,189B,0.00,0.00,1.95,1.97,AN1,C32D,2.95,0.00,1.95,2.07,AN2,8A94,2.95,5.89,1.95,4.54,AN3,0323,-0.09,6.04,1.95,4.46,POS,1.39,1.54,1.50,88
DIST,4,AN0,189B,0.00,0.00,1.95,2.13,AN1,C32D,2.95,0.00,1.95,2.20,AN2,8A94,2.95,5.89,1.95,4.34,AN3,0323,-0.09,6.04,1.95,4.41,POS,1.39,1.57,1.47,85
DIST,4,AN0,189B,0.00,0.00,1.95,2.23,AN1,C32D,2.95,0.00,1.95,2.26,AN2,8A94,2.95,5.89,1.95,4.19,AN3,0323,-0.09,6.04,1.95,4.25,POS,1.37,1.64,1.54,90
DIST,4,AN0,189B,0.00,0.00,1.95,2.30,AN1,C32D,2.95,0.00,1.95,2.26,AN2,8A94,2.95,5.89,1.95,4.19,AN3,0323,-0.09,6.04,1.95,4.18,POS,1.40,1.72,1.57,93
DIST,4,AN0,189B,0.00,0.00,1.95,2.36,AN1,C32D,2.95,0.00,1.95,2.38,AN2,8A94,2.95,5.89,1.95,4.09,AN3,0323,-0.09,6.04,1.95,4.06,POS,1.35,1.77,1.50,83
DIST,4,AN0,189B,0.00,0.00,1.95,2.35,AN1,C32D,2.95,0.00,1.95,2.37,AN2,8A94,2.95,5.89,1.95,4.11,AN3,0323,-0.09,6.04,1.95,4.09,POS,1.31,1.80,1.44,82
DIST,4,AN0,189B,0.00,0.00,1.95,2.31,AN1,C32D,2.95,0.00,1.95,2.37,AN2,8A94,2.95,5.89,1.95,4.11,AN3,0323,-0.09,6.04,1.95,4.08,POS,1.28,1.83,1.42,83
DIST,4,AN0,189B,0.00,0.00,1.95,2.31,AN1,C32D,2.95,0.00,1.95,2.37,AN2,8A94,2.95,5.89,1.95,4.10,AN3,0323,-0.09,6.04,1.95,4.10,POS,1.32,1.88,1.46,93
DIST,4,AN0,189B,0.00,0.00,1.95,2.35,AN1,C32D,2.95,0.00,1.95,2.29,AN2,8A94,2.95,5.89,1.95,4.14,AN3,0323,-0.09,6.04,1.95,4.16,POS,1.37,1.91,1.50,93
DIST,4,AN0,189B,0.00,0.00,1.95,2.36,AN1,C32D,2.95,0.00,1.95,2.37,AN2,8A94,2.95,5.89,1.95,4.07,AN3,0323,-0.09,6.04,1.95,4.10,POS,1.40,1.95,1.50,93
DIST,4,AN0,189B,0.00,0.00,1.95,2.30,AN1,C32D,2.95,0.00,1.95,2.41,AN2,8A94,2.95,5.89,1.95,4.11,AN3,0323,-0.09,6.04,1.95,4.13,POS,1.36,1.95,1.52,89
DIST,4,AN0,189B,0.00,0.00,1.95,2.30,AN1,C32D,2.95,0.00,1.95,2.37,AN2,8A94,2.95,5.89,1.95,4.13,AN3,0323,-0.09,6.04,1.95,4.16,POS,1.34,1.94,1.54,89
DIST,4,AN0,189B,0.00,0.00,1.95,2.30,AN1,C32D,2.95,0.00,1.95,2.35,AN2,8A94,2.95,5.89,1.95,4.11,AN3,0323,-0.09,6.04,1.95,4.03,POS,1.36,1.97,1.46,87
DIST,4,AN0,189B,0.00,0.00,1.95,2.35,AN1,C32D,2.95,0.00,1.95,2.34,AN2,8A94,2.95,5.89,1.95,4.11,AN3,0323,-0.09,6.04,1.95,4.04,POS,1.39,1.99,1.40,86
DIST,4,AN0,189B,0.00,0.00,1.95,2.40,AN1,C32D,2.95,0.00,1.95,2.27,AN2,8A94,2.95,5.89,1.95,4.12,AN3,0323,-0.09,6.04,1.95,4.07,POS,1.44,2.01,1.36,86
DIST,4,AN0,189B,0.00,0.00,1.95,2.34,AN1,C32D,2.95,0.00,1.95,2.35,AN2,8A94,2.95,5.89,1.95,4.12,AN3,0323,-0.09,6.04,1.95,4.04,POS,1.45,2.02,1.32,85
DIST,4,AN0,189B,0.00,0.00,1.95,2.35,AN1,C32D,2.95,0.00,1.95,2.32,AN2,8A94,2.95,5.89,1.95,4.13,AN3,0323,-0.09,6.04,1.95,4.10,POS,1.46,2.03,1.41,95
DIST,4,AN0,189B,0.00,0.00,1.95,2.38,AN1,C32D,2.95,0.00,1.95,2.26,AN2,8A94,2.95,5.89,1.95,4.06,AN3,0323,-0.09,6.04,1.95,4.08,POS,1.49,2.03,1.38,86
DIST,4,AN0,C32D,2.95,0.00,1.95,2.32,AN1,189B,0.00,0.00,1.95,2.39,AN2,8A94,2.95,5.89,1.95,4.07,AN3,0323,-0.09,6.04,1.95,4.15,POS,1.45,2.01,1.49,93
DIST,4,AN0,189B,0.00,0.00,1.95,2.34,AN1,C32D,2.95,0.00,1.95,2.26,AN2,8A94,2.95,5.89,1.95,4.09,AN3,0323,-0.09,6.04,1.95,4.09,POS,1.47,2.01,1.43,86
DIST,4,AN0,189B,0.00,0.00,1.95,2.40,AN1,C32D,2.95,0.00,1.95,2.37,AN2,8A94,2.95,5.89,1.95,4.10,AN3,0323,-0.09,6.04,1.95,4.10,POS,1.48,2.03,1.45,92
DIST,4,AN0,C32D,2.95,0.00,1.95,2.34,AN1,189B,0.00,0.00,1.95,2.41,AN2,8A94,2.95,5.89,1.95,4.17,AN3,0323,-0.09,6.04,1.95,4.04,POS,1.49,2.04,1.38,85
DIST,4,AN0,C32D,2.95,0.00,1.95,2.34,AN1,189B,0.00,0.00,1.95,2.37,AN2,8A94,2.95,5.89,1.95,4.08,AN3,0323,-0.09,6.04,1.95,4.08,POS,1.50,2.05,1.46,95
DIST,4,AN0,C32D,2.95,0.00,1.95,2.40,AN1,189B,0.00,0.00,1.95,2.38,AN2,8A94,2.95,5.89,1.95,4.01,AN3,0323,-0.09,6.04,1.95,4.00,POS,1.49,2.06,1.39,86
DIST,4,AN0,C32D,2.95,0.00,1.95,2.60,AN1,189B,0.00,0.00,1.95,2.55,AN2,8A94,2.95,5.89,1.95,3.93,AN3,0323,-0.09,6.04,1.95,3.81,POS,1.47,2.13,1.47,97
DIST,4,AN0,189B,0.00,0.00,1.95,2.64,AN1,C32D,2.95,0.00,1.95,2.68,AN2,8A94,2.95,5.89,1.95,3.71,AN3,0323,-0.09,6.04,1.95,3.72,POS,1.42,2.18,1.40,86
DIST,4,AN0,189B,0.00,0.00,1.95,2.74,AN1,C32D,2.95,0.00,1.95,2.72,AN2,8A94,2.95,5.89,1.95,3.64,AN3,0323,-0.09,6.04,1.95,3.65,POS,1.44,2.27,1.52,99
DIST,4,AN0,189B,0.00,0.00,1.95,2.73,AN1,C32D,2.95,0.00,1.95,2.74,AN2,8A94,2.95,5.89,1.95,3.59,AN3,0323,-0.09,6.04,1.95,3.62,POS,1.40,2.31,1.44,88
DIST,4,AN0,189B,0.00,0.00,1.95,2.74,AN1,C32D,2.95,0.00,1.95,2.79,AN2,8A94,2.95,5.89,1.95,3.63,AN3,0323,-0.09,6.04,1.95,3.76,POS,1.41,2.35,1.38,89
DIST,4,AN0,189B,0.00,0.00,1.95,2.73,AN1,C32D,2.95,0.00,1.95,2.74,AN2,8A94,2.95,5.89,1.95,3.64,AN3,0323,-0.09,6.04,1.95,3.67,POS,1.38,2.37,1.47,96
DIST,4,AN0,189B,0.00,0.00,1.95,2.74,AN1,C32D,2.95,0.00,1.95,2.72,AN2,8A94,2.95,5.89,1.95,3.69,AN3,0323,-0.09,6.04,1.95,3.76,POS,1.37,2.37,1.46,92
DIST,4,AN0,189B,0.00,0.00,1.95,2.75,AN1,C32D,2.95,0.00,1.95,2.73,AN2,8A94,2.95,5.89,1.95,3.65,AN3,0323,-0.09,6.04,1.95,3.80,POS,1.40,2.38,1.41,89
DIST,4,AN0,189B,0.00,0.00,1.95,2.74,AN1,C32D,2.95,0.00,1.95,2.73,AN2,8A94,2.95,5.89,1.95,3.60,AN3,0323,-0.09,6.04,1.95,3.83,POS,1.43,2.39,1.39,91
DIST,4,AN0,189B,0.00,0.00,1.95,2.76,AN1,C32D,2.95,0.00,1.95,2.70,AN2,8A94,2.95,5.89,1.95,3.65,AN3,0323,-0.09,6.04,1.95,3.81,POS,1.45,2.39,1.37,90
DIST,4,AN0,189B,0.00,0.00,1.95,2.75,AN1,C32D,2.95,0.00,1.95,2.68,AN2,8A94,2.95,5.89,1.95,3.66,AN3,0323,-0.09,6.04,1.95,3.83,POS,1.46,2.39,1.35,91
DIST,4,AN0,189B,0.00,0.00,1.95,2.74,AN1,C32D,2.95,0.00,1.95,2.71,AN2,8A94,2.95,5.89,1.95,3.68,AN3,0323,-0.09,6.04,1.95,3.80,POS,1.46,2.39,1.34,91
DIST,4,AN0,189B,0.00,0.00,1.95,2.76,AN1,C32D,2.95,0.00,1.95,2.69,AN2,8A94,2.95,5.89,1.95,3.64,AN3,0323,-0.09,6.04,1.95,3.82,POS,1.48,2.39,1.33,90
DIST,4,AN0,C32D,2.95,0.00,1.95,2.74,AN1,189B,0.00,0.00,1.95,2.78,AN2,8A94,2.95,5.89,1.95,3.65,AN3,0323,-0.09,6.04,1.95,3.83,POS,1.48,2.40,1.47,98
DIST,4,AN0,C32D,2.95,0.00,1.95,2.73,AN1,189B,0.00,0.00,1.95,2.74,AN2,8A94,2.95,5.89,1.95,3.59,AN3,0323,-0.09,6.04,1.95,3.77,POS,1.48,2.41,1.43,91
DIST,4,AN0,C32D,2.95,0.00,1.95,2.71,AN1,189B,0.00,0.00,1.95,2.78,AN2,8A94,2.95,5.89,1.95,3.67,AN3,0323,-0.09,6.04,1.95,3.79,POS,1.47,2.41,1.41,91
DIST,4,AN0,189B,0.00,0.00,1.95,2.80,AN1,C32D,2.95,0.00,1.95,2.74,AN2,8A94,2.95,5.89,1.95,3.64,AN3,0323,-0.09,6.04,1.95,3.74,POS,1.44,2.41,1.41,93
DIST,4,AN0,189B,0.00,0.00,1.95,2.76,AN1,C32D,2.95,0.00,1.95,2.74,AN2,8A94,2.95,5.89,1.95,3.70,AN3,0323,-0.09,6.04,1.95,3.73,POS,1.41,2.41,1.44,93
DIST,4,AN0,189B,0.00,0.00,1.95,2.78,AN1,C32D,2.95,0.00,1.95,2.69,AN2,8A94,2.95,5.89,1.95,3.64,AN3,0323,-0.09,6.04,1.95,3.85,POS,1.44,2.41,1.53,98
DIST,4,AN0,189B,0.00,0.00,1.95,2.77,AN1,C32D,2.95,0.00,1.95,2.74,AN2,8A94,2.95,5.89,1.95,3.64,AN3,0323,-0.09,6.04,1.95,3.84,POS,1.46,2.42,1.63,98
DIST,4,AN0,189B,0.00,0.00,1.95,2.81,AN1,C32D,2.95,0.00,1.95,2.71,AN2,8A94,2.95,5.89,1.95,3.62,AN3,0323,-0.09,6.04,1.95,3.72,POS,1.44,2.42,1.61,95
DIST,4,AN0,189B,0.00,0.00,1.95,2.78,AN1,C32D,2.95,0.00,1.95,2.74,AN2,8A94,2.95,5.89,1.95,3.62,AN3,0323,-0.09,6.04,1.95,3.75,POS,1.45,2.42,1.55,92
DIST,4,AN0,189B,0.00,0.00,1.95,2.79,AN1,C32D,2.95,0.00,1.95,2.71,AN2,8A94,2.95,5.89,1.95,3.65,AN3,0323,-0.09,6.04,1.95,3.69,POS,1.47,2.45,1.56,96
DIST,4,AN0,189B,0.00,0.00,1.95,2.82,AN1,C32D,2.95,0.00,1.95,2.76,AN2,8A94,2.95,5.89,1.95,3.56,AN3,0323,-0.09,6.04,1.95,3.79,POS,1.49,2.46,1.48,89
DIST,4,AN0,C32D,2.95,0.00,1.95,2.66,AN1,189B,0.00,0.00,1.95,2.81,AN2,8A94,2.95,5.89,1.95,3.55,AN3,0323,-0.09,6.04,1.95,3.72,POS,1.49,2.46,1.57,98
DIST,4,AN0,C32D,2.95,0.00,1.95,2.67,AN1,189B,0.00,0.00,1.95,2.79,AN2,8A94,2.95,5.89,1.95,3.54,AN3,0323,-0.09,6.04,1.95,3.79,POS,1.51,2.46,1.52,92
DIST,4,AN0,C32D,2.95,0.00,1.95,2.71,AN1,189B,0.00,0.00,1.95,2.80,AN2,8A94,2.95,5.89,1.95,3.54,AN3,0323,-0.09,6.04,1.95,3.70,POS,1.51,2.46,1.54,96
DIST,4,AN0,C32D,2.95,0.00,1.95,2.76,AN1,189B,0.00,0.00,1.95,2.79,AN2,8A94,2.95,5.89,1.95,3.58,AN3,0323,-0.09,6.04,1.95,3.70,POS,1.50,2.46,1.52,94
DIST,4,AN0,C32D,2.95,0.00,1.95,2.75,AN1,189B,0.00,0.00,1.95,2.77,AN2,8A94,2.95,5.89,1.95,3.61,AN3,0323,-0.09,6.04,1.95,3.76,POS,1.49,2.46,1.46,90
DIST,4,AN0,C32D,2.95,0.00,1.95,2.77,AN1,189B,0.00,0.00,1.95,2.78,AN2,8A94,2.95,5.89,1.95,3.62,AN3,0323,-0.09,6.04,1.95,3.74,POS,1.48,2.46,1.42,91
DIST,4,AN0,C32D,2.95,0.00,1.95,2.77,AN1,189B,0.00,0.00,1.95,2.77,AN2,8A94,2.95,5.89,1.95,3.58,AN3,0323,-0.09,6.04,1.95,3.76,POS,1.48,2.46,1.38,90
DIST,4,AN0,C32D,2.95,0.00,1.95,2.72,AN1,189B,0.00,0.00,1.95,2.78,AN2,8A94,2.95,5.89,1.95,3.61,AN3,0323,-0.09,6.04,1.95,3.76,POS,1.48,2.46,1.38,92
DIST,4,AN0,C32D,2.95,0.00,1.95,2.68,AN1,189B,0.00,0.00,1.95,2.81,AN2,8A94,2.95,5.89,1.95,3.59,AN3,0323,-0.09,6.04,1.95,3.73,POS,1.47,2.45,1.44,96
DIST,4,AN0,189B,0.00,0.00,1.95,2.80,AN1,C32D,2.95,0.00,1.95,2.73,AN2,8A94,2.95,5.89,1.95,3.60,AN3,0323,-0.09,6.04,1.95,3.72,POS,1.46,2.45,1.45,94
DIST,4,AN0,189B,0.00,0.00,1.95,2.79,AN1,C32D,2.95,0.00,1.95,2.71,AN2,8A94,2.95,5.89,1.95,3.59,AN3,0323,-0.09,6.04,1.95,3.74,POS,1.47,2.45,1.45,94
DIST,4,AN0,189B,0.00,0.00,1.95,2.79,AN1,C32D,2.95,0.00,1.95,2.66,AN2,8A94,2.95,5.89,1.95,3.62,AN3,0323,-0.09,6.04,1.95,3.79,POS,1.47,2.44,1.46,94
DIST,4,AN0,189B,0.00,0.00,1.95,2.80,AN1,C32D,2.95,0.00,1.95,2.70,AN2,8A94,2.95,5.89,1.95,3.55,AN3,0323,-0.09,6.04,1.95,3.72,POS,1.48,2.44,1.48,95
DIST,4,AN0,C32D,2.95,0.00,1.95,2.71,AN1,189B,0.00,0.00,1.95,2.79,AN2,8A94,2.95,5.89,1.95,3.61,AN3,0323,-0.09,6.04,1.95,3.69,POS,1.50,2.47,1.52,96
DIST,4,AN0,C32D,2.95,0.00,1.95,2.74,AN1,189B,0.00,0.00,1.95,2.80,AN2,8A94,2.95,5.89,1.95,3.55,AN3,0323,-0.09,6.04,1.95,3.72,POS,1.51,2.47,1.49,93
DIST,4,AN0,C32D,2.95,0.00,1.95,2.74,AN1,189B,0.00,0.00,1.95,2.75,AN2,8A94,2.95,5.89,1.95,3.57,AN3,0323,-0.09,6.04,1.95,3.75,POS,1.50,2.47,1.44,91
DIST,4,AN0,C32D,2.95,0.00,1.95,2.68,AN1,189B,0.00,0.00,1.95,2.80,AN2,8A94,2.95,5.89,1.95,3.64,AN3,0323,-0.09,6.04,1.95,3.74,POS,1.47,2.45,1.50,96
DIST,4,AN0,189B,0.00,0.00,1.95,2.76,AN1,C32D,2.95,0.00,1.95,2.66,AN2,8A94,2.95,5.89,1.95,3.58,AN3,0323,-0.09,6.04,1.95,3.70,POS,1.46,2.44,1.42,88
DIST,4,AN0,189B,0.00,0.00,1.95,2.81,AN1,C32D,2.95,0.00,1.95,2.70,AN2,8A94,2.95,5.89,1.95,3.58,AN3,0323,-0.09,6.04,1.95,3.75,POS,1.47,2.44,1.43,94
DIST,4,AN0,189B,0.00,0.00,1.95,2.82,AN1,C32D,2.95,0.00,1.95,2.73,AN2,8A94,2.95,5.89,1.95,3.59,AN3,0323,-0.09,6.04,1.95,3.71,POS,1.46,2.45,1.45,95
DIST,4,AN0,189B,0.00,0.00,1.95,2.80,AN1,C32D,2.95,0.00,1.95,2.71,AN2,8A94,2.95,5.89,1.95,3.58,AN3,0323,-0.09,6.04,1.95,3.78,POS,1.48,2.45,1.42,91
DIST,4,AN0,C32D,2.95,0.00,1.95,2.73,AN1,189B,0.00,0.00,1.95,2.84,AN2,8A94,2.95,5.89,1.95,3.60,AN3,0323,-0.09,6.04,1.95,3.79,POS,1.49,2.45,1.38,89
DIST,4,AN0,C32D,2.95,0.00,1.95,2.70,AN1,189B,0.00,0.00,1.95,2.77,AN2,8A94,2.95,5.89,1.95,3.57,AN3,0323,-0.09,6.04,1.95,3.65,POS,1.46,2.45,1.33,88
DIST,4,AN0,189B,0.00,0.00,1.95,2.83,AN1,C32D,2.95,0.00,1.95,2.74,AN2,8A94,2.95,5.89,1.95,3.60,AN3,0323,-0.09,6.04,1.95,3.60,POS,1.41,2.44,1.32,89
DIST,4,AN0,189B,0.00,0.00,1.95,2.83,AN1,C32D,2.95,0.00,1.95,2.85,AN2,8A94,2.95,5.89,1.95,3.56,AN3,0323,-0.09,6.04,1.95,3.64,POS,1.41,2.47,1.33,92
DIST,4,AN0,189B,0.00,0.00,1.95,2.94,AN1,C32D,2.95,0.00,1.95,2.91,AN2,8A94,2.95,5.89,1.95,3.48,AN3,0323,-0.09,6.04,1.95,3.54,POS,1.40,2.51,1.36,94
DIST,4,AN0,189B,0.00,0.00,1.95,3.04,AN1,C32D,2.95,0.00,1.95,3.05,AN2,8A94,2.95,5.89,1.95,3.35,AN3,0323,-0.09,6.04,1.95,3.40,POS,1.38,2.57,1.38,94
DIST,4,AN0,189B,0.00,0.00,1.95,3.08,AN1,C32D,2.95,0.00,1.95,3.13,AN2,8A94,2.95,5.89,1.95,3.26,AN3,0323,-0.09,6.04,1.95,3.24,POS,1.39,2.67,1.48,99
DIST,4,AN0,189B,0.00,0.00,1.95,3.16,AN1,C32D,2.95,0.00,1.95,3.23,AN2,8A94,2.95,5.89,1.95,3.25,AN3,0323,-0.09,6.04,1.95,3.28,POS,1.38,2.74,1.42,91
DIST,4,AN0,189B,0.00,0.00,1.95,3.19,AN1,C32D,2.95,0.00,1.95,3.22,AN2,8A94,2.95,5.89,1.95,3.16,AN3,0323,-0.09,6.04,1.95,3.13,POS,1.39,2.82,1.35,88
DIST,4,AN0,189B,0.00,0.00,1.95,3.20,AN1,C32D,2.95,0.00,1.95,3.20,AN2,8A94,2.95,5.89,1.95,3.16,AN3,0323,-0.09,6.04,1.95,3.17,POS,1.41,2.88,1.45,99
DIST,4,AN0,189B,0.00,0.00,1.95,3.19,AN1,C32D,2.95,0.00,1.95,3.22,AN2,8A94,2.95,5.89,1.95,3.19,AN3,0323,-0.09,6.04,1.95,3.14,POS,1.42,2.93,1.37,88
DIST,4,AN0,189B,0.00,0.00,1.95,3.19,AN1,C32D,2.95,0.00,1.95,3.26,AN2,8A94,2.95,5.89,1.95,3.16,AN3,0323,-0.09,6.04,1.95,3.17,POS,1.40,2.96,1.39,95
DIST,4,AN0,189B,0.00,0.00,1.95,3.16,AN1,8A94,2.95,5.89,1.95,3.19,AN2,C32D,2.95,0.00,1.95,3.21,AN3,0323,-0.09,6.04,1.95,3.23,POS,1.39,2.96,1.40,94
DIST,4,AN0,189B,0.00,0.00,1.95,3.18,AN1,8A94,2.95,5.89,1.95,3.17,AN2,C32D,2.95,0.00,1.95,3.25,AN3,0323,-0.09,6.04,1.95,3.31,POS,1.40,2.97,1.36,91
DIST,3,AN0,189B,0.00,0.00,1.95,3.20,AN1,8A94,2.95,5.89,1.95,3.16,AN2,C32D,2.95,0.00,1.95,3.22,POS,1.41,2.97,1.32,90
DIST,4,AN0,189B,0.00,0.00,1.95,3.25,AN1,8A94,2.95,5.89,1.95,3.11,AN2,C32D,2.95,0.00,1.95,3.19,AN3,0323,-0.09,6.04,1.95,3.28,POS,1.44,2.98,1.33,93
DIST,4,AN0,8A94,2.95,5.89,1.95,3.15,AN1,189B,0.00,0.00,1.95,3.19,AN2,C32D,2.95,0.00,1.95,3.18,AN3,0323,-0.09,6.04,1.95,3.28,POS,1.45,2.99,1.34,94
DIST,4,AN0,8A94,2.95,5.89,1.95,3.16,AN1,189B,0.00,0.00,1.95,3.26,AN2,C32D,2.95,0.00,1.95,3.15,AN3,0323,-0.09,6.04,1.95,3.25,POS,1.48,3.00,1.42,97
DIST,4,AN0,8A94,2.95,5.89,1.95,3.13,AN1,C32D,2.95,0.00,1.95,3.20,AN2,189B,0.00,0.00,1.95,3.20,AN3,0323,-0.09,6.04,1.95,3.22,POS,1.47,3.01,1.44,96
DIST,4,AN0,8A94,2.95,5.89,1.95,3.13,AN1,189B,0.00,0.00,1.95,3.26,AN2,C32D,2.95,0.00,1.95,3.19,AN3,0323,-0.09,6.04,1.95,3.28,POS,1.48,3.02,1.42,94
DIST,4,AN0,8A94,2.95,5.89,1.95,3.13,AN1,C32D,2.95,0.00,1.95,3.16,AN2,189B,0.00,0.00,1.95,3.23,AN3,0323,-0.09,6.04,1.95,3.30,POS,1.49,3.01,1.41,94
DIST,4,AN0,8A94,2.95,5.89,1.95,3.14,AN1,C32D,2.95,0.00,1.95,3.17,AN2,189B,0.00,0.00,1.95,3.26,AN3,0323,-0.09,6.04,1.95,3.24,POS,1.51,3.02,1.45,97
DIST,4,AN0,8A94,2.95,5.89,1.95,3.15,AN1,C32D,2.95,0.00,1.95,3.21,AN2,189B,0.00,0.00,1.95,3.21,AN3,0323,-0.09,6.04,1.95,3.23,POS,1.49,3.02,1.45,95
DIST,4,AN0,8A94,2.95,5.89,1.95,3.19,AN1,C32D,2.95,0.00,1.95,3.24,AN2,189B,0.00,0.00,1.95,3.25,AN3,0323,-0.09,6.04,1.95,3.34,POS,1.48,3.02,1.51,98
DIST,4,AN0,8A94,2.95,5.89,1.95,3.19,AN1,C32D,2.95,0.00,1.95,3.22,AN2,189B,0.00,0.00,1.95,3.21,AN3,0323,-0.09,6.04,1.95,3.23,POS,1.48,3.02,1.49,94
DIST,4,AN0,8A94,2.95,5.89,1.95,3.15,AN1,C32D,2.95,0.00,1.95,3.22,AN2,189B,0.00,0.00,1.95,3.20,AN3,0323,-0.09,6.04,1.95,3.15,POS,1.47,3.03,1.58,99
DIST,4,AN0,8A94,2.95,5.89,1.95,3.15,AN1,189B,0.00,0.00,1.95,3.23,AN2,C32D,2.95,0.00,1.95,3.32,AN3,0323,-0.09,6.04,1.95,3.19,POS,1.44,3.04,1.50,91
DIST,4,AN0,8A94,2.95,5.89,1.95,3.13,AN1,0323,-0.09,6.04,1.95,3.11,AN2,189B,0.00,0.00,1.95,3.31,AN3,C32D,2.95,0.00,1.95,3.29,POS,1.40,3.04,1.54,97
DIST,4,AN0,8A94,2.95,5.89,1.95,2.97,AN1,189B,0.00,0.00,1.95,3.43,AN2,0323,-0.09,6.04,1.95,2.96,AN3,C32D,2.95,0.00,1.95,3.40,POS,1.37,3.08,1.44,87
DIST,4,AN0,8A94,2.95,5.89,1.95,2.87,AN1,0323,-0.09,6.04,1.95,2.84,AN2,189B,0.00,0.00,1.95,3.46,AN3,C32D,2.95,0.00,1.95,3.52,POS,1.34,3.14,1.57,97
DIST,4,AN0,8A94,2.95,5.89,1.95,2.80,AN1,0323,-0.09,6.04,1.95,2.79,AN2,189B,0.00,0.00,1.95,3.65,AN3,C32D,2.95,0.00,1.95,3.64,POS,1.38,3.24,1.57,96
DIST,4,AN0,8A94,2.95,5.89,1.95,2.77,AN1,0323,-0.09,6.04,1.95,2.73,AN2,189B,0.00,0.00,1.95,3.64,AN3,C32D,2.95,0.00,1.95,3.70,POS,1.37,3.32,1.55,93
DIST,4,AN0,8A94,2.95,5.89,1.95,2.74,AN1,0323,-0.09,6.04,1.95,2.76,AN2,189B,0.00,0.00,1.95,3.64,AN3,C32D,2.95,0.00,1.95,3.75,POS,1.36,3.37,1.48,88
DIST,4,AN0,8A94,2.95,5.89,1.95,2.72,AN1,0323,-0.09,6.04,1.95,2.82,AN2,189B,0.00,0.00,1.95,3.66,AN3,C32D,2.95,0.00,1.95,3.70,POS,1.37,3.41,1.43,89
DIST,4,AN0,8A94,2.95,5.89,1.95,2.74,AN1,0323,-0.09,6.04,1.95,2.82,AN2,189B,0.00,0.00,1.95,3.64,AN3,C32D,2.95,0.00,1.95,3.69,POS,1.38,3.43,1.39,89
DIST,4,AN0,8A94,2.95,5.89,1.95,2.76,AN1,0323,-0.09,6.04,1.95,2.82,AN2,189B,0.00,0.00,1.95,3.69,AN3,C32D,2.95,0.00,1.95,3.62,POS,1.43,3.46,1.45,95
DIST,4,AN0,8A94,2.95,5.89,1.95,2.65,AN1,0323,-0.09,6.04,1.95,2.79,AN2,189B,0.00,0.00,1.95,3.68,AN3,C32D,2.95,0.00,1.95,3.68,POS,1.44,3.48,1.44,93
DIST,4,AN0,8A94,2.95,5.89,1.95,2.66,AN1,0323,-0.09,6.04,1.95,2.80,AN2,189B,0.00,0.00,1.95,3.70,AN3,C32D,2.95,0.00,1.95,3.71,POS,1.44,3.50,1.41,91
DIST,4,AN0,8A94,2.95,5.89,1.95,2.64,AN1,0323,-0.09,6.04,1.95,2.79,AN2,189B,0.00,0.00,1.95,3.72,AN3,C32D,2.95,0.00,1.95,3.65,POS,1.46,3.52,1.45,95
DIST,4,AN0,8A94,2.95,5.89,1.95,2.67,AN1,0323,-0.09,6.04,1.95,2.85,AN2,189B,0.00,0.00,1.95,3.72,AN3,C32D,2.95,0.00,1.95,3.68,POS,1.47,3.53,1.41,90
DIST,4,AN0,8A94,2.95,5.89,1.95,2.65,AN1,0323,-0.09,6.04,1.95,2.88,AN2,189B,0.00,0.00,1.95,3.74,AN3,C32D,2.95,0.00,1.95,3.64,POS,1.50,3.53,1.39,91
DIST,4,AN0,8A94,2.95,5.89,1.95,2.65,AN1,0323,-0.09,6.04,1.95,2.86,AN2,C32D,2.95,0.00,1.95,3.64,AN3,189B,0.00,0.00,1.95,3.71,POS,1.51,3.53,1.38,92
DIST,4,AN0,8A94,2.95,5.89,1.95,2.65,AN1,0323,-0.09,6.04,1.95,2.85,AN2,C32D,2.95,0.00,1.95,3.59,AN3,189B,0.00,0.00,1.95,3.68,POS,1.52,3.53,1.44,95
DIST,4,AN0,8A94,2.95,5.89,1.95,2.71,AN1,0323,-0.09,6.04,1.95,2.77,AN2,C32D,2.95,0.00,1.95,3.61,AN3,189B,0.00,0.00,1.95,3.67,POS,1.53,3.54,1.37,87
DIST,4,AN0,8A94,2.95,5.89,1.95,2.65,AN1,0323,-0.09,6.04,1.95,2.74,AN2,C32D,2.95,0.00,1.95,3.63,AN3,189B,0.00,0.00,1.95,3.70,POS,1.54,3.55,1.33,87
DIST,4,AN0,8A94,2.95,5.89,1.95,2.66,AN1,0323,-0.09,6.04,1.95,2.86,AN2,C32D,2.95,0.00,1.95,3.70,AN3,189B,0.00,0.00,1.95,3.65,POS,1.52,3.55,1.35,92
DIST,4,AN0,8A94,2.95,5.89,1.95,2.68,AN1,0323,-0.09,6.04,1.95,2.81,AN2,C32D,2.95,0.00,1.95,3.65,AN3,189B,0.00,0.00,1.95,3.69,POS,1.51,3.55,1.38,94
DIST,3,AN0,0323,-0.09,6.04,1.95,2.82,AN1,C32D,2.95,0.00,1.95,3.70,AN2,189B,0.00,0.00,1.95,3.61,POS,1.47,3.53,1.34,90
DIST,4,AN0,8A94,2.95,5.89,1.95,2.66,AN1,0323,-0.09,6.04,1.95,2.81,AN2,189B,0.00,0.00,1.95,3.72,AN3,C32D,2.95,0.00,1.95,3.62,POS,1.50,3.54,1.42,95
DIST,4,AN0,8A94,2.95,5.89,1.95,2.67,AN1,0323,-0.09,6.04,1.95,2.82,AN2,C32D,2.95,0.00,1.95,3.66,AN3,189B,0.00,0.00,1.95,3.69,POS,1.50,3.54,1.42,93
DIST,4,AN0,8A94,2.95,5.89,1.95,2.71,AN1,0323,-0.09,6.04,1.95,2.85,AN2,C32D,2.95,0.00,1.95,3.66,AN3,189B,0.00,0.00,1.95,3.71,POS,1.49,3.54,1.39,91
DIST,4,AN0,8A94,2.95,5.89,1.95,2.73,AN1,0323,-0.09,6.04,1.95,2.81,AN2,C32D,2.95,0.00,1.95,3.58,AN3,189B,0.00,0.00,1.95,3.74,POS,1.54,3.55,1.35,87
DIST,4,AN0,8A94,2.95,5.89,1.95,2.73,AN1,0323,-0.09,6.04,1.95,2.72,AN2,C32D,2.95,0.00,1.95,3.67,AN3,189B,0.00,0.00,1.95,3.71,POS,1.48,3.54,1.42,95
DIST,4,AN0,8A94,2.95,5.89,1.95,2.72,AN1,0323,-0.09,6.04,1.95,2.81,AN2,C32D,2.95,0.00,1.95,3.63,AN3,189B,0.00,0.00,1.95,3.69,POS,1.50,3.54,1.47,95
DIST,4,AN0,8A94,2.95,5.89,1.95,2.69,AN1,0323,-0.09,6.04,1.95,2.80,AN2,C32D,2.95,0.00,1.95,3.61,AN3,189B,0.00,0.00,1.95,3.67,POS,1.51,3.54,1.53,96
DIST,4,AN0,8A94,2.95,5.89,1.95,2.73,AN1,0323,-0.09,6.04,1.95,2.86,AN2,C32D,2.95,0.00,1.95,3.54,AN3,189B,0.00,0.00,1.95,3.65,POS,1.54,3.53,1.43,86
DIST,4,AN0,8A94,2.95,5.89,1.95,2.70,AN1,0323,-0.09,6.04,1.95,2.85,AN2,C32D,2.95,0.00,1.95,3.64,AN3,189B,0.00,0.00,1.95,3.67,POS,1.52,3.53,1.41,92
DIST,4,AN0,8A94,2.95,5.89,1.95,2.70,AN1,0323,-0.09,6.04,1.95,2.82,AN2,C32D,2.95,0.00,1.95,3.64,AN3,189B,0.00,0.00,1.95,3.71,POS,1.54,3.53,1.43,94
DIST,4,AN0,8A94,2.95,5.89,1.95,2.75,AN1,0323,-0.09,6.04,1.95,2.77,AN2,C32D,2.95,0.00,1.95,3.57,AN3,189B,0.00,0.00,1.95,3.62,POS,1.53,3.53,1.38,89
DIST,4,AN0,8A94,2.95,5.89,1.95,2.77,AN1,0323,-0.09,6.04,1.95,2.79,AN2,C32D,2.95,0.00,1.95,3.69,AN3,189B,0.00,0.00,1.95,3.65,POS,1.50,3.53,1.38,91
DIST,4,AN0,8A94,2.95,5.89,1.95,2.73,AN1,0323,-0.09,6.04,1.95,2.75,AN2,C32D,2.95,0.00,1.95,3.71,AN3,189B,0.00,0.00,1.95,3.75,POS,1.50,3.55,1.42,94
DIST,4,AN0,8A94,2.95,5.89,1.95,2.67,AN1,0323,-0.09,6.04,1.95,2.75,AN2,C32D,2.95,0.00,1.95,3.73,AN3,189B,0.00,0.00,1.95,3.79,POS,1.52,3.57,1.43,93
DIST,4,AN0,8A94,2.95,5.89,1.95,2.60,AN1,0323,-0.09,6.04,1.95,2.62,AN2,C32D,2.95,0.00,1.95,3.86,AN3,189B,0.00,0.00,1.95,3.79,POS,1.48,3.61,1.42,90
DIST,4,AN0,8A94,2.95,5.89,1.95,2.49,AN1,0323,-0.09,6.04,1.95,2.45,AN2,C32D,2.95,0.00,1.95,4.02,AN3,189B,0.00,0.00,1.95,4.02,POS,1.48,3.69,1.47,93
DIST,4,AN0,8A94,2.95,5.89,1.95,2.37,AN1,0323,-0.09,6.04,1.95,2.31,AN2,C32D,2.95,0.00,1.95,4.12,AN3,189B,0.00,0.00,1.95,4.16,POS,1.50,3.80,1.41,83
DIST,4,AN0,8A94,2.95,5.89,1.95,2.36,AN1,0323,-0.09,6.04,1.95,2.33,AN2,C32D,2.95,0.00,1.95,4.16,AN3,189B,0.00,0.00,1.95,4.11,POS,1.46,3.86,1.44,88
DIST,4,AN0,8A94,2.95,5.89,1.95,2.34,AN1,0323,-0.09,6.04,1.95,2.38,AN2,189B,0.00,0.00,1.95,4.15,AN3,C32D,2.95,0.00,1.95,4.15,POS,1.46,3.91,1.44,89
DIST,4,AN0,8A94,2.95,5.89,1.95,2.33,AN1,0323,-0.09,6.04,1.95,2.37,AN2,189B,0.00,0.00,1.95,4.09,AN3,C32D,2.95,0.00,1.95,4.14,POS,1.44,3.94,1.43,87
DIST,4,AN0,8A94,2.95,5.89,1.95,2.28,AN1,0323,-0.09,6.04,1.95,2.40,AN2,189B,0.00,0.00,1.95,4.08,AN3,C32D,2.95,0.00,1.95,4.16,POS,1.43,3.96,1.45,89
DIST,4,AN0,8A94,2.95,5.89,1.95,2.32,AN1,0323,-0.09,6.04,1.95,2.40,AN2,189B,0.00,0.00,1.95,4.14,AN3,C32D,2.95,0.00,1.95,4.16,POS,1.43,3.98,1.41,85
DIST,4,AN0,8A94,2.95,5.89,1.95,2.26,AN1,0323,-0.09,6.04,1.95,2.33,AN2,189B,0.00,0.00,1.95,4.13,AN3,C32D,2.95,0.00,1.95,4.13,POS,1.44,4.00,1.49,93
DIST,4,AN0,8A94,2.95,5.89,1.95,2.25,AN1,0323,-0.09,6.04,1.95,2.44,AN2,189B,0.00,0.00,1.95,4.16,AN3,C32D,2.95,0.00,1.95,4.13,POS,1.46,4.01,1.45,88
DIST,4,AN0,8A94,2.95,5.89,1.95,2.24,AN1,0323,-0.09,6.04,1.95,2.37,AN2,189B,0.00,0.00,1.95,4.14,AN3,C32D,2.95,0.00,1.95,4.14,POS,1.46,4.02,1.45,89
DIST,4,AN0,8A94,2.95,5.89,1.95,2.24,AN1,0323,-0.09,6.04,1.95,2.43,AN2,189B,0.00,0.00,1.95,4.15,AN3,C32D,2.95,0.00,1.95,4.09,POS,1.47,4.02,1.47,90
DIST,4,AN0,8A94,2.95,5.89,1.95,2.25,AN1,0323,-0.09,6.04,1.95,2.40,AN2,189B,0.00,0.00,1.95,4.21,AN3,C32D,2.95,0.00,1.95,4.17,POS,1.48,4.04,1.44,87
DIST,4,AN0,8A94,2.95,5.89,1.95,2.22,AN1,0323,-0.09,6.04,1.95,2.39,AN2,C32D,2.95,0.00,1.95,4.03,AN3,189B,0.00,0.00,1.95,4.20,POS,1.48,4.03,1.38,83
DIST,4,AN0,8A94,2.95,5.89,1.95,2.22,AN1,0323,-0.09,6.04,1.95,2.41,AN2,C32D,2.95,0.00,1.95,4.12,AN3,189B,0.00,0.00,1.95,4.17,POS,1.49,4.04,1.40,89
DIST,4,AN0,8A94,2.95,5.89,1.95,2.26,AN1,0323,-0.09,6.04,1.95,2.43,AN2,C32D,2.95,0.00,1.95,4.14,AN3,189B,0.00,0.00,1.95,4.10,POS,1.48,4.04,1.41,89
DIST,4,AN0,8A94,2.95,5.89,1.95,2.23,AN1,0323,-0.09,6.04,1.95,2.41,AN2,C32D,2.95,0.00,1.95,4.14,AN3,189B,0.00,0.00,1.95,4.11,POS,1.48,4.04,1.44,90
DIST,4,AN0,8A94,2.95,5.89,1.95,2.24,AN1,0323,-0.09,6.04,1.95,2.42,AN2,C32D,2.95,0.00,1.95,4.12,AN3,189B,0.00,0.00,1.95,4.19,POS,1.49,4.04,1.44,89
DIST,4,AN0,8A94,2.95,5.89,1.95,2.22,AN1,0323,-0.09,6.04,1.95,2.39,AN2,C32D,2.95,0.00,1.95,4.15,AN3,189B,0.00,0.00,1.95,4.20,POS,1.50,4.06,1.46,90
DIST,4,AN0,8A94,2.95,5.89,1.95,2.22,AN1,0323,-0.09,6.04,1.95,2.38,AN2,C32D,2.95,0.00,1.95,4.15,AN3,189B,0.00,0.00,1.95,4.22,POS,1.52,4.07,1.49,89
DIST,4,AN0,8A94,2.95,5.89,1.95,2.22,AN1,0323,-0.09,6.04,1.95,2.35,AN2,C32D,2.95,0.00,1.95,4.14,AN3,189B,0.00,0.00,1.95,4.17,POS,1.52,4.07,1.52,91
DIST,4,AN0,8A94,2.95,5.89,1.95,2.22,AN1,0323,-0.09,6.04,1.95,2.29,AN2,C32D,2.95,0.00,1.95,4.15,AN3,189B,0.00,0.00,1.95,4.21,POS,1.53,4.10,1.46,83
DIST,4,AN0,8A94,2.95,5.89,1.95,2.21,AN1,0323,-0.09,6.04,1.95,2.34,AN2,C32D,2.95,0.00,1.95,4.16,AN3,189B,0.00,0.00,1.95,4.24,POS,1.55,4.11,1.57,91
DIST,4,AN0,8A94,2.95,5.89,1.95,2.23,AN1,0323,-0.09,6.04,1.95,2.30,AN2,C32D,2.95,0.00,1.95,4.11,AN3,189B,0.00,0.00,1.95,4.12,POS,1.52,4.11,1.49,83
DIST,4,AN0,8A94,2.95,5.89,1.95,2.20,AN1,0323,-0.09,6.04,1.95,2.37,AN2,C32D,2.95,0.00,1.95,4.17,AN3,189B,0.00,0.00,1.95,4.21,POS,1.52,4.11,1.48,89
DIST,4,AN0,8A94,2.95,5.89,1.95,2.21,AN1,0323,-0.09,6.04,1.95,2.35,AN2,C32D,2.95,0.00,1.95,4.18,AN3,189B,0.00,0.00,1.95,4.21,POS,1.51,4.11,1.49,90
DIST,4,AN0,8A94,2.95,5.89,1.95,2.21,AN1,0323,-0.09,6.04,1.95,2.32,AN2,C32D,2.95,0.00,1.95,4.18,AN3,189B,0.00,0.00,1.95,4.22,POS,1.52,4.12,1.53,91
DIST,4,AN0,8A94,2.95,5.89,1.95,2.19,AN1,0323,-0.09,6.04,1.95,2.35,AN2,C32D,2.95,0.00,1.95,4.20,AN3,189B,0.00,0.00,1.95,4.16,POS,1.50,4.11,1.53,89
DIST,4,AN0,8A94,2.95,5.89,1.95,2.25,AN1,0323,-0.09,6.04,1.95,2.38,AN2,C32D,2.95,0.00,1.95,4.19,AN3,189B,0.00,0.00,1.95,4.13,POS,1.48,4.10,1.51,88
DIST,4,AN0,8A94,2.95,5.89,1.95,2.22,AN1,0323,-0.09,6.04,1.95,2.38,AN2,C32D,2.95,0.00,1.95,4.14,AN3,189B,0.00,0.00,1.95,4.14,POS,1.48,4.09,1.49,89
DIST,4,AN0,8A94,2.95,5.89,1.95,2.24,AN1,0323,-0.09,6.04,1.95,2.34,AN2,C32D,2.95,0.00,1.95,4.16,AN3,189B,0.00,0.00,1.95,4.22,POS,1.50,4.10,1.54,91
DIST,3,AN0,8A94,2.95,5.89,1.95,2.26,AN1,C32D,2.95,0.00,1.95,4.13,AN2,189B,0.00,0.00,1.95,4.17,POS,1.51,4.08,1.45,84
DIST,4,AN0,8A94,2.95,5.89,1.95,2.24,AN1,0323,-0.09,6.04,1.95,2.31,AN2,C32D,2.95,0.00,1.95,4.17,AN3,189B,0.00,0.00,1.95,4.12,POS,1.48,4.08,1.47,89
DIST,4,AN0,8A94,2.95,5.89,1.95,2.26,AN1,0323,-0.09,6.04,1.95,2.33,AN2,C32D,2.95,0.00,1.95,4.15,AN3,189B,0.00,0.00,1.95,4.11,POS,1.46,4.07,1.48,89
DIST,4,AN0,8A94,2.95,5.89,1.95,2.25,AN1,0323,-0.09,6.04,1.95,2.36,AN2,189B,0.00,0.00,1.95,4.20,AN3,C32D,2.95,0.00,1.95,4.22,POS,1.46,4.08,1.43,84
DIST,4,AN0,8A94,2.95,5.89,1.95,2.26,AN1,0323,-0.09,6.04,1.95,2.35,AN2,189B,0.00,0.00,1.95,4.17,AN3,C32D,2.95,0.00,1.95,4.12,POS,1.48,4.08,1.55,93
DIST,4,AN0,8A94,2.95,5.89,1.95,2.26,AN1,0323,-0.09,6.04,1.95,2.40,AN2,C32D,2.95,0.00,1.95,4.22,AN3,189B,0.00,0.00,1.95,4.21,POS,1.47,4.08,1.46,82
DIST,4,AN0,8A94,2.95,5.89,1.95,2.22,AN1,0323,-0.09,6.04,1.95,2.34,AN2,189B,0.00,0.00,1.95,4.23,AN3,C32D,2.95,0.00,1.95,4.12,POS,1.51,4.10,1.41,82
DIST,4,AN0,8A94,2.95,5.89,1.95,2.22,AN1,0323,-0.09,6.04,1.95,2.37,AN2,C32D,2.95,0.00,1.95,4.12,AN3,189B,0.00,0.00,1.95,4.15,POS,1.51,4.09,1.47,92
DIST,4,AN0,8A94,2.95,5.89,1.95,2.22,AN1,0323,-0.09,6.04,1.95,2.34,AN2,C32D,2.95,0.00,1.95,4.10,AN3,189B,0.00,0.00,1.95,4.08,POS,1.49,4.07,1.53,93
DIST,4,AN0,8A94,2.95,5.89,1.95,2.24,AN1,0323,-0.09,6.04,1.95,2.35,AN2,C32D,2.95,0.00,1.95,4.14,AN3,189B,0.00,0.00,1.95,4.19,POS,1.50,4.08,1.57,92
DIST,4,AN0,8A94,2.95,5.89,1.95,2.23,AN1,0323,-0.09,6.04,1.95,2.33,AN2,C32D,2.95,0.00,1.95,4.14,AN3,189B,0.00,0.00,1.95,4.09,POS,1.48,4.07,1.59,91
DIST,4,AN0,8A94,2.95,5.89,1.95,2.25,AN1,0323,-0.09,6.04,1.95,2.31,AN2,C32D,2.95,0.00,1.95,4.21,AN3,189B,0.00,0.00,1.95,4.23,POS,1.48,4.09,1.58,90
DIST,4,AN0,8A94,2.95,5.89,1.95,2.27,AN1,0323,-0.09,6.04,1.95,2.35,AN2,C32D,2.95,0.00,1.95,4.17,AN3,189B,0.00,0.00,1.95,4.18,POS,1.47,4.09,1.55,88
DIST,4,AN0,8A94,2.95,5.89,1.95,2.27,AN1,0323,-0.09,6.04,1.95,2.35,AN2,189B,0.00,0.00,1.95,4.20,AN3,C32D,2.95,0.00,1.95,4.15,POS,1.49,4.09,1.58,91
DIST,4,AN0,8A94,2.95,5.89,1.95,2.27,AN1,0323,-0.09,6.04,1.95,2.37,AN2,C32D,2.95,0.00,1.95,4.16,AN3,189B,0.00,0.00,1.95,4.19,POS,1.49,4.09,1.55,88
DIST,4,AN0,8A94,2.95,5.89,1.95,2.25,AN1,0323,-0.09,6.04,1.95,2.38,AN2,C32D,2.95,0.00,1.95,4.13,AN3,189B,0.00,0.00,1.95,4.14,POS,1.48,4.08,1.53,89
DIST,4,AN0,8A94,2.95,5.89,1.95,2.26,AN1,0323,-0.09,6.04,1.95,2.33,AN2,C32D,2.95,0.00,1.95,4.18,AN3,189B,0.00,0.00,1.95,4.12,POS,1.46,4.08,1.51,88
DIST,4,AN0,8A94,2.95,5.89,1.95,2.27,AN1,0323,-0.09,6.04,1.95,2.40,AN2,189B,0.00,0.00,1.95,4.16,AN3,C32D,2.95,0.00,1.95,4.10,POS,1.48,4.07,1.54,91
DIST,4,AN0,8A94,2.95,5.89,1.95,2.30,AN1,0323,-0.09,6.04,1.95,2.34,AN2,C32D,2.95,0.00,1.95,4.16,AN3,189B,0.00,0.00,1.95,4.14,POS,1.46,4.07,1.53,89
DIST,4,AN0,8A94,2.95,5.89,1.95,2.27,AN1,0323,-0.09,6.04,1.95,2.34,AN2,189B,0.00,0.00,1.95,4.16,AN3,C32D,2.95,0.00,1.95,4.18,POS,1.45,4.07,1.51,87
DIST,4,AN0,8A94,2.95,5.89,1.95,2.30,AN1,0323,-0.09,6.04,1.95,2.35,AN2,189B,0.00,0.00,1.95,4.18,AN3,C32D,2.95,0.00,1.95,4.17,POS,1.46,4.08,1.51,90
