DIST,4,AN0,189B,0.00,0.00,1.95,1.54,AN1,C32D,2.95,0.00,1.95,1.56,AN2,8A94,2.95,5.89,1.95,5.46,AN3,0323,-0.09,6.04,1.95,5.42,POS,1.44,0.67,1.47,55
DIST,4,AN0,189B,0.00,0.00,1.95,1.51,AN1,C32D,2.95,0.00,1.95,1.48,AN2,8A94,2.95,5.89,1.95,5.48,AN3,0323,-0.09,6.04,1.95,5.49,POS,1.45,0.66,1.45,53
DIST,4,AN0,189B,0.00,0.00,1.95,1.55,AN1,C32D,2.95,0.00,1.95,1.41,AN2,8A94,2.95,5.89,1.95,5.42,AN3,0323,-0.09,6.04,1.95,5.43,POS,1.48,0.66,1.47,58
DIST,4,AN0,C32D,2.95,0.00,1.95,1.41,AN1,189B,0.00,0.00,1.95,1.57,AN2,8A94,2.95,5.89,1.95,5.43,AN3,0323,-0.09,6.04,1.95,5.33,POS,1.50,0.69,1.52,64
DIST,3,AN0,C32D,2.95,0.00,1.95,1.41,AN1,189B,0.00,0.00,1.95,1.54,AN2,8A94,2.95,5.89,1.95,5.42,POS,1.51,0.64,1.47,55
DIST,4,AN0,C32D,2.95,0.00,1.95,1.44,AN1,189B,0.00,0.00,1.95,1.58,AN2,8A94,2.95,5.89,1.95,5.46,AN3,0323,-0.09,6.04,1.95,5.37,POS,1.52,0.66,1.47,60
DIST,4,AN0,C32D,2.95,0.00,1.95,1.43,AN1,189B,0.00,0.00,1.95,1.56,AN2,8A94,2.95,5.89,1.95,5.42,AN3,0323,-0.09,6.04,1.95,5.28,POS,1.53,0.70,1.54,67
DIST,4,AN0,C32D,2.95,0.00,1.95,1.42,AN1,189B,0.00,0.00,1.95,1.55,AN2,8A94,2.95,5.89,1.95,5.45,AN3,0323,-0.09,6.04,1.95,5.36,POS,1.54,0.71,1.56,62
DIST,4,AN0,C32D,2.95,0.00,1.95,1.41,AN1,189B,0.00,0.00,1.95,1.54,AN2,8A94,2.95,5.89,1.95,5.40,AN3,0323,-0.09,6.04,1.95,5.41,POS,1.54,0.71,1.56,59
DIST,4,AN0,C32D,2.95,0.00,1.95,1.40,AN1,189B,0.00,0.00,1.95,1.56,AN2,8A94,2.95,5.89,1.95,5.37,AN3,0323,-0.09,6.04,1.95,5.38,POS,1.55,0.71,1.57,61
DIST,4,AN0,C32D,2.95,0.00,1.95,1.43,AN1,189B,0.00,0.00,1.95,1.52,AN2,8A94,2.95,5.89,1.95,5.39,AN3,0323,-0.09,6.04,1.95,5.37,POS,1.54,0.71,1.58,62
DIST,4,AN0,C32D,2.95,0.00,1.95,1.41,AN1,189B,0.00,0.00,1.95,1.56,AN2,8A94,2.95,5.89,1.95,5.42,AN3,0323,-0.09,6.04,1.95,5.46,POS,1.55,0.70,1.55,55
DIST,4,AN0,C32D,2.95,0.00,1.95,1.48,AN1,189B,0.00,0.00,1.95,1.55,AN2,8A94,2.95,5.89,1.95,5.34,AN3,0323,-0.09,6.04,1.95,5.35,POS,1.54,0.71,1.53,61
DIST,4,AN0,C32D,2.95,0.00,1.95,1.49,AN1,189B,0.00,0.00,1.95,1.51,AN2,8A94,2.95,5.89,1.95,5.33,AN3,0323,-0.09,6.04,1.95,5.34,POS,1.53,0.72,1.54,63
DIST,4,AN0,C32D,2.95,0.00,1.95,1.50,AN1,189B,0.00,0.00,1.95,1.50,AN2,8A94,2.95,5.89,1.95,5.45,AN3,0323,-0.09,6.04,1.95,5.34,POS,1.51,0.72,1.53,63
DIST,4,AN0,C32D,2.95,0.00,1.95,1.54,AN1,189B,0.00,0.00,1.95,1.50,AN2,8A94,2.95,5.89,1.95,5.45,AN3,0323,-0.09,6.04,1.95,5.36,POS,1.50,0.72,1.51,61
DIST,4,AN0,C32D,2.95,0.00,1.95,1.53,AN1,189B,0.00,0.00,1.95,1.49,AN2,8A94,2.95,5.89,1.95,5.44,AN3,0323,-0.09,6.04,1.95,5.40,POS,1.49,0.71,1.49,58
DIST,4,AN0,C32D,2.95,0.00,1.95,1.63,AN1,189B,0.00,0.00,1.95,1.43,AN2,8A94,2.95,5.89,1.95,5.46,AN3,0323,-0.09,6.04,1.95,5.33,POS,1.46,0.72,1.47,58
DIST,4,AN0,189B,0.00,0.00,1.95,1.43,AN1,C32D,2.95,0.00,1.95,1.53,AN2,8A94,2.95,5.89,1.95,5.42,AN3,0323,-0.09,6.04,1.95,5.34,POS,1.45,0.72,1.50,62
DIST,4,AN0,189B,0.00,0.00,1.95,1.45,AN1,C32D,2.95,0.00,1.95,1.68,AN2,8A94,2.95,5.89,1.95,5.48,AN3,0323,-0.09,6.04,1.95,5.37,POS,1.42,0.73,1.58,64
DIST,4,AN0,189B,0.00,0.00,1.95,1.43,AN1,C32D,2.95,0.00,1.95,1.65,AN2,8A94,2.95,5.89,1.95,5.46,AN3,0323,-0.09,6.04,1.95,5.36,POS,1.40,0.72,1.53,55
DIST,4,AN0,189B,0.00,0.00,1.95,1.48,AN1,C32D,2.95,0.00,1.95,1.63,AN2,8A94,2.95,5.89,1.95,5.39,AN3,0323,-0.09,6.04,1.95,5.39,POS,1.40,0.71,1.47,54
DIST,4,AN0,189B,0.00,0.00,1.95,1.44,AN1,C32D,2.95,0.00,1.95,1.62,AN2,8A94,2.95,5.89,1.95,5.38,AN3,0323,-0.09,6.04,1.95,5.38,POS,1.34,0.67,1.46,58
DIST,4,AN0,189B,0.00,0.00,1.95,1.36,AN1,C32D,2.95,0.00,1.95,1.70,AN2,8A94,2.95,5.89,1.95,5.48,AN3,0323,-0.09,6.04,1.95,5.34,POS,1.33,0.68,1.44,53
DIST,4,AN0,189B,0.00,0.00,1.95,1.36,AN1,C32D,2.95,0.00,1.95,1.70,AN2,8A94,2.95,5.89,1.95,5.47,AN3,0323,-0.09,6.04,1.95,5.38,POS,1.31,0.67,1.42,51
DIST,4,AN0,189B,0.00,0.00,1.95,1.36,AN1,C32D,2.95,0.00,1.95,1.66,AN2,8A94,2.95,5.89,1.95,5.42,AN3,0323,-0.09,6.04,1.95,5.32,POS,1.31,0.68,1.43,57
DIST,4,AN0,189B,0.00,0.00,1.95,1.36,AN1,C32D,2.95,0.00,1.95,1.67,AN2,8A94,2.95,5.89,1.95,5.50,AN3,0323,-0.09,6.04,1.95,5.37,POS,1.31,0.68,1.42,53
DIST,4,AN0,189B,0.00,0.00,1.95,1.41,AN1,C32D,2.95,0.00,1.95,1.62,AN2,8A94,2.95,5.89,1.95,5.47,AN3,0323,-0.09,6.04,1.95,5.38,POS,1.32,0.68,1.41,55
DIST,4,AN0,189B,0.00,0.00,1.95,1.41,AN1,C32D,2.95,0.00,1.95,1.63,AN2,8A94,2.95,5.89,1.95,5.44,AN3,0323,-0.09,6.04,1.95,5.37,POS,1.33,0.68,1.41,55
DIST,4,AN0,189B,0.00,0.00,1.95,1.36,AN1,C32D,2.95,0.00,1.95,1.62,AN2,8A94,2.95,5.89,1.95,5.42,AN3,0323,-0.09,6.04,1.95,5.35,POS,1.32,0.68,1.43,57
DIST,4,AN0,189B,0.00,0.00,1.95,1.41,AN1,C32D,2.95,0.00,1.95,1.63,AN2,8A94,2.95,5.89,1.95,5.36,AN3,0323,-0.09,6.04,1.95,5.38,POS,1.33,0.68,1.42,54
DIST,4,AN0,189B,0.00,0.00,1.95,1.39,AN1,C32D,2.95,0.00,1.95,1.65,AN2,8A94,2.95,5.89,1.95,5.44,AN3,0323,-0.09,6.04,1.95,5.41,POS,1.33,0.67,1.40,51
DIST,4,AN0,189B,0.00,0.00,1.95,1.45,AN1,C32D,2.95,0.00,1.95,1.61,AN2,8A94,2.95,5.89,1.95,5.51,AN3,0323,-0.09,6.04,1.95,5.48,POS,1.34,0.67,1.49,63
DIST,4,AN0,189B,0.00,0.00,1.95,1.46,AN1,C32D,2.95,0.00,1.95,1.60,AN2,8A94,2.95,5.89,1.95,5.51,AN3,0323,-0.09,6.04,1.95,5.42,POS,1.35,0.67,1.45,53
DIST,4,AN0,189B,0.00,0.00,1.95,1.37,AN1,C32D,2.95,0.00,1.95,1.58,AN2,8A94,2.95,5.89,1.95,5.56,AN3,0323,-0.09,6.04,1.95,5.43,POS,1.35,0.65,1.46,55
DIST,4,AN0,189B,0.00,0.00,1.95,1.43,AN1,C32D,2.95,0.00,1.95,1.57,AN2,8A94,2.95,5.89,1.95,5.48,AN3,0323,-0.09,6.04,1.95,5.41,POS,1.36,0.66,1.44,56
DIST,4,AN0,189B,0.00,0.00,1.95,1.40,AN1,C32D,2.95,0.00,1.95,1.55,AN2,8A94,2.95,5.89,1.95,5.50,AN3,0323,-0.09,6.04,1.95,5.52,POS,1.32,0.59,1.46,72
DIST,4,AN0,189B,0.00,0.00,1.95,1.39,AN1,C32D,2.95,0.00,1.95,1.47,AN2,8A94,2.95,5.89,1.95,5.57,AN3,0323,-0.09,6.04,1.95,5.56,POS,1.35,0.57,1.47,63
DIST,4,AN0,189B,0.00,0.00,1.95,1.40,AN1,C32D,2.95,0.00,1.95,1.53,AN2,8A94,2.95,5.89,1.95,5.61,AN3,0323,-0.09,6.04,1.95,5.53,POS,1.36,0.56,1.45,57
DIST,4,AN0,189B,0.00,0.00,1.95,1.41,AN1,C32D,2.95,0.00,1.95,1.51,AN2,8A94,2.95,5.89,1.95,5.55,AN3,0323,-0.09,6.04,1.95,5.50,POS,1.38,0.56,1.45,57
DIST,4,AN0,189B,0.00,0.00,1.95,1.44,AN1,C32D,2.95,0.00,1.95,1.49,AN2,8A94,2.95,5.89,1.95,5.57,AN3,0323,-0.09,6.04,1.95,5.48,POS,1.39,0.57,1.45,56
DIST,4,AN0,189B,0.00,0.00,1.95,1.46,AN1,C32D,2.95,0.00,1.95,1.50,AN2,8A94,2.95,5.89,1.95,5.55,AN3,0323,-0.09,6.04,1.95,5.51,POS,1.41,0.57,1.43,54
DIST,4,AN0,189B,0.00,0.00,1.95,1.46,AN1,C32D,2.95,0.00,1.95,1.49,AN2,8A94,2.95,5.89,1.95,5.44,AN3,0323,-0.09,6.04,1.95,5.52,POS,1.42,0.57,1.42,54
DIST,4,AN0,189B,0.00,0.00,1.95,1.48,AN1,C32D,2.95,0.00,1.95,1.48,AN2,8A94,2.95,5.89,1.95,5.52,AN3,0323,-0.09,6.04,1.95,5.49,POS,1.43,0.58,1.42,54
DIST,4,AN0,189B,0.00,0.00,1.95,1.49,AN1,C32D,2.95,0.00,1.95,1.48,AN2,8A94,2.95,5.89,1.95,5.52,AN3,0323,-0.09,6.04,1.95,5.53,POS,1.45,0.57,1.40,53
DIST,4,AN0,189B,0.00,0.00,1.95,1.43,AN1,C32D,2.95,0.00,1.95,1.48,AN2,8A94,2.95,5.89,1.95,5.48,AN3,0323,-0.09,6.04,1.95,5.40,POS,1.45,0.60,1.45,61
DIST,4,AN0,189B,0.00,0.00,1.95,1.49,AN1,C32D,2.95,0.00,1.95,1.51,AN2,8A94,2.95,5.89,1.95,5.48,AN3,0323,-0.09,6.04,1.95,5.57,POS,1.45,0.59,1.52,69
DIST,4,AN0,189B,0.00,0.00,1.95,1.47,AN1,C32D,2.95,0.00,1.95,1.52,AN2,8A94,2.95,5.89,1.95,5.53,AN3,0323,-0.09,6.04,1.95,5.45,POS,1.45,0.60,1.50,55
DIST,4,AN0,189B,0.00,0.00,1.95,1.45,AN1,C32D,2.95,0.00,1.95,1.50,AN2,8A94,2.95,5.89,1.95,5.49,AN3,0323,-0.09,6.04,1.95,5.53,POS,1.45,0.59,1.47,55
DIST,4,AN0,189B,0.00,0.00,1.95,1.51,AN1,C32D,2.95,0.00,1.95,1.52,AN2,8A94,2.95,5.89,1.95,5.55,AN3,0323,-0.09,6.04,1.95,5.54,POS,1.45,0.60,1.53,66
DIST,4,AN0,189B,0.00,0.00,1.95,1.43,AN1,C32D,2.95,0.00,1.95,1.49,AN2,8A94,2.95,5.89,1.95,5.56,AN3,0323,-0.09,6.04,1.95,5.50,POS,1.45,0.59,1.51,57
DIST,4,AN0,189B,0.00,0.00,1.95,1.50,AN1,C32D,2.95,0.00,1.95,1.51,AN2,8A94,2.95,5.89,1.95,5.47,AN3,0323,-0.09,6.04,1.95,5.51,POS,1.46,0.59,1.46,51
DIST,4,AN0,189B,0.00,0.00,1.95,1.42,AN1,C32D,2.95,0.00,1.95,1.50,AN2,8A94,2.95,5.89,1.95,5.52,AN3,0323,-0.09,6.04,1.95,5.50,POS,1.45,0.58,1.46,57
DIST,4,AN0,189B,0.00,0.00,1.95,1.55,AN1,C32D,2.95,0.00,1.95,1.48,AN2,8A94,2.95,5.89,1.95,5.50,AN3,0323,-0.09,6.04,1.95,5.55,POS,1.46,0.60,1.53,66
DIST,4,AN0,189B,0.00,0.00,1.95,1.46,AN1,C32D,2.95,0.00,1.95,1.47,AN2,8A94,2.95,5.89,1.95,5.57,AN3,0323,-0.09,6.04,1.95,5.53,POS,1.47,0.59,1.50,57
DIST,4,AN0,189B,0.00,0.00,1.95,1.53,AN1,C32D,2.95,0.00,1.95,1.49,AN2,8A94,2.95,5.89,1.95,5.51,AN3,0323,-0.09,6.04,1.95,5.52,POS,1.47,0.58,1.45,50
DIST,4,AN0,189B,0.00,0.00,1.95,1.49,AN1,C32D,2.95,0.00,1.95,1.49,AN2,8A94,2.95,5.89,1.95,5.52,AN3,0323,-0.09,6.04,1.95,5.52,POS,1.47,0.58,1.43,52
DIST,4,AN0,189B,0.00,0.00,1.95,1.55,AN1,C32D,2.95,0.00,1.95,1.41,AN2,8A94,2.95,5.89,1.95,5.49,AN3,0323,-0.09,6.04,1.95,5.55,POS,1.49,0.58,1.42,54
DIST,4,AN0,C32D,2.95,0.00,1.95,1.48,AN1,189B,0.00,0.00,1.95,1.46,AN2,8A94,2.95,5.89,1.95,5.49,AN3,0323,-0.09,6.04,1.95,5.57,POS,1.45,0.52,1.41,63
DIST,4,AN0,189B,0.00,0.00,1.95,1.52,AN1,C32D,2.95,0.00,1.95,1.48,AN2,8A94,2.95,5.89,1.95,5.53,AN3,0323,-0.09,6.04,1.95,5.51,POS,1.46,0.54,1.39,51
DIST,4,AN0,189B,0.00,0.00,1.95,1.45,AN1,C32D,2.95,0.00,1.95,1.41,AN2,8A94,2.95,5.89,1.95,5.48,AN3,0323,-0.09,6.04,1.95,5.54,POS,1.41,0.48,1.38,64
DIST,4,AN0,189B,0.00,0.00,1.95,1.42,AN1,C32D,2.95,0.00,1.95,1.52,AN2,8A94,2.95,5.89,1.95,5.50,AN3,0323,-0.09,6.04,1.95,5.48,POS,1.41,0.50,1.39,55
DIST,4,AN0,189B,0.00,0.00,1.95,1.44,AN1,C32D,2.95,0.00,1.95,1.44,AN2,8A94,2.95,5.89,1.95,5.48,AN3,0323,-0.09,6.04,1.95,5.52,POS,1.37,0.45,1.38,63
DIST,4,AN0,189B,0.00,0.00,1.95,1.45,AN1,C32D,2.95,0.00,1.95,1.53,AN2,8A94,2.95,5.89,1.95,5.54,AN3,0323,-0.09,6.04,1.95,5.47,POS,1.39,0.49,1.38,53
DIST,4,AN0,189B,0.00,0.00,1.95,1.38,AN1,C32D,2.95,0.00,1.95,1.52,AN2,8A94,2.95,5.89,1.95,5.53,AN3,0323,-0.09,6.04,1.95,5.53,POS,1.39,0.50,1.39,59
DIST,4,AN0,189B,0.00,0.00,1.95,1.41,AN1,C32D,2.95,0.00,1.95,1.61,AN2,8A94,2.95,5.89,1.95,5.46,AN3,0323,-0.09,6.04,1.95,5.36,POS,1.38,0.55,1.41,57
DIST,4,AN0,189B,0.00,0.00,1.95,1.43,AN1,C32D,2.95,0.00,1.95,1.69,AN2,8A94,2.95,5.89,1.95,5.33,AN3,0323,-0.09,6.04,1.95,5.29,POS,1.37,0.60,1.40,57
DIST,4,AN0,189B,0.00,0.00,1.95,1.43,AN1,C32D,2.95,0.00,1.95,1.77,AN2,8A94,2.95,5.89,1.95,5.29,AN3,0323,-0.09,6.04,1.95,5.22,POS,1.34,0.66,1.38,58
DIST,4,AN0,189B,0.00,0.00,1.95,1.55,AN1,C32D,2.95,0.00,1.95,1.70,AN2,8A94,2.95,5.89,1.95,5.19,AN3,0323,-0.09,6.04,1.95,5.06,POS,1.35,0.74,1.43,72
DIST,4,AN0,189B,0.00,0.00,1.95,1.54,AN1,C32D,2.95,0.00,1.95,1.74,AN2,8A94,2.95,5.89,1.95,5.16,AN3,0323,-0.09,6.04,1.95,5.11,POS,1.35,0.80,1.42,66
DIST,4,AN0,189B,0.00,0.00,1.95,1.61,AN1,C32D,2.95,0.00,1.95,1.71,AN2,8A94,2.95,5.89,1.95,5.13,AN3,0323,-0.09,6.04,1.95,5.04,POS,1.37,0.86,1.44,72
DIST,4,AN0,189B,0.00,0.00,1.95,1.60,AN1,C32D,2.95,0.00,1.95,1.70,AN2,8A94,2.95,5.89,1.95,5.12,AN3,0323,-0.09,6.04,1.95,4.98,POS,1.38,0.91,1.51,77
DIST,4,AN0,189B,0.00,0.00,1.95,1.61,AN1,C32D,2.95,0.00,1.95,1.71,AN2,8A94,2.95,5.89,1.95,5.11,AN3,0323,-0.09,6.04,1.95,5.03,POS,1.39,0.95,1.51,73
DIST,4,AN0,189B,0.00,0.00,1.95,1.62,AN1,C32D,2.95,0.00,1.95,1.62,AN2,8A94,2.95,5.89,1.95,5.11,AN3,0323,-0.09,6.04,1.95,5.08,POS,1.41,0.96,1.53,74
DIST,4,AN0,189B,0.00,0.00,1.95,1.60,AN1,C32D,2.95,0.00,1.95,1.68,AN2,8A94,2.95,5.89,1.95,5.12,AN3,0323,-0.09,6.04,1.95,5.11,POS,1.41,0.97,1.51,70
DIST,4,AN0,189B,0.00,0.00,1.95,1.66,AN1,C32D,2.95,0.00,1.95,1.62,AN2,8A94,2.95,5.89,1.95,5.13,AN3,0323,-0.09,6.04,1.95,5.10,POS,1.43,0.98,1.51,72
DIST,4,AN0,189B,0.00,0.00,1.95,1.63,AN1,C32D,2.95,0.00,1.95,1.65,AN2,8A94,2.95,5.89,1.95,5.14,AN3,0323,-0.09,6.04,1.95,5.02,POS,1.44,1.00,1.54,77
DIST,4,AN0,189B,0.00,0.00,1.95,1.63,AN1,C32D,2.95,0.00,1.95,1.57,AN2,8A94,2.95,5.89,1.95,5.10,AN3,0323,-0.09,6.04,1.95,5.05,POS,1.46,1.01,1.62,77
DIST,4,AN0,189B,0.00,0.00,1.95,1.66,AN1,C32D,2.95,0.00,1.95,1.63,AN2,8A94,2.95,5.89,1.95,5.17,AN3,0323,-0.09,6.04,1.95,5.06,POS,1.47,1.02,1.61,74
DIST,4,AN0,189B,0.00,0.00,1.95,1.63,AN1,C32D,2.95,0.00,1.95,1.60,AN2,8A94,2.95,5.89,1.95,5.13,AN3,0323,-0.09,6.04,1.95,5.06,POS,1.47,1.02,1.63,76
DIST,4,AN0,189B,0.00,0.00,1.95,1.63,AN1,C32D,2.95,0.00,1.95,1.63,AN2,8A94,2.95,5.89,1.95,5.20,AN3,0323,-0.09,6.04,1.95,5.09,POS,1.47,1.01,1.61,73
DIST,4,AN0,189B,0.00,0.00,1.95,1.61,AN1,C32D,2.95,0.00,1.95,1.64,AN2,8A94,2.95,5.89,1.95,5.16,AN3,0323,-0.09,6.04,1.95,5.05,POS,1.47,1.02,1.61,75
DIST,4,AN0,189B,0.00,0.00,1.95,1.64,AN1,C32D,2.95,0.00,1.95,1.67,AN2,8A94,2.95,5.89,1.95,5.12,AN3,0323,-0.09,6.04,1.95,5.07,POS,1.47,1.02,1.58,73
DIST,4,AN0,189B,0.00,0.00,1.95,1.61,AN1,C32D,2.95,0.00,1.95,1.62,AN2,8A94,2.95,5.89,1.95,5.20,AN3,0323,-0.09,6.04,1.95,5.02,POS,1.47,1.03,1.65,79
DIST,4,AN0,189B,0.00,0.00,1.95,1.64,AN1,C32D,2.95,0.00,1.95,1.66,AN2,8A94,2.95,5.89,1.95,5.12,AN3,0323,-0.09,6.04,1.95,5.04,POS,1.46,1.03,1.63,75
DIST,4,AN0,189B,0.00,0.00,1.95,1.59,AN1,C32D,2.95,0.00,1.95,1.61,AN2,8A94,2.95,5.89,1.95,5.16,AN3,0323,-0.09,6.04,1.95,5.12,POS,1.46,1.02,1.62,73
DIST,4,AN0,189B,0.00,0.00,1.95,1.58,AN1,C32D,2.95,0.00,1.95,1.63,AN2,8A94,2.95,5.89,1.95,5.15,AN3,0323,-0.09,6.04,1.95,5.08,POS,1.46,1.01,1.63,75
DIST,4,AN0,189B,0.00,0.00,1.95,1.63,AN1,C32D,2.95,0.00,1.95,1.59,AN2,8A94,2.95,5.89,1.95,5.13,AN3,0323,-0.09,6.04,1.95,5.11,POS,1.47,1.01,1.62,73
DIST,4,AN0,189B,0.00,0.00,1.95,1.66,AN1,C32D,2.95,0.00,1.95,1.63,AN2,8A94,2.95,5.89,1.95,5.14,AN3,0323,-0.09,6.04,1.95,5.11,POS,1.48,1.00,1.59,71
DIST,4,AN0,C32D,2.95,0.00,1.95,1.62,AN1,189B,0.00,0.00,1.95,1.64,AN2,8A94,2.95,5.89,1.95,5.14,AN3,0323,-0.09,6.04,1.95,5.10,POS,1.48,1.00,1.57,72
DIST,4,AN0,C32D,2.95,0.00,1.95,1.62,AN1,189B,0.00,0.00,1.95,1.64,AN2,8A94,2.95,5.89,1.95,5.16,AN3,0323,-0.09,6.04,1.95,5.06,POS,1.48,1.01,1.58,75
DIST,4,AN0,C32D,2.95,0.00,1.95,1.60,AN1,189B,0.00,0.00,1.95,1.63,AN2,8A94,2.95,5.89,1.95,5.12,AN3,0323,-0.09,6.04,1.95,5.12,POS,1.48,1.00,1.57,72
DIST,4,AN0,C32D,2.95,0.00,1.95,1.62,AN1,189B,0.00,0.00,1.95,1.61,AN2,8A94,2.95,5.89,1.95,5.18,AN3,0323,-0.09,6.04,1.95,5.02,POS,1.48,1.00,1.49,66
DIST,4,AN0,C32D,2.95,0.00,1.95,1.71,AN1,189B,0.00,0.00,1.95,1.62,AN2,8A94,2.95,5.89,1.95,5.10,AN3,0323,-0.09,6.04,1.95,5.04,POS,1.46,1.01,1.49,72
DIST,4,AN0,189B,0.00,0.00,1.95,1.59,AN1,C32D,2.95,0.00,1.95,1.71,AN2,8A94,2.95,5.89,1.95,5.14,AN3,0323,-0.09,6.04,1.95,4.99,POS,1.45,1.03,1.53,76
DIST,4,AN0,189B,0.00,0.00,1.95,1.65,AN1,C32D,2.95,0.00,1.95,1.78,AN2,8A94,2.95,5.89,1.95,4.97,AN3,0323,-0.09,6.04,1.95,4.95,POS,1.43,1.05,1.51,74
DIST,4,AN0,189B,0.00,0.00,1.95,1.71,AN1,C32D,2.95,0.00,1.95,1.82,AN2,8A94,2.95,5.89,1.95,4.89,AN3,0323,-0.09,6.04,1.95,4.81,POS,1.42,1.11,1.55,81
DIST,4,AN0,189B,0.00,0.00,1.95,1.81,AN1,C32D,2.95,0.00,1.95,1.91,AN2,8A94,2.95,5.89,1.95,4.76,AN3,0323,-0.09,6.04,1.95,4.74,POS,1.36,1.13,1.51,69
DIST,4,AN0,189B,0.00,0.00,1.95,1.89,AN1,C32D,2.95,0.00,1.95,1.99,AN2,8A94,2.95,5.89,1.95,4.61,AN3,0323,-0.09,6.04,1.95,4.59,POS,1.37,1.22,1.53,85
DIST,4,AN0,189B,0.00,0.00,1.95,1.92,AN1,C32D,2.95,0.00,1.95,1.95,AN2,8A94,2.95,5.89,1.95,4.60,AN3,0323,-0.09,6.04,1.95,4.62,POS,1.34,1.25,1.49,74
DIST,4,AN0,189B,0.00,0.00,1.95,1.87,AN1,C32D,2.95,0.00,1.95,1.88,AN2,8A94,2.95,5.89,1.95,4.64,AN3,0323,-0.09,6.04,1.95,4.65,POS,1.37,1.30,1.56,88
DIST,4,AN0,189B,0.00,0.00,1.95,1.86,AN1,C32D,2.95,0.00,1.95,1.94,AN2,8A94,2.95,5.89,1.95,4.66,AN3,0323,-0.09,6.04,1.95,4.64,POS,1.38,1.34,1.57,85
DIST,4,AN0,189B,0.00,0.00,1.95,1.91,AN1,C32D,2.95,0.00,1.95,1.96,AN2,8A94,2.95,5.89,1.95,4.69,AN3,0323,-0.09,6.04,1.95,4.61,POS,1.40,1.38,1.57,86
DIST,4,AN0,189B,0.00,0.00,1.95,1.88,AN1,C32D,2.95,0.00,1.95,1.94,AN2,8A94,2.95,5.89,1.95,4.63,AN3,0323,-0.09,6.04,1.95,4.60,POS,1.40,1.41,1.60,87
DIST,4,AN0,189B,0.00,0.00,1.95,1.94,AN1,C32D,2.95,0.00,1.95,1.91,AN2,8A94,2.95,5.89,1.95,4.70,AN3,0323,-0.09,6.04,1.95,4.60,POS,1.43,1.43,1.64,88
DIST,4,AN0,189B,0.00,0.00,1.95,1.92,AN1,C32D,2.95,0.00,1.95,1.93,AN2,8A94,2.95,5.89,1.95,4.67,AN3,0323,-0.09,6.04,1.95,4.62,POS,1.44,1.45,1.63,87
DIST,4,AN0,189B,0.00,0.00,1.95,1.94,AN1,C32D,2.95,0.00,1.95,1.98,AN2,8A94,2.95,5.89,1.95,4.69,AN3,0323,-0.09,6.04,1.95,4.57,POS,1.44,1.47,1.62,87
DIST,4,AN0,189B,0.00,0.00,1.95,1.95,AN1,C32D,2.95,0.00,1.95,2.00,AN2,8A94,2.95,5.89,1.95,4.61,AN3,0323,-0.09,6.04,1.95,4.53,POS,1.44,1.50,1.64,89
DIST,4,AN0,189B,0.00,0.00,1.95,1.93,AN1,C32D,2.95,0.00,1.95,1.99,AN2,8A94,2.95,5.89,1.95,4.62,AN3,0323,-0.09,6.04,1.95,4.60,POS,1.44,1.50,1.60,85
DIST,4,AN0,189B,0.00,0.00,1.95,1.92,AN1,C32D,2.95,0.00,1.95,2.00,AN2,8A94,2.95,5.89,1.95,4.58,AN3,0323,-0.09,6.04,1.95,4.60,POS,1.39,1.47,1.52,73
DIST,4,AN0,189B,0.00,0.00,1.95,1.92,AN1,C32D,2.95,0.00,1.95,2.02,AN2,8A94,2.95,5.89,1.95,4.63,AN3,0323,-0.09,6.04,1.95,4.60,POS,1.33,1.44,1.48,71
DIST,4,AN0,189B,0.00,0.00,1.95,1.93,AN1,C32D,2.95,0.00,1.95,1.97,AN2,8A94,2.95,5.89,1.95,4.65,AN3,0323,-0.09,6.04,1.95,4.65,POS,1.30,1.40,1.44,71
DIST,4,AN0,189B,0.00,0.00,1.95,1.89,AN1,C32D,2.95,0.00,1.95,1.97,AN2,8A94,2.95,5.89,1.95,4.63,AN3,0323,-0.09,6.04,1.95,4.62,POS,1.27,1.38,1.44,73
DIST,4,AN0,189B,0.00,0.00,1.95,1.96,AN1,C32D,2.95,0.00,1.95,1.97,AN2,8A94,2.95,5.89,1.95,4.66,AN3,0323,-0.09,6.04,1.95,4.59,POS,1.32,1.42,1.47,87
DIST,4,AN0,189B,0.00,0.00,1.95,1.96,AN1,C32D,2.95,0.00,1.95,1.95,AN2,8A94,2.95,5.89,1.95,4.62,AN3,0323,-0.09,6.04,1.95,4.55,POS,1.36,1.45,1.54,90
DIST,4,AN0,189B,0.00,0.00,1.95,1.94,AN1,C32D,2.95,0.00,1.95,2.00,AN2,8A94,2.95,5.89,1.95,4.61,AN3,0323,-0.09,6.04,1.95,4.61,POS,1.32,1.43,1.49,72
DIST,4,AN0,189B,0.00,0.00,1.95,1.97,AN1,C32D,2.95,0.00,1.95,1.95,AN2,8A94,2.95,5.89,1.95,4.61,AN3,0323,-0.09,6.04,1.95,4.56,POS,1.36,1.46,1.54,89
DIST,4,AN0,189B,0.00,0.00,1.95,1.94,AN1,C32D,2.95,0.00,1.95,1.91,AN2,8A94,2.95,5.89,1.95,4.63,AN3,0323,-0.09,6.04,1.95,4.63,POS,1.39,1.47,1.56,86
DIST,4,AN0,189B,0.00,0.00,1.95,1.96,AN1,C32D,2.95,0.00,1.95,1.90,AN2,8A94,2.95,5.89,1.95,4.60,AN3,0323,-0.09,6.04,1.95,4.59,POS,1.43,1.48,1.61,88
DIST,4,AN0,189B,0.00,0.00,1.95,1.95,AN1,C32D,2.95,0.00,1.95,1.88,AN2,8A94,2.95,5.89,1.95,4.59,AN3,0323,-0.09,6.04,1.95,4.58,POS,1.45,1.49,1.52,78
DIST,4,AN0,189B,0.00,0.00,1.95,1.96,AN1,C32D,2.95,0.00,1.95,1.83,AN2,8A94,2.95,5.89,1.95,4.57,AN3,0323,-0.09,6.04,1.95,4.55,POS,1.48,1.49,1.48,81
DIST,4,AN0,C32D,2.95,0.00,1.95,1.98,AN1,189B,0.00,0.00,1.95,1.96,AN2,8A94,2.95,5.89,1.95,4.61,AN3,0323,-0.09,6.04,1.95,4.61,POS,1.48,1.50,1.47,84
DIST,4,AN0,C32D,2.95,0.00,1.95,1.89,AN1,189B,0.00,0.00,1.95,1.95,AN2,8A94,2.95,5.89,1.95,4.58,AN3,0323,-0.09,6.04,1.95,4.59,POS,1.49,1.49,1.41,77
DIST,4,AN0,C32D,2.95,0.00,1.95,1.82,AN1,189B,0.00,0.00,1.95,2.00,AN2,8A94,2.95,5.89,1.95,4.56,AN3,0323,-0.09,6.04,1.95,4.62,POS,1.52,1.49,1.36,76
DIST,4,AN0,C32D,2.95,0.00,1.95,1.93,AN1,189B,0.00,0.00,1.95,1.96,AN2,8A94,2.95,5.89,1.95,4.60,AN3,0323,-0.09,6.04,1.95,4.56,POS,1.51,1.51,1.47,89
DIST,3,AN0,C32D,2.95,0.00,1.95,1.91,AN1,189B,0.00,0.00,1.95,1.90,AN2,8A94,2.95,5.89,1.95,4.60,POS,1.50,1.47,1.44,79
DIST,4,AN0,C32D,2.95,0.00,1.95,1.94,AN1,189B,0.00,0.00,1.95,1.93,AN2,8A94,2.95,5.89,1.95,4.57,AN3,0323,-0.09,6.04,1.95,4.59,POS,1.43,1.44,1.44,76
DIST,4,AN0,189B,0.00,0.00,1.95,1.97,AN1,C32D,2.95,0.00,1.95,1.90,AN2,8A94,2.95,5.89,1.95,4.59,AN3,0323,-0.09,6.04,1.95,4.60,POS,1.46,1.47,1.53,88
DIST,4,AN0,189B,0.00,0.00,1.95,1.95,AN1,C32D,2.95,0.00,1.95,1.85,AN2,8A94,2.95,5.89,1.95,4.58,AN3,0323,-0.09,6.04,1.95,4.51,POS,1.48,1.49,1.51,83
DIST,4,AN0,C32D,2.95,0.00,1.95,1.85,AN1,189B,0.00,0.00,1.95,2.01,AN2,8A94,2.95,5.89,1.95,4.54,AN3,0323,-0.09,6.04,1.95,4.59,POS,1.51,1.49,1.44,77
DIST,4,AN0,C32D,2.95,0.00,1.95,1.93,AN1,189B,0.00,0.00,1.95,1.95,AN2,8A94,2.95,5.89,1.95,4.57,AN3,0323,-0.09,6.04,1.95,4.53,POS,1.50,1.50,1.39,79
DIST,4,AN0,C32D,2.95,0.00,1.95,1.90,AN1,189B,0.00,0.00,1.95,1.97,AN2,8A94,2.95,5.89,1.95,4.58,AN3,0323,-0.09,6.04,1.95,4.49,POS,1.51,1.52,1.38,82
DIST,4,AN0,C32D,2.95,0.00,1.95,1.95,AN1,189B,0.00,0.00,1.95,1.93,AN2,8A94,2.95,5.89,1.95,4.56,AN3,0323,-0.09,6.04,1.95,4.53,POS,1.50,1.52,1.34,79
DIST,4,AN0,C32D,2.95,0.00,1.95,1.95,AN1,189B,0.00,0.00,1.95,1.97,AN2,8A94,2.95,5.89,1.95,4.57,AN3,0323,-0.09,6.04,1.95,4.55,POS,1.49,1.53,1.43,89
DIST,4,AN0,C32D,2.95,0.00,1.95,2.05,AN1,189B,0.00,0.00,1.95,1.93,AN2,8A94,2.95,5.89,1.95,4.55,AN3,0323,-0.09,6.04,1.95,4.54,POS,1.42,1.50,1.40,73
DIST,4,AN0,189B,0.00,0.00,1.95,1.93,AN1,C32D,2.95,0.00,1.95,1.98,AN2,8A94,2.95,5.89,1.95,4.59,AN3,0323,-0.09,6.04,1.95,4.58,POS,1.42,1.51,1.45,87
DIST,4,AN0,189B,0.00,0.00,1.95,1.94,AN1,C32D,2.95,0.00,1.95,2.04,AN2,8A94,2.95,5.89,1.95,4.60,AN3,0323,-0.09,6.04,1.95,4.53,POS,1.42,1.52,1.47,86
DIST,4,AN0,189B,0.00,0.00,1.95,2.04,AN1,C32D,2.95,0.00,1.95,2.09,AN2,8A94,2.95,5.89,1.95,4.50,AN3,0323,-0.09,6.04,1.95,4.41,POS,1.42,1.57,1.52,90
DIST,4,AN0,189B,0.00,0.00,1.95,2.15,AN1,C32D,2.95,0.00,1.95,2.20,AN2,8A94,2.95,5.89,1.95,4.30,AN3,0323,-0.09,6.04,1.95,4.30,POS,1.37,1.59,1.47,80
DIST,4,AN0,189B,0.00,0.00,1.95,2.21,AN1,C32D,2.95,0.00,1.95,2.30,AN2,8A94,2.95,5.89,1.95,4.27,AN3,0323,-0.09,6.04,1.95,4.15,POS,1.38,1.68,1.55,94
DIST,4,AN0,189B,0.00,0.00,1.95,2.30,AN1,C32D,2.95,0.00,1.95,2.34,AN2,8A94,2.95,5.89,1.95,4.21,AN3,0323,-0.09,6.04,1.95,4.13,POS,1.39,1.76,1.56,93
DIST,4,AN0,189B,0.00,0.00,1.95,2.31,AN1,C32D,2.95,0.00,1.95,2.33,AN2,8A94,2.95,5.89,1.95,4.22,AN3,0323,-0.09,6.04,1.95,4.13,POS,1.41,1.83,1.56,93
DIST,4,AN0,189B,0.00,0.00,1.95,2.30,AN1,C32D,2.95,0.00,1.95,2.35,AN2,8A94,2.95,5.89,1.95,4.22,AN3,0323,-0.09,6.04,1.95,4.11,POS,1.41,1.87,1.57,93
DIST,4,AN0,189B,0.00,0.00,1.95,2.31,AN1,C32D,2.95,0.00,1.95,2.30,AN2,8A94,2.95,5.89,1.95,4.18,AN3,0323,-0.09,6.04,1.95,4.14,POS,1.43,1.91,1.60,94
DIST,4,AN0,189B,0.00,0.00,1.95,2.27,AN1,C32D,2.95,0.00,1.95,2.30,AN2,8A94,2.95,5.89,1.95,4.21,AN3,0323,-0.09,6.04,1.95,4.13,POS,1.44,1.93,1.65,95
DIST,4,AN0,189B,0.00,0.00,1.95,2.27,AN1,C32D,2.95,0.00,1.95,2.28,AN2,8A94,2.95,5.89,1.95,4.20,AN3,0323,-0.09,6.04,1.95,4.10,POS,1.44,1.94,1.55,86
DIST,4,AN0,189B,0.00,0.00,1.95,2.36,AN1,C32D,2.95,0.00,1.95,2.25,AN2,8A94,2.95,5.89,1.95,4.13,AN3,0323,-0.09,6.04,1.95,4.07,POS,1.47,1.97,1.49,87
DIST,4,AN0,189B,0.00,0.00,1.95,2.37,AN1,C32D,2.95,0.00,1.95,2.28,AN2,8A94,2.95,5.89,1.95,4.15,AN3,0323,-0.09,6.04,1.95,4.10,POS,1.50,1.98,1.42,84
DIST,4,AN0,C32D,2.95,0.00,1.95,2.34,AN1,189B,0.00,0.00,1.95,2.34,AN2,8A94,2.95,5.89,1.95,4.14,AN3,0323,-0.09,6.04,1.95,4.03,POS,1.49,2.01,1.37,87
DIST,4,AN0,C32D,2.95,0.00,1.95,2.37,AN1,189B,0.00,0.00,1.95,2.34,AN2,8A94,2.95,5.89,1.95,4.11,AN3,0323,-0.09,6.04,1.95,4.06,POS,1.48,2.02,1.46,95
DIST,4,AN0,C32D,2.95,0.00,1.95,2.37,AN1,189B,0.00,0.00,1.95,2.37,AN2,8A94,2.95,5.89,1.95,4.12,AN3,0323,-0.09,6.04,1.95,4.09,POS,1.48,2.03,1.48,93
DIST,4,AN0,C32D,2.95,0.00,1.95,2.28,AN1,189B,0.00,0.00,1.95,2.32,AN2,8A94,2.95,5.89,1.95,4.09,AN3,0323,-0.09,6.04,1.95,4.12,POS,1.49,2.02,1.41,84
DIST,4,AN0,C32D,2.95,0.00,1.95,2.30,AN1,189B,0.00,0.00,1.95,2.37,AN2,8A94,2.95,5.89,1.95,4.12,AN3,0323,-0.09,6.04,1.95,4.14,POS,1.50,2.03,1.46,93
DIST,4,AN0,C32D,2.95,0.00,1.95,2.34,AN1,189B,0.00,0.00,1.95,2.35,AN2,8A94,2.95,5.89,1.95,4.08,AN3,0323,-0.09,6.04,1.95,4.08,POS,1.43,2.00,1.44,84
DIST,4,AN0,189B,0.00,0.00,1.95,2.37,AN1,C32D,2.95,0.00,1.95,2.33,AN2,8A94,2.95,5.89,1.95,4.10,AN3,0323,-0.09,6.04,1.95,4.05,POS,1.45,2.01,1.38,85
DIST,4,AN0,189B,0.00,0.00,1.95,2.37,AN1,C32D,2.95,0.00,1.95,2.34,AN2,8A94,2.95,5.89,1.95,4.05,AN3,0323,-0.09,6.04,1.95,4.16,POS,1.44,2.00,1.42,91
DIST,4,AN0,189B,0.00,0.00,1.95,2.37,AN1,C32D,2.95,0.00,1.95,2.33,AN2,8A94,2.95,5.89,1.95,4.07,AN3,0323,-0.09,6.04,1.95,4.09,POS,1.39,1.98,1.39,84
DIST,4,AN0,189B,0.00,0.00,1.95,2.34,AN1,C32D,2.95,0.00,1.95,2.37,AN2,8A94,2.95,5.89,1.95,4.15,AN3,0323,-0.09,6.04,1.95,4.11,POS,1.41,1.99,1.41,92
DIST,4,AN0,189B,0.00,0.00,1.95,2.33,AN1,C32D,2.95,0.00,1.95,2.32,AN2,8A94,2.95,5.89,1.95,4.13,AN3,0323,-0.09,6.04,1.95,4.15,POS,1.37,1.96,1.37,82
DIST,4,AN0,189B,0.00,0.00,1.95,2.31,AN1,C32D,2.95,0.00,1.95,2.32,AN2,8A94,2.95,5.89,1.95,4.17,AN3,0323,-0.09,6.04,1.95,4.14,POS,1.39,1.97,1.42,93
DIST,4,AN0,189B,0.00,0.00,1.95,2.31,AN1,C32D,2.95,0.00,1.95,2.32,AN2,8A94,2.95,5.89,1.95,4.15,AN3,0323,-0.09,6.04,1.95,4.17,POS,1.36,1.94,1.36,80
DIST,4,AN0,189B,0.00,0.00,1.95,2.28,AN1,C32D,2.95,0.00,1.95,2.31,AN2,8A94,2.95,5.89,1.95,4.16,AN3,0323,-0.09,6.04,1.95,4.14,POS,1.32,1.91,1.36,82
DIST,4,AN0,189B,0.00,0.00,1.95,2.27,AN1,C32D,2.95,0.00,1.95,2.39,AN2,8A94,2.95,5.89,1.95,4.19,AN3,0323,-0.09,6.04,1.95,4.11,POS,1.26,1.90,1.34,80
DIST,4,AN0,189B,0.00,0.00,1.95,2.28,AN1,C32D,2.95,0.00,1.95,2.36,AN2,8A94,2.95,5.89,1.95,4.16,AN3,0323,-0.09,6.04,1.95,4.06,POS,1.30,1.93,1.30,84
DIST,4,AN0,189B,0.00,0.00,1.95,2.30,AN1,C32D,2.95,0.00,1.95,2.45,AN2,8A94,2.95,5.89,1.95,4.11,AN3,0323,-0.09,6.04,1.95,4.04,POS,1.26,1.93,1.29,81
DIST,4,AN0,189B,0.00,0.00,1.95,2.47,AN1,C32D,2.95,0.00,1.95,2.46,AN2,8A94,2.95,5.89,1.95,4.03,AN3,0323,-0.09,6.04,1.95,3.92,POS,1.32,2.00,1.26,86
DIST,4,AN0,189B,0.00,0.00,1.95,2.60,AN1,C32D,2.95,0.00,1.95,2.57,AN2,8A94,2.95,5.89,1.95,3.84,AN3,0323,-0.09,6.04,1.95,3.88,POS,1.31,2.05,1.38,94
DIST,4,AN0,189B,0.00,0.00,1.95,2.68,AN1,C32D,2.95,0.00,1.95,2.70,AN2,8A94,2.95,5.89,1.95,3.73,AN3,0323,-0.09,6.04,1.95,3.75,POS,1.30,2.13,1.43,94
DIST,4,AN0,189B,0.00,0.00,1.95,2.72,AN1,C32D,2.95,0.00,1.95,2.80,AN2,8A94,2.95,5.89,1.95,3.66,AN3,0323,-0.09,6.04,1.95,3.69,POS,1.31,2.21,1.44,93
DIST,4,AN0,189B,0.00,0.00,1.95,2.77,AN1,C32D,2.95,0.00,1.95,2.77,AN2,8A94,2.95,5.89,1.95,3.65,AN3,0323,-0.09,6.04,1.95,3.76,POS,1.34,2.26,1.39,90
DIST,4,AN0,189B,0.00,0.00,1.95,2.74,AN1,C32D,2.95,0.00,1.95,2.72,AN2,8A94,2.95,5.89,1.95,3.62,AN3,0323,-0.09,6.04,1.95,3.66,POS,1.34,2.30,1.34,87
DIST,4,AN0,189B,0.00,0.00,1.95,2.75,AN1,C32D,2.95,0.00,1.95,2.76,AN2,8A94,2.95,5.89,1.95,3.65,AN3,0323,-0.09,6.04,1.95,3.72,POS,1.34,2.33,1.36,93
DIST,4,AN0,189B,0.00,0.00,1.95,2.74,AN1,C32D,2.95,0.00,1.95,2.78,AN2,8A94,2.95,5.89,1.95,3.64,AN3,0323,-0.09,6.04,1.95,3.66,POS,1.32,2.36,1.42,95
DIST,4,AN0,189B,0.00,0.00,1.95,2.79,AN1,C32D,2.95,0.00,1.95,2.74,AN2,8A94,2.95,5.89,1.95,3.58,AN3,0323,-0.09,6.04,1.95,3.74,POS,1.37,2.39,1.40,92
DIST,4,AN0,189B,0.00,0.00,1.95,2.78,AN1,C32D,2.95,0.00,1.95,2.72,AN2,8A94,2.95,5.89,1.95,3.57,AN3,0323,-0.09,6.04,1.95,3.71,POS,1.39,2.41,1.44,96
DIST,4,AN0,189B,0.00,0.00,1.95,2.77,AN1,C32D,2.95,0.00,1.95,2.68,AN2,8A94,2.95,5.89,1.95,3.62,AN3,0323,-0.09,6.04,1.95,3.73,POS,1.40,2.41,1.49,96
DIST,4,AN0,189B,0.00,0.00,1.95,2.77,AN1,C32D,2.95,0.00,1.95,2.71,AN2,8A94,2.95,5.89,1.95,3.67,AN3,0323,-0.09,6.04,1.95,3.72,POS,1.43,2.43,1.49,95
DIST,4,AN0,189B,0.00,0.00,1.95,2.76,AN1,C32D,2.95,0.00,1.95,2.74,AN2,8A94,2.95,5.89,1.95,3.63,AN3,0323,-0.09,6.04,1.95,3.70,POS,1.41,2.43,1.51,95
DIST,4,AN0,189B,0.00,0.00,1.95,2.80,AN1,C32D,2.95,0.00,1.95,2.75,AN2,8A94,2.95,5.89,1.95,3.58,AN3,0323,-0.09,6.04,1.95,3.76,POS,1.43,2.44,1.45,90
DIST,4,AN0,189B,0.00,0.00,1.95,2.77,AN1,C32D,2.95,0.00,1.95,2.76,AN2,8A94,2.95,5.89,1.95,3.62,AN3,0323,-0.09,6.04,1.95,3.75,POS,1.44,2.44,1.41,91
DIST,4,AN0,189B,0.00,0.00,1.95,2.79,AN1,C32D,2.95,0.00,1.95,2.74,AN2,8A94,2.95,5.89,1.95,3.67,AN3,0323,-0.09,6.04,1.95,3.78,POS,1.43,2.44,1.39,91
DIST,4,AN0,189B,0.00,0.00,1.95,2.75,AN1,C32D,2.95,0.00,1.95,2.74,AN2,8A94,2.95,5.89,1.95,3.63,AN3,0323,-0.09,6.04,1.95,3.75,POS,1.43,2.43,1.38,93
DIST,4,AN0,189B,0.00,0.00,1.95,2.74,AN1,C32D,2.95,0.00,1.95,2.72,AN2,8A94,2.95,5.89,1.95,3.64,AN3,0323,-0.09,6.04,1.95,3.76,POS,1.44,2.43,1.39,93
DIST,4,AN0,189B,0.00,0.00,1.95,2.74,AN1,C32D,2.95,0.00,1.95,2.74,AN2,8A94,2.95,5.89,1.95,3.62,AN3,0323,-0.09,6.04,1.95,3.77,POS,1.44,2.43,1.36,91
DIST,4,AN0,189B,0.00,0.00,1.95,2.76,AN1,C32D,2.95,0.00,1.95,2.74,AN2,8A94,2.95,5.89,1.95,3.64,AN3,0323,-0.09,6.04,1.95,3.73,POS,1.44,2.43,1.37,93
DIST,4,AN0,189B,0.00,0.00,1.95,2.76,AN1,C32D,2.95,0.00,1.95,2.75,AN2,8A94,2.95,5.89,1.95,3.65,AN3,0323,-0.09,6.04,1.95,3.72,POS,1.42,2.43,1.39,93
DIST,4,AN0,189B,0.00,0.00,1.95,2.78,AN1,C32D,2.95,0.00,1.95,2.72,AN2,8A94,2.95,5.89,1.95,3.64,AN3,0323,-0.09,6.04,1.95,3.64,POS,1.38,2.42,1.36,88
DIST,4,AN0,189B,0.00,0.00,1.95,2.76,AN1,C32D,2.95,0.00,1.95,2.73,AN2,8A94,2.95,5.89,1.95,3.68,AN3,0323,-0.09,6.04,1.95,3.65,POS,1.41,2.45,1.45,98
DIST,4,AN0,189B,0.00,0.00,1.95,2.81,AN1,C32D,2.95,0.00,1.95,2.73,AN2,8A94,2.95,5.89,1.95,3.60,AN3,0323,-0.09,6.04,1.95,3.68,POS,1.40,2.45,1.50,96
DIST,4,AN0,189B,0.00,0.00,1.95,2.80,AN1,C32D,2.95,0.00,1.95,2.74,AN2,8A94,2.95,5.89,1.95,3.64,AN3,0323,-0.09,6.04,1.95,3.66,POS,1.43,2.48,1.53,96
DIST,4,AN0,189B,0.00,0.00,1.95,2.79,AN1,C32D,2.95,0.00,1.95,2.68,AN2,8A94,2.95,5.89,1.95,3.59,AN3,0323,-0.09,6.04,1.95,3.77,POS,1.46,2.47,1.51,94
DIST,4,AN0,189B,0.00,0.00,1.95,2.82,AN1,C32D,2.95,0.00,1.95,2.70,AN2,8A94,2.95,5.89,1.95,3.60,AN3,0323,-0.09,6.04,1.95,3.75,POS,1.46,2.46,1.50,94
DIST,4,AN0,189B,0.00,0.00,1.95,2.84,AN1,C32D,2.95,0.00,1.95,2.69,AN2,8A94,2.95,5.89,1.95,3.58,AN3,0323,-0.09,6.04,1.95,3.71,POS,1.45,2.45,1.56,97
DIST,4,AN0,189B,0.00,0.00,1.95,2.82,AN1,C32D,2.95,0.00,1.95,2.80,AN2,8A94,2.95,5.89,1.95,3.65,AN3,0323,-0.09,6.04,1.95,3.75,POS,1.44,2.45,1.47,89
DIST,4,AN0,189B,0.00,0.00,1.95,2.82,AN1,C32D,2.95,0.00,1.95,2.73,AN2,8A94,2.95,5.89,1.95,3.63,AN3,0323,-0.09,6.04,1.95,3.70,POS,1.42,2.45,1.51,96
DIST,4,AN0,189B,0.00,0.00,1.95,2.78,AN1,C32D,2.95,0.00,1.95,2.70,AN2,8A94,2.95,5.89,1.95,3.55,AN3,0323,-0.09,6.04,1.95,3.68,POS,1.45,2.47,1.56,97
DIST,4,AN0,189B,0.00,0.00,1.95,2.82,AN1,C32D,2.95,0.00,1.95,2.74,AN2,8A94,2.95,5.89,1.95,3.56,AN3,0323,-0.09,6.04,1.95,3.72,POS,1.47,2.47,1.53,93
DIST,4,AN0,189B,0.00,0.00,1.95,2.81,AN1,C32D,2.95,0.00,1.95,2.77,AN2,8A94,2.95,5.89,1.95,3.58,AN3,0323,-0.09,6.04,1.95,3.79,POS,1.48,2.47,1.44,88
DIST,4,AN0,C32D,2.95,0.00,1.95,2.79,AN1,189B,0.00,0.00,1.95,2.82,AN2,8A94,2.95,5.89,1.95,3.63,AN3,0323,-0.09,6.04,1.95,3.66,POS,1.44,2.47,1.47,94
DIST,4,AN0,189B,0.00,0.00,1.95,2.75,AN1,C32D,2.95,0.00,1.95,2.75,AN2,8A94,2.95,5.89,1.95,3.59,AN3,0323,-0.09,6.04,1.95,3.73,POS,1.44,2.47,1.44,92
DIST,4,AN0,189B,0.00,0.00,1.95,2.77,AN1,C32D,2.95,0.00,1.95,2.76,AN2,8A94,2.95,5.89,1.95,3.61,AN3,0323,-0.09,6.04,1.95,3.76,POS,1.45,2.47,1.39,90
DIST,4,AN0,189B,0.00,0.00,1.95,2.75,AN1,C32D,2.95,0.00,1.95,2.83,AN2,8A94,2.95,5.89,1.95,3.63,AN3,0323,-0.09,6.04,1.95,3.62,POS,1.40,2.47,1.43,94
DIST,4,AN0,189B,0.00,0.00,1.95,2.76,AN1,C32D,2.95,0.00,1.95,2.81,AN2,8A94,2.95,5.89,1.95,3.64,AN3,0323,-0.09,6.04,1.95,3.59,POS,1.41,2.50,1.48,97
DIST,4,AN0,189B,0.00,0.00,1.95,2.76,AN1,C32D,2.95,0.00,1.95,2.80,AN2,8A94,2.95,5.89,1.95,3.67,AN3,0323,-0.09,6.04,1.95,3.73,POS,1.40,2.48,1.44,90
DIST,4,AN0,189B,0.00,0.00,1.95,2.77,AN1,C32D,2.95,0.00,1.95,2.82,AN2,8A94,2.95,5.89,1.95,3.63,AN3,0323,-0.09,6.04,1.95,3.65,POS,1.37,2.48,1.45,93
DIST,4,AN0,189B,0.00,0.00,1.95,2.72,AN1,C32D,2.95,0.00,1.95,2.87,AN2,8A94,2.95,5.89,1.95,3.67,AN3,0323,-0.09,6.04,1.95,3.64,POS,1.35,2.48,1.43,91
DIST,4,AN0,189B,0.00,0.00,1.95,2.75,AN1,C32D,2.95,0.00,1.95,2.81,AN2,8A94,2.95,5.89,1.95,3.64,AN3,0323,-0.09,6.04,1.95,3.60,POS,1.36,2.50,1.48,97
DIST,4,AN0,189B,0.00,0.00,1.95,2.74,AN1,C32D,2.95,0.00,1.95,2.86,AN2,8A94,2.95,5.89,1.95,3.64,AN3,0323,-0.09,6.04,1.95,3.52,POS,1.30,2.49,1.43,87
DIST,4,AN0,189B,0.00,0.00,1.95,2.83,AN1,C32D,2.95,0.00,1.95,2.93,AN2,8A94,2.95,5.89,1.95,3.56,AN3,0323,-0.09,6.04,1.95,3.50,POS,1.27,2.51,1.50,95
DIST,4,AN0,189B,0.00,0.00,1.95,2.96,AN1,C32D,2.95,0.00,1.95,3.07,AN2,8A94,2.95,5.89,1.95,3.48,AN3,0323,-0.09,6.04,1.95,3.40,POS,1.25,2.56,1.49,93
DIST,4,AN0,189B,0.00,0.00,1.95,3.06,AN1,C32D,2.95,0.00,1.95,3.18,AN2,0323,-0.09,6.04,1.95,3.30,AN3,8A94,2.95,5.89,1.95,3.37,POS,1.23,2.63,1.46,93
DIST,4,AN0,189B,0.00,0.00,1.95,3.11,AN1,C32D,2.95,0.00,1.95,3.25,AN2,0323,-0.09,6.04,1.95,3.12,AN3,8A94,2.95,5.89,1.95,3.29,POS,1.25,2.73,1.57,99
DIST,4,AN0,189B,0.00,0.00,1.95,3.13,AN1,C32D,2.95,0.00,1.95,3.27,AN2,0323,-0.09,6.04,1.95,3.16,AN3,8A94,2.95,5.89,1.95,3.27,POS,1.23,2.78,1.56,95
DIST,4,AN0,189B,0.00,0.00,1.95,3.18,AN1,C32D,2.95,0.00,1.95,3.25,AN2,0323,-0.09,6.04,1.95,3.19,AN3,8A94,2.95,5.89,1.95,3.20,POS,1.26,2.83,1.54,95
DIST,4,AN0,189B,0.00,0.00,1.95,3.18,AN1,C32D,2.95,0.00,1.95,3.24,AN2,0323,-0.09,6.04,1.95,3.19,AN3,8A94,2.95,5.89,1.95,3.23,POS,1.25,2.86,1.54,95
DIST,4,AN0,189B,0.00,0.00,1.95,3.14,AN1,C32D,2.95,0.00,1.95,3.19,AN2,0323,-0.09,6.04,1.95,3.16,AN3,8A94,2.95,5.89,1.95,3.20,POS,1.25,2.88,1.45,88
DIST,4,AN0,189B,0.00,0.00,1.95,3.17,AN1,C32D,2.95,0.00,1.95,3.22,AN2,0323,-0.09,6.04,1.95,3.18,AN3,8A94,2.95,5.89,1.95,3.10,POS,1.28,2.92,1.49,97
DIST,4,AN0,189B,0.00,0.00,1.95,3.19,AN1,C32D,2.95,0.00,1.95,3.22,AN2,8A94,2.95,5.89,1.95,3.19,AN3,0323,-0.09,6.04,1.95,3.27,POS,1.31,2.94,1.43,91
DIST,3,AN0,C32D,2.95,0.00,1.95,3.19,AN1,8A94,2.95,5.89,1.95,3.13,AN2,0323,-0.09,6.04,1.95,3.24,POS,1.33,2.95,1.44,95
DIST,4,AN0,189B,0.00,0.00,1.95,3.24,AN1,8A94,2.95,5.89,1.95,3.18,AN2,C32D,2.95,0.00,1.95,3.16,AN3,0323,-0.09,6.04,1.95,3.28,POS,1.39,2.97,1.44,95
DIST,4,AN0,189B,0.00,0.00,1.95,3.20,AN1,8A94,2.95,5.89,1.95,3.16,AN2,C32D,2.95,0.00,1.95,3.11,AN3,0323,-0.09,6.04,1.95,3.22,POS,1.44,2.98,1.38,89
DIST,4,AN0,8A94,2.95,5.89,1.95,3.13,AN1,189B,0.00,0.00,1.95,3.21,AN2,C32D,2.95,0.00,1.95,3.19,AN3,0323,-0.09,6.04,1.95,3.32,POS,1.45,2.98,1.35,91
DIST,4,AN0,8A94,2.95,5.89,1.95,3.14,AN1,189B,0.00,0.00,1.95,3.21,AN2,C32D,2.95,0.00,1.95,3.17,AN3,0323,-0.09,6.04,1.95,3.28,POS,1.46,2.99,1.36,94
DIST,4,AN0,8A94,2.95,5.89,1.95,3.13,AN1,189B,0.00,0.00,1.95,3.22,AN2,C32D,2.95,0.00,1.95,3.22,AN3,0323,-0.09,6.04,1.95,3.25,POS,1.46,3.00,1.36,93
DIST,3,AN0,8A94,2.95,5.89,1.95,3.15,AN1,C32D,2.95,0.00,1.95,3.22,AN2,0323,-0.09,6.04,1.95,3.30,POS,1.46,2.99,1.33,91
DIST,4,AN0,8A94,2.95,5.89,1.95,3.19,AN1,189B,0.00,0.00,1.95,3.24,AN2,C32D,2.95,0.00,1.95,3.19,AN3,0323,-0.09,6.04,1.95,3.24,POS,1.48,3.01,1.37,96
DIST,4,AN0,8A94,2.95,5.89,1.95,3.17,AN1,C32D,2.95,0.00,1.95,3.18,AN2,189B,0.00,0.00,1.95,3.20,AN3,0323,-0.09,6.04,1.95,3.21,POS,1.48,3.01,1.43,98
DIST,4,AN0,8A94,2.95,5.89,1.95,3.17,AN1,C32D,2.95,0.00,1.95,3.18,AN2,189B,0.00,0.00,1.95,3.24,AN3,0323,-0.09,6.04,1.95,3.22,POS,1.50,3.02,1.49,98
DIST,4,AN0,8A94,2.95,5.89,1.95,3.14,AN1,C32D,2.95,0.00,1.95,3.22,AN2,189B,0.00,0.00,1.95,3.22,AN3,0323,-0.09,6.04,1.95,3.27,POS,1.49,3.02,1.44,92
DIST,4,AN0,8A94,2.95,5.89,1.95,3.16,AN1,C32D,2.95,0.00,1.95,3.19,AN2,189B,0.00,0.00,1.95,3.23,AN3,0323,-0.09,6.04,1.95,3.33,POS,1.49,3.01,1.55,99
DIST,4,AN0,8A94,2.95,5.89,1.95,3.15,AN1,C32D,2.95,0.00,1.95,3.16,AN2,189B,0.00,0.00,1.95,3.22,AN3,0323,-0.09,6.04,1.95,3.33,POS,1.50,3.01,1.49,92
DIST,4,AN0,8A94,2.95,5.89,1.95,3.17,AN1,C32D,2.95,0.00,1.95,3.19,AN2,189B,0.00,0.00,1.95,3.26,AN3,0323,-0.09,6.04,1.95,3.30,POS,1.50,3.01,1.44,92
DIST,4,AN0,8A94,2.95,5.89,1.95,3.18,AN1,C32D,2.95,0.00,1.95,3.17,AN2,189B,0.00,0.00,1.95,3.25,AN3,0323,-0.09,6.04,1.95,3.32,POS,1.50,3.01,1.41,92
DIST,4,AN0,8A94,2.95,5.89,1.95,3.15,AN1,C32D,2.95,0.00,1.95,3.20,AN2,189B,0.00,0.00,1.95,3.25,AN3,0323,-0.09,6.04,1.95,3.34,POS,1.50,3.00,1.50,99
DIST,4,AN0,8A94,2.95,5.89,1.95,3.16,AN1,C32D,2.95,0.00,1.95,3.19,AN2,189B,0.00,0.00,1.95,3.23,AN3,0323,-0.09,6.04,1.95,3.33,POS,1.50,3.00,1.43,90
DIST,4,AN0,8A94,2.95,5.89,1.95,3.11,AN1,C32D,2.95,0.00,1.95,3.21,AN2,189B,0.00,0.00,1.95,3.19,AN3,0323,-0.09,6.04,1.95,3.18,POS,1.48,3.01,1.48,98
DIST,4,AN0,8A94,2.95,5.89,1.95,3.09,AN1,C32D,2.95,0.00,1.95,3.30,AN2,189B,0.00,0.00,1.95,3.31,AN3,0323,-0.09,6.04,1.95,3.12,POS,1.48,3.05,1.49,96
DIST,4,AN0,8A94,2.95,5.89,1.95,3.02,AN1,0323,-0.09,6.04,1.95,3.00,AN2,C32D,2.95,0.00,1.95,3.40,AN3,189B,0.00,0.00,1.95,3.37,POS,1.47,3.10,1.52,97
DIST,4,AN0,8A94,2.95,5.89,1.95,2.84,AN1,0323,-0.09,6.04,1.95,2.93,AN2,189B,0.00,0.00,1.95,3.54,AN3,C32D,2.95,0.00,1.95,3.50,POS,1.48,3.17,1.52,95
DIST,4,AN0,8A94,2.95,5.89,1.95,2.78,AN1,0323,-0.09,6.04,1.95,2.89,AN2,C32D,2.95,0.00,1.95,3.64,AN3,189B,0.00,0.00,1.95,3.63,POS,1.47,3.24,1.45,89
DIST,4,AN0,8A94,2.95,5.89,1.95,2.78,AN1,0323,-0.09,6.04,1.95,2.86,AN2,189B,0.00,0.00,1.95,3.65,AN3,C32D,2.95,0.00,1.95,3.69,POS,1.45,3.30,1.54,97
DIST,4,AN0,8A94,2.95,5.89,1.95,2.78,AN1,0323,-0.09,6.04,1.95,2.83,AN2,189B,0.00,0.00,1.95,3.64,AN3,C32D,2.95,0.00,1.95,3.64,POS,1.44,3.35,1.50,92
DIST,4,AN0,8A94,2.95,5.89,1.95,2.74,AN1,0323,-0.09,6.04,1.95,2.82,AN2,189B,0.00,0.00,1.95,3.63,AN3,C32D,2.95,0.00,1.95,3.68,POS,1.43,3.39,1.45,90
DIST,4,AN0,8A94,2.95,5.89,1.95,2.74,AN1,0323,-0.09,6.04,1.95,2.84,AN2,189B,0.00,0.00,1.95,3.65,AN3,C32D,2.95,0.00,1.95,3.60,POS,1.46,3.42,1.48,95
DIST,4,AN0,8A94,2.95,5.89,1.95,2.79,AN1,0323,-0.09,6.04,1.95,2.86,AN2,189B,0.00,0.00,1.95,3.63,AN3,C32D,2.95,0.00,1.95,3.64,POS,1.45,3.44,1.44,91
DIST,4,AN0,8A94,2.95,5.89,1.95,2.74,AN1,0323,-0.09,6.04,1.95,2.86,AN2,189B,0.00,0.00,1.95,3.66,AN3,C32D,2.95,0.00,1.95,3.62,POS,1.46,3.45,1.44,93
DIST,4,AN0,8A94,2.95,5.89,1.95,2.75,AN1,0323,-0.09,6.04,1.95,2.79,AN2,189B,0.00,0.00,1.95,3.67,AN3,C32D,2.95,0.00,1.95,3.67,POS,1.45,3.47,1.43,92
DIST,4,AN0,8A94,2.95,5.89,1.95,2.76,AN1,0323,-0.09,6.04,1.95,2.82,AN2,189B,0.00,0.00,1.95,3.65,AN3,C32D,2.95,0.00,1.95,3.66,POS,1.44,3.48,1.42,91
DIST,4,AN0,8A94,2.95,5.89,1.95,2.73,AN1,0323,-0.09,6.04,1.95,2.86,AN2,189B,0.00,0.00,1.95,3.66,AN3,C32D,2.95,0.00,1.95,3.65,POS,1.44,3.49,1.38,90
DIST,4,AN0,8A94,2.95,5.89,1.95,2.78,AN1,0323,-0.09,6.04,1.95,2.86,AN2,189B,0.00,0.00,1.95,3.66,AN3,C32D,2.95,0.00,1.95,3.64,POS,1.46,3.49,1.38,92
DIST,4,AN0,8A94,2.95,5.89,1.95,2.77,AN1,0323,-0.09,6.04,1.95,2.92,AN2,189B,0.00,0.00,1.95,3.72,AN3,C32D,2.95,0.00,1.95,3.66,POS,1.47,3.49,1.39,94
DIST,4,AN0,8A94,2.95,5.89,1.95,2.73,AN1,0323,-0.09,6.04,1.95,2.90,AN2,189B,0.00,0.00,1.95,3.65,AN3,C32D,2.95,0.00,1.95,3.66,POS,1.47,3.49,1.34,88
DIST,4,AN0,8A94,2.95,5.89,1.95,2.73,AN1,0323,-0.09,6.04,1.95,2.90,AN2,189B,0.00,0.00,1.95,3.65,AN3,C32D,2.95,0.00,1.95,3.70,POS,1.46,3.49,1.31,88
DIST,4,AN0,8A94,2.95,5.89,1.95,2.73,AN1,0323,-0.09,6.04,1.95,2.91,AN2,189B,0.00,0.00,1.95,3.63,AN3,C32D,2.95,0.00,1.95,3.59,POS,1.47,3.48,1.31,92
DIST,4,AN0,8A94,2.95,5.89,1.95,2.73,AN1,0323,-0.09,6.04,1.95,2.82,AN2,189B,0.00,0.00,1.95,3.71,AN3,C32D,2.95,0.00,1.95,3.57,POS,1.45,3.47,1.41,97
DIST,4,AN0,8A94,2.95,5.89,1.95,2.74,AN1,0323,-0.09,6.04,1.95,2.89,AN2,189B,0.00,0.00,1.95,3.67,AN3,C32D,2.95,0.00,1.95,3.55,POS,1.50,3.48,1.46,95
DIST,4,AN0,8A94,2.95,5.89,1.95,2.70,AN1,0323,-0.09,6.04,1.95,2.90,AN2,C32D,2.95,0.00,1.95,3.59,AN3,189B,0.00,0.00,1.95,3.68,POS,1.51,3.48,1.44,93
DIST,4,AN0,8A94,2.95,5.89,1.95,2.71,AN1,0323,-0.09,6.04,1.95,2.86,AN2,C32D,2.95,0.00,1.95,3.60,AN3,189B,0.00,0.00,1.95,3.70,POS,1.53,3.49,1.47,94
DIST,4,AN0,8A94,2.95,5.89,1.95,2.69,AN1,0323,-0.09,6.04,1.95,2.87,AN2,C32D,2.95,0.00,1.95,3.56,AN3,189B,0.00,0.00,1.95,3.67,POS,1.56,3.50,1.53,96
DIST,4,AN0,8A94,2.95,5.89,1.95,2.71,AN1,0323,-0.09,6.04,1.95,2.90,AN2,C32D,2.95,0.00,1.95,3.52,AN3,189B,0.00,0.00,1.95,3.67,POS,1.58,3.49,1.60,96
DIST,4,AN0,8A94,2.95,5.89,1.95,2.70,AN1,0323,-0.09,6.04,1.95,2.86,AN2,C32D,2.95,0.00,1.95,3.62,AN3,189B,0.00,0.00,1.95,3.66,POS,1.56,3.50,1.55,93
DIST,4,AN0,8A94,2.95,5.89,1.95,2.70,AN1,0323,-0.09,6.04,1.95,2.89,AN2,C32D,2.95,0.00,1.95,3.56,AN3,189B,0.00,0.00,1.95,3.66,POS,1.57,3.50,1.55,94
DIST,4,AN0,8A94,2.95,5.89,1.95,2.72,AN1,0323,-0.09,6.04,1.95,2.92,AN2,C32D,2.95,0.00,1.95,3.61,AN3,189B,0.00,0.00,1.95,3.66,POS,1.56,3.49,1.48,90
DIST,4,AN0,8A94,2.95,5.89,1.95,2.74,AN1,0323,-0.09,6.04,1.95,2.82,AN2,C32D,2.95,0.00,1.95,3.53,AN3,189B,0.00,0.00,1.95,3.66,POS,1.52,3.47,1.40,87
DIST,4,AN0,8A94,2.95,5.89,1.95,2.71,AN1,0323,-0.09,6.04,1.95,2.90,AN2,C32D,2.95,0.00,1.95,3.58,AN3,189B,0.00,0.00,1.95,3.56,POS,1.50,3.46,1.42,94
DIST,4,AN0,8A94,2.95,5.89,1.95,2.72,AN1,0323,-0.09,6.04,1.95,2.89,AN2,C32D,2.95,0.00,1.95,3.56,AN3,189B,0.00,0.00,1.95,3.57,POS,1.50,3.45,1.43,94
DIST,4,AN0,8A94,2.95,5.89,1.95,2.73,AN1,0323,-0.09,6.04,1.95,2.89,AN2,C32D,2.95,0.00,1.95,3.60,AN3,189B,0.00,0.00,1.95,3.64,POS,1.50,3.46,1.41,92
DIST,4,AN0,8A94,2.95,5.89,1.95,2.70,AN1,0323,-0.09,6.04,1.95,2.90,AN2,C32D,2.95,0.00,1.95,3.51,AN3,189B,0.00,0.00,1.95,3.68,POS,1.55,3.47,1.35,85
DIST,4,AN0,8A94,2.95,5.89,1.95,2.77,AN1,0323,-0.09,6.04,1.95,2.88,AN2,C32D,2.95,0.00,1.95,3.57,AN3,189B,0.00,0.00,1.95,3.66,POS,1.56,3.48,1.39,94
DIST,4,AN0,8A94,2.95,5.89,1.95,2.77,AN1,0323,-0.09,6.04,1.95,2.90,AN2,C32D,2.95,0.00,1.95,3.58,AN3,189B,0.00,0.00,1.95,3.70,POS,1.58,3.48,1.41,93
DIST,4,AN0,8A94,2.95,5.89,1.95,2.70,AN1,0323,-0.09,6.04,1.95,2.85,AN2,C32D,2.95,0.00,1.95,3.56,AN3,189B,0.00,0.00,1.95,3.62,POS,1.56,3.48,1.47,97
DIST,4,AN0,8A94,2.95,5.89,1.95,2.74,AN1,0323,-0.09,6.04,1.95,2.90,AN2,C32D,2.95,0.00,1.95,3.62,AN3,189B,0.00,0.00,1.95,3.67,POS,1.54,3.49,1.43,91
DIST,4,AN0,8A94,2.95,5.89,1.95,2.71,AN1,0323,-0.09,6.04,1.95,2.94,AN2,C32D,2.95,0.00,1.95,3.55,AN3,189B,0.00,0.00,1.95,3.61,POS,1.54,3.47,1.42,92
DIST,4,AN0,8A94,2.95,5.89,1.95,2.74,AN1,0323,-0.09,6.04,1.95,2.86,AN2,C32D,2.95,0.00,1.95,3.57,AN3,189B,0.00,0.00,1.95,3.64,POS,1.55,3.48,1.46,95
DIST,4,AN0,8A94,2.95,5.89,1.95,2.76,AN1,0323,-0.09,6.04,1.95,2.88,AN2,C32D,2.95,0.00,1.95,3.61,AN3,189B,0.00,0.00,1.95,3.64,POS,1.53,3.48,1.43,92
DIST,4,AN0,8A94,2.95,5.89,1.95,2.74,AN1,0323,-0.09,6.04,1.95,2.83,AN2,C32D,2.95,0.00,1.95,3.60,AN3,189B,0.00,0.00,1.95,3.60,POS,1.50,3.48,1.46,95
DIST,4,AN0,8A94,2.95,5.89,1.95,2.74,AN1,0323,-0.09,6.04,1.95,2.82,AN2,C32D,2.95,0.00,1.95,3.72,AN3,189B,0.00,0.00,1.95,3.68,POS,1.48,3.49,1.55,97
DIST,4,AN0,8A94,2.95,5.89,1.95,2.73,AN1,0323,-0.09,6.04,1.95,2.76,AN2,C32D,2.95,0.00,1.95,3.71,AN3,189B,0.00,0.00,1.95,3.64,POS,1.45,3.50,1.51,91
DIST,4,AN0,8A94,2.95,5.89,1.95,2.73,AN1,0323,-0.09,6.04,1.95,2.71,AN2,189B,0.00,0.00,1.95,3.72,AN3,C32D,2.95,0.00,1.95,3.79,POS,1.42,3.53,1.46,89
DIST,4,AN0,8A94,2.95,5.89,1.95,2.57,AN1,0323,-0.09,6.04,1.95,2.54,AN2,189B,0.00,0.00,1.95,3.82,AN3,C32D,2.95,0.00,1.95,3.82,POS,1.43,3.59,1.40,87
DIST,4,AN0,8A94,2.95,5.89,1.95,2.47,AN1,0323,-0.09,6.04,1.95,2.46,AN2,189B,0.00,0.00,1.95,3.95,AN3,C32D,2.95,0.00,1.95,4.03,POS,1.41,3.66,1.40,88
DIST,4,AN0,8A94,2.95,5.89,1.95,2.41,AN1,0323,-0.09,6.04,1.95,2.42,AN2,189B,0.00,0.00,1.95,3.96,AN3,C32D,2.95,0.00,1.95,4.10,POS,1.38,3.73,1.43,89
DIST,4,AN0,8A94,2.95,5.89,1.95,2.42,AN1,0323,-0.09,6.04,1.95,2.31,AN2,189B,0.00,0.00,1.95,4.13,AN3,C32D,2.95,0.00,1.95,4.09,POS,1.35,3.78,1.50,90
DIST,4,AN0,8A94,2.95,5.89,1.95,2.34,AN1,0323,-0.09,6.04,1.95,2.34,AN2,189B,0.00,0.00,1.95,4.16,AN3,C32D,2.95,0.00,1.95,4.11,POS,1.40,3.86,1.42,83
DIST,4,AN0,8A94,2.95,5.89,1.95,2.31,AN1,0323,-0.09,6.04,1.95,2.40,AN2,189B,0.00,0.00,1.95,4.10,AN3,C32D,2.95,0.00,1.95,4.13,POS,1.40,3.90,1.41,88
DIST,4,AN0,8A94,2.95,5.89,1.95,2.30,AN1,0323,-0.09,6.04,1.95,2.38,AN2,189B,0.00,0.00,1.95,4.14,AN3,C32D,2.95,0.00,1.95,4.14,POS,1.41,3.94,1.42,88
DIST,4,AN0,8A94,2.95,5.89,1.95,2.24,AN1,0323,-0.09,6.04,1.95,2.38,AN2,189B,0.00,0.00,1.95,4.11,AN3,C32D,2.95,0.00,1.95,4.10,POS,1.43,3.96,1.46,91
DIST,4,AN0,8A94,2.95,5.89,1.95,2.26,AN1,0323,-0.09,6.04,1.95,2.38,AN2,189B,0.00,0.00,1.95,4.07,AN3,C32D,2.95,0.00,1.95,4.14,POS,1.42,3.98,1.50,91
DIST,4,AN0,8A94,2.95,5.89,1.95,2.28,AN1,0323,-0.09,6.04,1.95,2.36,AN2,189B,0.00,0.00,1.95,4.13,AN3,C32D,2.95,0.00,1.95,4.13,POS,1.42,3.99,1.51,90
DIST,4,AN0,8A94,2.95,5.89,1.95,2.27,AN1,0323,-0.09,6.04,1.95,2.36,AN2,189B,0.00,0.00,1.95,4.17,AN3,C32D,2.95,0.00,1.95,4.14,POS,1.45,4.02,1.53,91
DIST,4,AN0,8A94,2.95,5.89,1.95,2.28,AN1,0323,-0.09,6.04,1.95,2.39,AN2,189B,0.00,0.00,1.95,4.14,AN3,C32D,2.95,0.00,1.95,4.06,POS,1.48,4.03,1.45,82
DIST,4,AN0,8A94,2.95,5.89,1.95,2.26,AN1,0323,-0.09,6.04,1.95,2.40,AN2,C32D,2.95,0.00,1.95,4.11,AN3,189B,0.00,0.00,1.95,4.14,POS,1.48,4.03,1.46,91
DIST,4,AN0,8A94,2.95,5.89,1.95,2.28,AN1,0323,-0.09,6.04,1.95,2.31,AN2,C32D,2.95,0.00,1.95,4.12,AN3,189B,0.00,0.00,1.95,4.09,POS,1.46,4.04,1.47,89
DIST,4,AN0,8A94,2.95,5.89,1.95,2.23,AN1,0323,-0.09,6.04,1.95,2.37,AN2,189B,0.00,0.00,1.95,4.16,AN3,C32D,2.95,0.00,1.95,4.10,POS,1.49,4.04,1.59,93
DIST,4,AN0,8A94,2.95,5.89,1.95,2.22,AN1,0323,-0.09,6.04,1.95,2.38,AN2,C32D,2.95,0.00,1.95,4.10,AN3,189B,0.00,0.00,1.95,4.13,POS,1.49,4.05,1.61,93
DIST,4,AN0,8A94,2.95,5.89,1.95,2.25,AN1,0323,-0.09,6.04,1.95,2.35,AN2,C32D,2.95,0.00,1.95,4.10,AN3,189B,0.00,0.00,1.95,4.10,POS,1.48,4.04,1.58,90
DIST,4,AN0,8A94,2.95,5.89,1.95,2.22,AN1,0323,-0.09,6.04,1.95,2.40,AN2,C32D,2.95,0.00,1.95,4.10,AN3,189B,0.00,0.00,1.95,4.14,POS,1.49,4.04,1.58,92
DIST,4,AN0,8A94,2.95,5.89,1.95,2.26,AN1,0323,-0.09,6.04,1.95,2.34,AN2,C32D,2.95,0.00,1.95,4.11,AN3,189B,0.00,0.00,1.95,4.17,POS,1.50,4.06,1.49,82
DIST,4,AN0,8A94,2.95,5.89,1.95,2.23,AN1,0323,-0.09,6.04,1.95,2.35,AN2,C32D,2.95,0.00,1.95,4.12,AN3,189B,0.00,0.00,1.95,4.21,POS,1.49,4.05,1.51,91
DIST,4,AN0,8A94,2.95,5.89,1.95,2.27,AN1,0323,-0.09,6.04,1.95,2.31,AN2,C32D,2.95,0.00,1.95,4.13,AN3,189B,0.00,0.00,1.95,4.19,POS,1.51,4.08,1.45,83
DIST,4,AN0,8A94,2.95,5.89,1.95,2.28,AN1,0323,-0.09,6.04,1.95,2.36,AN2,C32D,2.95,0.00,1.95,4.14,AN3,189B,0.00,0.00,1.95,4.10,POS,1.48,4.07,1.45,89
DIST,4,AN0,8A94,2.95,5.89,1.95,2.28,AN1,0323,-0.09,6.04,1.95,2.30,AN2,C32D,2.95,0.00,1.95,4.14,AN3,189B,0.00,0.00,1.95,4.15,POS,1.49,4.08,1.38,82
DIST,4,AN0,8A94,2.95,5.89,1.95,2.26,AN1,0323,-0.09,6.04,1.95,2.37,AN2,C32D,2.95,0.00,1.95,4.21,AN3,189B,0.00,0.00,1.95,4.09,POS,1.44,4.08,1.46,89
DIST,4,AN0,8A94,2.95,5.89,1.95,2.28,AN1,0323,-0.09,6.04,1.95,2.36,AN2,189B,0.00,0.00,1.95,4.15,AN3,C32D,2.95,0.00,1.95,4.20,POS,1.43,4.08,1.42,85
DIST,4,AN0,8A94,2.95,5.89,1.95,2.28,AN1,0323,-0.09,6.04,1.95,2.36,AN2,189B,0.00,0.00,1.95,4.19,AN3,C32D,2.95,0.00,1.95,4.16,POS,1.45,4.08,1.45,90
DIST,4,AN0,8A94,2.95,5.89,1.95,2.24,AN1,0323,-0.09,6.04,1.95,2.32,AN2,189B,0.00,0.00,1.95,4.22,AN3,C32D,2.95,0.00,1.95,4.15,POS,1.44,4.07,1.48,90
DIST,4,AN0,8A94,2.95,5.89,1.95,2.27,AN1,0323,-0.09,6.04,1.95,2.39,AN2,189B,0.00,0.00,1.95,4.21,AN3,C32D,2.95,0.00,1.95,4.11,POS,1.49,4.08,1.55,91
DIST,4,AN0,8A94,2.95,5.89,1.95,2.25,AN1,0323,-0.09,6.04,1.95,2.34,AN2,C32D,2.95,0.00,1.95,4.15,AN3,189B,0.00,0.00,1.95,4.15,POS,1.48,4.08,1.56,91
DIST,4,AN0,8A94,2.95,5.89,1.95,2.24,AN1,0323,-0.09,6.04,1.95,2.37,AN2,C32D,2.95,0.00,1.95,4.13,AN3,189B,0.00,0.00,1.95,4.13,POS,1.47,4.07,1.55,90
DIST,4,AN0,8A94,2.95,5.89,1.95,2.28,AN1,0323,-0.09,6.04,1.95,2.37,AN2,189B,0.00,0.00,1.95,4.17,AN3,C32D,2.95,0.00,1.95,4.13,POS,1.49,4.07,1.56,91
DIST,4,AN0,8A94,2.95,5.89,1.95,2.29,AN1,0323,-0.09,6.04,1.95,2.37,AN2,C32D,2.95,0.00,1.95,4.10,AN3,189B,0.00,0.00,1.95,4.07,POS,1.47,4.05,1.55,90
DIST,4,AN0,8A94,2.95,5.89,1.95,2.27,AN1,0323,-0.09,6.04,1.95,2.36,AN2,189B,0.00,0.00,1.95,4.16,AN3,C32D,2.95,0.00,1.95,4.10,POS,1.49,4.07,1.45,82
DIST,4,AN0,8A94,2.95,5.89,1.95,2.25,AN1,0323,-0.09,6.04,1.95,2.42,AN2,C32D,2.95,0.00,1.95,4.14,AN3,189B,0.00,0.00,1.95,4.12,POS,1.48,4.06,1.44,88
DIST,4,AN0,8A94,2.95,5.89,1.95,2.25,AN1,0323,-0.09,6.04,1.95,2.39,AN2,C32D,2.95,0.00,1.95,4.16,AN3,189B,0.00,0.00,1.95,4.17,POS,1.48,4.06,1.43,88
DIST,4,AN0,8A94,2.95,5.89,1.95,2.23,AN1,0323,-0.09,6.04,1.95,2.35,AN2,C32D,2.95,0.00,1.95,4.12,AN3,189B,0.00,0.00,1.95,4.16,POS,1.49,4.07,1.53,93
DIST,4,AN0,8A94,2.95,5.89,1.95,2.24,AN1,0323,-0.09,6.04,1.95,2.35,AN2,C32D,2.95,0.00,1.95,4.22,AN3,189B,0.00,0.00,1.95,4.09,POS,1.44,4.08,1.44,79
DIST,4,AN0,8A94,2.95,5.89,1.95,2.26,AN1,0323,-0.09,6.04,1.95,2.37,AN2,189B,0.00,0.00,1.95,4.15,AN3,C32D,2.95,0.00,1.95,4.22,POS,1.43,4.08,1.43,86
DIST,4,AN0,8A94,2.95,5.89,1.95,2.23,AN1,0323,-0.09,6.04,1.95,2.39,AN2,189B,0.00,0.00,1.95,4.16,AN3,C32D,2.95,0.00,1.95,4.16,POS,1.44,4.08,1.41,87
DIST,4,AN0,8A94,2.95,5.89,1.95,2.26,AN1,0323,-0.09,6.04,1.95,2.37,AN2,189B,0.00,0.00,1.95,4.14,AN3,C32D,2.95,0.00,1.95,4.18,POS,1.44,4.07,1.40,87
DIST,4,AN0,8A94,2.95,5.89,1.95,2.25,AN1,0323,-0.09,6.04,1.95,2.40,AN2,189B,0.00,0.00,1.95,4.13,AN3,C32D,2.95,0.00,1.95,4.08,POS,1.46,4.06,1.47,92
DIST,3,AN0,8A94,2.95,5.89,1.95,2.28,AN1,0323,-0.09,6.04,1.95,2.35,AN2,189B,0.00,0.00,1.95,4.19,POS,1.45,4.07,1.41,82
DIST,4,AN0,8A94,2.95,5.89,1.95,2.28,AN1,0323,-0.09,6.04,1.95,2.36,AN2,189B,0.00,0.00,1.95,4.10,AN3,C32D,2.95,0.00,1.95,4.10,POS,1.44,4.06,1.48,92
DIST,4,AN0,8A94,2.95,5.89,1.95,2.27,AN1,0323,-0.09,6.04,1.95,2.40,AN2,189B,0.00,0.00,1.95,4.08,AN3,C32D,2.95,0.00,1.95,4.12,POS,1.44,4.05,1.48,90
DIST,4,AN0,8A94,2.95,5.89,1.95,2.28,AN1,0323,-0.09,6.04,1.95,2.34,AN2,189B,0.00,0.00,1.95,4.19,AN3,C32D,2.95,0.00,1.95,4.13,POS,1.43,4.04,1.49,89
DIST,4,AN0,8A94,2.95,5.89,1.95,2.29,AN1,0323,-0.09,6.04,1.95,2.40,AN2,189B,0.00,0.00,1.95,4.08,AN3,C32D,2.95,0.00,1.95,4.17,POS,1.42,4.04,1.49,88
DIST,4,AN0,8A94,2.95,5.89,1.95,2.28,AN1,0323,-0.09,6.04,1.95,2.31,AN2,189B,0.00,0.00,1.95,4.14,AN3,C32D,2.95,0.00,1.95,4.09,POS,1.45,4.06,1.44,85
DIST,4,AN0,8A94,2.95,5.89,1.95,2.29,AN1,0323,-0.09,6.04,1.95,2.32,AN2,189B,0.00,0.00,1.95,4.14,AN3,C32D,2.95,0.00,1.95,4.11,POS,1.47,4.07,1.38,83
DIST,4,AN0,8A94,2.95,5.89,1.95,2.28,AN1,0323,-0.09,6.04,1.95,2.37,AN2,189B,0.00,0.00,1.95,4.12,AN3,C32D,2.95,0.00,1.95,4.17,POS,1.45,4.06,1.38,86
DIST,4,AN0,8A94,2.95,5.89,1.95,2.28,AN1,0323,-0.09,6.04,1.95,2.33,AN2,189B,0.00,0.00,1.95,4.16,AN3,C32D,2.95,0.00,1.95,4.13,POS,1.47,4.07,1.49,93
DIST,4,AN0,8A94,2.95,5.89,1.95,2.29,AN1,0323,-0.09,6.04,1.95,2.39,AN2,189B,0.00,0.00,1.95,4.13,AN3,C32D,2.95,0.00,1.95,4.12,POS,1.46,4.06,1.48,89
DIST,4,AN0,8A94,2.95,5.89,1.95,2.27,AN1,0323,-0.09,6.04,1.95,2.36,AN2,189B,0.00,0.00,1.95,4.10,AN3,C32D,2.95,0.00,1.95,4.10,POS,1.46,4.05,1.54,93
DIST,4,AN0,8A94,2.95,5.89,1.95,2.28,AN1,0323,-0.09,6.04,1.95,2.40,AN2,189B,0.00,0.00,1.95,4.14,AN3,C32D,2.95,0.00,1.95,4.18,POS,1.45,4.05,1.48,85
DIST,4,AN0,8A94,2.95,5.89,1.95,2.23,AN1,0323,-0.09,6.04,1.95,2.37,AN2,189B,0.00,0.00,1.95,4.14,AN3,C32D,2.95,0.00,1.95,4.14,POS,1.45,4.05,1.48,89
DIST,4,AN0,8A94,2.95,5.89,1.95,2.26,AN1,0323,-0.09,6.04,1.95,2.37,AN2,189B,0.00,0.00,1.95,4.15,AN3,C32D,2.95,0.00,1.95,4.16,POS,1.45,4.05,1.46,87
DIST,4,AN0,8A94,2.95,5.89,1.95,2.30,AN1,0323,-0.09,6.04,1.95,2.35,AN2,189B,0.00,0.00,1.95,4.16,AN3,C32D,2.95,0.00,1.95,4.18,POS,1.44,4.06,1.44,87
DIST,4,AN0,8A94,2.95,5.89,1.95,2.23,AN1,0323,-0.09,6.04,1.95,2.38,AN2,189B,0.00,0.00,1.95,4.15,AN3,C32D,2.95,0.00,1.95,4.08,POS,1.47,4.07,1.37,82
DIST,4,AN0,8A94,2.95,5.89,1.95,2.24,AN1,0323,-0.09,6.04,1.95,2.38,AN2,189B,0.00,0.00,1.95,4.18,AN3,C32D,2.95,0.00,1.95,4.13,POS,1.49,4.07,1.43,91
DIST,4,AN0,8A94,2.95,5.89,1.95,2.24,AN1,0323,-0.09,6.04,1.95,2.38,AN2,C32D,2.95,0.00,1.95,4.12,AN3,189B,0.00,0.00,1.95,4.13,POS,1.49,4.06,1.45,90
DIST,4,AN0,8A94,2.95,5.89,1.95,2.27,AN1,0323,-0.09,6.04,1.95,2.45,AN2,C32D,2.95,0.00,1.95,4.09,AN3,189B,0.00,0.00,1.95,4.16,POS,1.50,4.06,1.45,89
