DIST,4,AN0,189B,0.00,0.00,1.95,1.67,AN1,C32D,2.95,0.00,1.95,2.14,AN2,8A94,2.95,5.89,1.95,5.23,AN3,0323,-0.09,6.04,1.95,5.47,POS,1.25,0.89,1.10,48
DIST,4,AN0,189B,0.00,0.00,1.95,1.63,AN1,C32D,2.95,0.00,1.95,2.15,AN2,8A94,2.95,5.89,1.95,5.28,AN3,0323,-0.09,6.04,1.95,5.42,POS,1.22,0.87,1.11,50
DIST,4,AN0,189B,0.00,0.00,1.95,1.70,AN1,C32D,2.95,0.00,1.95,2.11,AN2,8A94,2.95,5.89,1.95,5.24,AN3,0323,-0.09,6.04,1.95,5.39,POS,1.22,0.87,1.11,53
DIST,4,AN0,189B,0.00,0.00,1.95,1.69,AN1,C32D,2.95,0.00,1.95,2.07,AN2,8A94,2.95,5.89,1.95,5.27,AN3,0323,-0.09,6.04,1.95,5.44,POS,1.22,0.86,1.12,52
DIST,4,AN0,189B,0.00,0.00,1.95,1.74,AN1,C32D,2.95,0.00,1.95,2.10,AN2,8A94,2.95,5.89,1.95,5.30,AN3,0323,-0.09,6.04,1.95,5.39,POS,1.23,0.87,1.12,53
DIST,4,AN0,189B,0.00,0.00,1.95,1.73,AN1,C32D,2.95,0.00,1.95,2.10,AN2,8A94,2.95,5.89,1.95,5.29,AN3,0323,-0.09,6.04,1.95,5.50,POS,1.23,0.85,1.09,47
DIST,4,AN0,189B,0.00,0.00,1.95,1.71,AN1,C32D,2.95,0.00,1.95,2.08,AN2,8A94,2.95,5.89,1.95,5.28,AN3,0323,-0.09,6.04,1.95,5.45,POS,1.23,0.84,1.09,51
DIST,4,AN0,189B,0.00,0.00,1.95,1.74,AN1,C32D,2.95,0.00,1.95,2.09,AN2,8A94,2.95,5.89,1.95,5.30,AN3,0323,-0.09,6.04,1.95,5.39,POS,1.23,0.85,1.10,54
DIST,4,AN0,189B,0.00,0.00,1.95,1.76,AN1,C32D,2.95,0.00,1.95,2.07,AN2,8A94,2.95,5.89,1.95,5.28,AN3,0323,-0.09,6.04,1.95,5.39,POS,1.24,0.86,1.11,55
DIST,4,AN0,189B,0.00,0.00,1.95,1.76,AN1,C32D,2.95,0.00,1.95,2.06,AN2,8A94,2.95,5.89,1.95,5.30,AN3,0323,-0.09,6.04,1.95,5.40,POS,1.26,0.86,1.11,56
DIST,4,AN0,189B,0.00,0.00,1.95,1.77,AN1,C32D,2.95,0.00,1.95,2.01,AN2,8A94,2.95,5.89,1.95,5.28,AN3,0323,-0.09,6.04,1.95,5.44,POS,1.27,0.86,1.12,55
DIST,4,AN0,189B,0.00,0.00,1.95,1.72,AN1,C32D,2.95,0.00,1.95,2.02,AN2,8A94,2.95,5.89,1.95,5.24,AN3,0323,-0.09,6.04,1.95,5.42,POS,1.28,0.86,1.14,55
DIST,4,AN0,189B,0.00,0.00,1.95,1.73,AN1,C32D,2.95,0.00,1.95,2.04,AN2,8A94,2.95,5.89,1.95,5.29,AN3,0323,-0.09,6.04,1.95,5.44,POS,1.28,0.85,1.14,54
DIST,4,AN0,189B,0.00,0.00,1.95,1.74,AN1,C32D,2.95,0.00,1.95,2.07,AN2,8A94,2.95,5.89,1.95,5.32,AN3,0323,-0.09,6.04,1.95,5.44,POS,1.27,0.85,1.13,52
DIST,4,AN0,189B,0.00,0.00,1.95,1.73,AN1,C32D,2.95,0.00,1.95,2.06,AN2,8A94,2.95,5.89,1.95,5.24,AN3,0323,-0.09,6.04,1.95,5.37,POS,1.27,0.86,1.14,57
DIST,4,AN0,189B,0.00,0.00,1.95,1.72,AN1,C32D,2.95,0.00,1.95,2.07,AN2,8A94,2.95,5.89,1.95,5.33,AN3,0323,-0.09,6.04,1.95,5.39,POS,1.27,0.87,1.14,55
DIST,4,AN0,189B,0.00,0.00,1.95,1.72,AN1,C32D,2.95,0.00,1.95,2.10,AN2,8A94,2.95,5.89,1.95,5.24,AN3,0323,-0.09,6.04,1.95,5.38,POS,1.26,0.87,1.14,54
DIST,4,AN0,189B,0.00,0.00,1.95,1.77,AN1,C32D,2.95,0.00,1.95,2.07,AN2,8A94,2.95,5.89,1.95,5.30,AN3,0323,-0.09,6.04,1.95,5.38,POS,1.27,0.88,1.14,56
DIST,4,AN0,189B,0.00,0.00,1.95,1.74,AN1,C32D,2.95,0.00,1.95,2.09,AN2,8A94,2.95,5.89,1.95,5.30,AN3,0323,-0.09,6.04,1.95,5.40,POS,1.27,0.88,1.13,54
DIST,4,AN0,189B,0.00,0.00,1.95,1.74,AN1,C32D,2.95,0.00,1.95,2.10,AN2,8A94,2.95,5.89,1.95,5.33,AN3,0323,-0.09,6.04,1.95,5.43,POS,1.26,0.87,1.12,51
DIST,4,AN0,189B,0.00,0.00,1.95,1.74,AN1,C32D,2.95,0.00,1.95,2.07,AN2,8A94,2.95,5.89,1.95,5.28,AN3,0323,-0.09,6.04,1.95,5.45,POS,1.26,0.86,1.11,52
DIST,4,AN0,189B,0.00,0.00,1.95,1.73,AN1,C32D,2.95,0.00,1.95,2.10,AN2,8A94,2.95,5.89,1.95,5.25,AN3,0323,-0.09,6.04,1.95,5.39,POS,1.25,0.87,1.11,54
DIST,4,AN0,189B,0.00,0.00,1.95,1.74,AN1,C32D,2.95,0.00,1.95,2.08,AN2,8A94,2.95,5.89,1.95,5.25,AN3,0323,-0.09,6.04,1.95,5.38,POS,1.25,0.87,1.12,55
DIST,4,AN0,189B,0.00,0.00,1.95,1.71,AN1,C32D,2.95,0.00,1.95,2.08,AN2,8A94,2.95,5.89,1.95,5.31,AN3,0323,-0.09,6.04,1.95,5.40,POS,1.25,0.87,1.13,54
DIST,4,AN0,189B,0.00,0.00,1.95,1.72,AN1,C32D,2.95,0.00,1.95,2.07,AN2,8A94,2.95,5.89,1.95,5.26,AN3,0323,-0.09,6.04,1.95,5.37,POS,1.25,0.88,1.14,56
DIST,4,AN0,189B,0.00,0.00,1.95,1.72,AN1,C32D,2.95,0.00,1.95,2.05,AN2,8A94,2.95,5.89,1.95,5.27,AN3,0323,-0.09,6.04,1.95,5.48,POS,1.25,0.86,1.13,51
DIST,4,AN0,189B,0.00,0.00,1.95,1.75,AN1,C32D,2.95,0.00,1.95,2.10,AN2,8A94,2.95,5.89,1.95,5.31,AN3,0323,-0.09,6.04,1.95,5.40,POS,1.25,0.86,1.12,53
DIST,4,AN0,189B,0.00,0.00,1.95,1.74,AN1,C32D,2.95,0.00,1.95,2.12,AN2,8A94,2.95,5.89,1.95,5.30,AN3,0323,-0.09,6.04,1.95,5.39,POS,1.25,0.87,1.12,53
DIST,4,AN0,189B,0.00,0.00,1.95,1.71,AN1,C32D,2.95,0.00,1.95,2.05,AN2,8A94,2.95,5.89,1.95,5.32,AN3,0323,-0.09,6.04,1.95,5.41,POS,1.26,0.87,1.13,55
DIST,4,AN0,189B,0.00,0.00,1.95,1.76,AN1,C32D,2.95,0.00,1.95,2.03,AN2,8A94,2.95,5.89,1.95,5.26,AN3,0323,-0.09,6.04,1.95,5.39,POS,1.27,0.87,1.14,57
DIST,4,AN0,189B,0.00,0.00,1.95,1.70,AN1,C32D,2.95,0.00,1.95,2.05,AN2,8A94,2.95,5.89,1.95,5.24,AN3,0323,-0.09,6.04,1.95,5.42,POS,1.26,0.87,1.15,54
DIST,4,AN0,189B,0.00,0.00,1.95,1.70,AN1,C32D,2.95,0.00,1.95,2.04,AN2,8A94,2.95,5.89,1.95,5.28,AN3,0323,-0.09,6.04,1.95,5.38,POS,1.26,0.87,1.16,57
DIST,4,AN0,189B,0.00,0.00,1.95,1.68,AN1,C32D,2.95,0.00,1.95,2.09,AN2,8A94,2.95,5.89,1.95,5.29,AN3,0323,-0.09,6.04,1.95,5.41,POS,1.25,0.87,1.16,53
DIST,4,AN0,189B,0.00,0.00,1.95,1.68,AN1,C32D,2.95,0.00,1.95,2.08,AN2,8A94,2.95,5.89,1.95,5.26,AN3,0323,-0.09,6.04,1.95,5.42,POS,1.24,0.86,1.16,52
DIST,4,AN0,189B,0.00,0.00,1.95,1.74,AN1,C32D,2.95,0.00,1.95,2.07,AN2,8A94,2.95,5.89,1.95,5.25,AN3,0323,-0.09,6.04,1.95,5.40,POS,1.25,0.86,1.15,54
DIST,4,AN0,189B,0.00,0.00,1.95,1.77,AN1,C32D,2.95,0.00,1.95,2.10,AN2,8A94,2.95,5.89,1.95,5.24,AN3,0323,-0.09,6.04,1.95,5.38,POS,1.25,0.87,1.14,54
DIST,4,AN0,189B,0.00,0.00,1.95,1.75,AN1,C32D,2.95,0.00,1.95,2.08,AN2,8A94,2.95,5.89,1.95,5.23,AN3,0323,-0.09,6.04,1.95,5.37,POS,1.25,0.88,1.14,56
DIST,4,AN0,189B,0.00,0.00,1.95,1.78,AN1,C32D,2.95,0.00,1.95,2.03,AN2,8A94,2.95,5.89,1.95,5.29,AN3,0323,-0.09,6.04,1.95,5.29,POS,1.27,0.91,1.17,63
DIST,4,AN0,189B,0.00,0.00,1.95,1.77,AN1,C32D,2.95,0.00,1.95,2.09,AN2,8A94,2.95,5.89,1.95,5.25,AN3,0323,-0.09,6.04,1.95,5.44,POS,1.27,0.89,1.14,51
DIST,4,AN0,189B,0.00,0.00,1.95,1.76,AN1,C32D,2.95,0.00,1.95,2.09,AN2,8A94,2.95,5.89,1.95,5.32,AN3,0323,-0.09,6.04,1.95,5.37,POS,1.26,0.89,1.14,55
DIST,4,AN0,189B,0.00,0.00,1.95,1.79,AN1,C32D,2.95,0.00,1.95,2.10,AN2,8A94,2.95,5.89,1.95,5.34,AN3,0323,-0.09,6.04,1.95,5.34,POS,1.26,0.91,1.13,56
DIST,4,AN0,189B,0.00,0.00,1.95,1.74,AN1,C32D,2.95,0.00,1.95,2.11,AN2,8A94,2.95,5.89,1.95,5.36,AN3,0323,-0.09,6.04,1.95,5.34,POS,1.25,0.91,1.14,56
DIST,4,AN0,189B,0.00,0.00,1.95,1.78,AN1,C32D,2.95,0.00,1.95,2.14,AN2,8A94,2.95,5.89,1.95,5.34,AN3,0323,-0.09,6.04,1.95,5.32,POS,1.25,0.92,1.13,56
DIST,4,AN0,189B,0.00,0.00,1.95,1.80,AN1,C32D,2.95,0.00,1.95,2.10,AN2,8A94,2.95,5.89,1.95,5.40,AN3,0323,-0.09,6.04,1.95,5.40,POS,1.26,0.92,1.11,53
DIST,4,AN0,189B,0.00,0.00,1.95,1.82,AN1,C32D,2.95,0.00,1.95,2.12,AN2,8A94,2.95,5.89,1.95,5.34,AN3,0323,-0.09,6.04,1.95,5.32,POS,1.26,0.93,1.10,57
DIST,4,AN0,189B,0.00,0.00,1.95,1.77,AN1,C32D,2.95,0.00,1.95,2.06,AN2,8A94,2.95,5.89,1.95,5.29,AN3,0323,-0.09,6.04,1.95,5.28,POS,1.27,0.94,1.14,62
DIST,4,AN0,189B,0.00,0.00,1.95,1.72,AN1,C32D,2.95,0.00,1.95,2.02,AN2,8A94,2.95,5.89,1.95,5.36,AN3,0323,-0.09,6.04,1.95,5.40,POS,1.27,0.93,1.16,56
DIST,4,AN0,189B,0.00,0.00,1.95,1.72,AN1,C32D,2.95,0.00,1.95,2.04,AN2,8A94,2.95,5.89,1.95,5.36,AN3,0323,-0.09,6.04,1.95,5.31,POS,1.27,0.93,1.19,61
DIST,4,AN0,189B,0.00,0.00,1.95,1.72,AN1,C32D,2.95,0.00,1.95,2.04,AN2,8A94,2.95,5.89,1.95,5.31,AN3,0323,-0.09,6.04,1.95,5.32,POS,1.26,0.93,1.21,60
DIST,4,AN0,189B,0.00,0.00,1.95,1.73,AN1,C32D,2.95,0.00,1.95,2.00,AN2,8A94,2.95,5.89,1.95,5.43,AN3,0323,-0.09,6.04,1.95,5.40,POS,1.27,0.92,1.21,58
DIST,4,AN0,189B,0.00,0.00,1.95,1.87,AN1,C32D,2.95,0.00,1.95,2.05,AN2,8A94,2.95,5.89,1.95,5.36,AN3,0323,-0.09,6.04,1.95,5.44,POS,1.29,0.91,1.16,53
DIST,4,AN0,189B,0.00,0.00,1.95,1.88,AN1,C32D,2.95,0.00,1.95,2.01,AN2,8A94,2.95,5.89,1.95,5.41,AN3,0323,-0.09,6.04,1.95,5.33,POS,1.31,0.93,1.16,61
DIST,4,AN0,189B,0.00,0.00,1.95,1.89,AN1,C32D,2.95,0.00,1.95,2.06,AN2,8A94,2.95,5.89,1.95,5.44,AN3,0323,-0.09,6.04,1.95,5.27,POS,1.33,0.95,1.16,63
DIST,4,AN0,189B,0.00,0.00,1.95,1.90,AN1,C32D,2.95,0.00,1.95,2.11,AN2,8A94,2.95,5.89,1.95,5.50,AN3,0323,-0.09,6.04,1.95,5.33,POS,1.33,0.96,1.12,57
DIST,4,AN0,189B,0.00,0.00,1.95,1.84,AN1,C32D,2.95,0.00,1.95,2.07,AN2,8A94,2.95,5.89,1.95,5.40,AN3,0323,-0.09,6.04,1.95,5.38,POS,1.33,0.95,1.11,56
DIST,4,AN0,189B,0.00,0.00,1.95,1.89,AN1,C32D,2.95,0.00,1.95,2.07,AN2,8A94,2.95,5.89,1.95,5.37,AN3,0323,-0.09,6.04,1.95,5.37,POS,1.33,0.95,1.09,56
DIST,4,AN0,189B,0.00,0.00,1.95,1.89,AN1,C32D,2.95,0.00,1.95,2.02,AN2,8A94,2.95,5.89,1.95,5.41,AN3,0323,-0.09,6.04,1.95,5.33,POS,1.35,0.96,1.10,61
DIST,4,AN0,189B,0.00,0.00,1.95,1.85,AN1,C32D,2.95,0.00,1.95,2.03,AN2,8A94,2.95,5.89,1.95DIST,4,AN0,189B,0.00,0.00,1.95,1.91,AN1,C32D,2.95,0.00,1.95,1.95,AN2,8A94,2.95,5.89,1.95,5.38,AN3,0323,-0.09,6.04,1.95,5.32,POS,1.45,0.75,0.93,52
DIST,4,AN0,189B,0.00,0.00,1.95,1.87,AN1,C32D,2.95,0.00,1.95,1.99,AN2,8A94,2.95,5.89,1.95,5.47,AN3,0323,-0.09,6.04,1.95,5.38,POS,1.44,0.80,0.98,59
DIST,4,AN0,189B,0.00,0.00,1.95,1.92,AN1,C32D,2.95,0.00,1.95,2.08,AN2,8A94,2.95,5.89,1.95,5.49,AN3,0323,-0.09,6.04,1.95,5.34,POS,1.42,0.85,0.99,58
DIST,4,AN0,189B,0.00,0.00,1.95,1.80,AN1,C32D,2.95,0.00,1.95,1.75,AN2,8A94,2.95,5.89,1.95,5.50,AN3,0323,-0.09,6.04,1.95,5.38,POS,1.44,0.79,1.05,50
DIST,4,AN0,189B,0.00,0.00,1.95,1.85,AN1,C32D,2.95,0.00,1.95,1.70,AN2,8A94,2.95,5.89,1.95,5.49,AN3,0323,-0.09,6.04,1.95,5.41,POS,1.47,0.75,1.08,48
DIST,4,AN0,189B,0.00,0.00,1.95,1.84,AN1,C32D,2.95,0.00,1.95,1.85,AN2,8A94,2.95,5.89,1.95,5.49,AN3,0323,-0.09,6.04,1.95,5.43,POS,1.47,0.73,1.08,49
DIST,4,AN0,189B,0.00,0.00,1.95,1.80,AN1,C32D,2.95,0.00,1.95,2.51,AN2,8A94,2.95,5.89,1.95,5.49,AN3,0323,-0.09,6.04,1.95,5.39,POS,1.35,0.78,0.99,38
DIST,4,AN0,189B,0.00,0.00,1.95,1.89,AN1,C32D,2.95,0.00,1.95,1.80,AN2,8A94,2.95,5.89,1.95,5.43,AN3,0323,-0.09,6.04,1.95,5.44,POS,1.39,0.76,1.02,50
DIST,4,AN0,189B,0.00,0.00,1.95,2.01,AN1,C32D,2.95,0.00,1.95,1.82,AN2,8A94,2.95,5.89,1.95,5.45,AN3,0323,-0.09,6.04,1.95,5.36,POS,1.44,0.75,1.00,43
DIST,4,AN0,189B,0.00,0.00,1.95,1.96,AN1,C32D,2.95,0.00,1.95,1.80,AN2,8A94,2.95,5.89,1.95,5.42,AN3,0323,-0.09,6.04,1.95,5.36,POS,1.48,0.74,1.01,47
DIST,4,AN0,C32D,2.95,0.00,1.95,2.14,AN1,189B,0.00,0.00,1.95,1.96,AN2,8A94,2.95,5.89,1.95,5.44,AN3,0323,-0.09,6.04,1.95,5.34,POS,1.45,0.80,0.99,55
DIST,4,AN0,189B,0.00,0.00,1.95,1.88,AN1,C32D,2.95,0.00,1.95,2.01,AN2,8A94,2.95,5.89,1.95,5.41,AN3,0323,-0.09,6.04,1.95,5.35,POS,1.43,0.84,1.02,60
DIST,4,AN0,189B,0.00,0.00,1.95,1.81,AN1,C32D,2.95,0.00,1.95,1.99,AN2,8A94,2.95,5.89,1.95,5.42,AN3,0323,-0.09,6.04,1.95,5.41,POS,1.41,0.86,1.06,58
DIST,4,AN0,189B,0.00,0.00,1.95,1.78,AN1,C32D,2.95,0.00,1.95,1.98,AN2,8A94,2.95,5.89,1.95,5.43,AN3,0323,-0.09,6.04,1.95,5.33,POS,1.40,0.88,1.11,63
DIST,4,AN0,189B,0.00,0.00,1.95,1.82,AN1,C32D,2.95,0.00,1.95,1.98,AN2,8A94,2.95,5.89,1.95,5.42,AN3,0323,-0.09,6.04,1.95,5.34,POS,1.39,0.90,1.14,62
DIST,4,AN0,189B,0.00,0.00,1.95,1.84,AN1,C32D,2.95,0.00,1.95,2.00,AN2,8A94,2.95,5.89,1.95,5.43,AN3,0323,-0.09,6.04,1.95,5.34,POS,1.38,0.91,1.15,62
DIST,4,AN0,189B,0.00,0.00,1.95,1.88,AN1,C32D,2.95,0.00,1.95,1.89,AN2,8A94,2.95,5.89,1.95,5.39,AN3,0323,-0.09,6.04,1.95,5.44,POS,1.41,0.88,1.13,53
DIST,4,AN0,189B,0.00,0.00,1.95,1.89,AN1,C32D,2.95,0.00,1.95,2.00,AN2,8A94,2.95,5.89,1.95,5.41,AN3,0323,-0.09,6.04,1.95,5.44,POS,1.41,0.88,1.11,56
DIST,4,AN0,189B,0.00,0.00,1.95,1.87,AN1,C32D,2.95,0.00,1.95,1.95,AN2,8A94,2.95,5.89,1.95,5.42,AN3,0323,-0.09,6.04,1.95,5.37,POS,1.41,0.86,1.09,51
DIST,4,AN0,189B,0.00,0.00,1.95,1.88,AN1,C32D,2.95,0.00,1.95,1.96,AN2,8A94,2.95,5.89,1.95,5.42,AN3,0323,-0.09,6.04,1.95,5.35,POS,1.41,0.84,1.07,50
DIST,4,AN0,189B,0.00,0.00,1.95,1.88,AN1,C32D,2.95,0.00,1.95,2.00,AN2,8A94,2.95,5.89,1.95,5.39,AN3,0323,-0.09,6.04,1.95,5.41,POS,1.41,0.86,1.07,57
DIST,4,AN0,189B,0.00,0.00,1.95,1.91,AN1,C32D,2.95,0.00,1.95,2.01,AN2,8A94,2.95,5.89,1.95,5.36,AN3,0323,-0.09,6.04,1.95,5.38,POS,1.41,0.88,1.07,58
DIST,4,AN0,189B,0.00,0.00,1.95,1.90,AN1,C32D,2.95,0.00,1.95,1.99,AN2,8A94,2.95,5.89,1.95,5.39,AN3,0323,-0.09,6.04,1.95,5.40,POS,1.41,0.89,1.07,58
DIST,4,AN0,189B,0.00,0.00,1.95,1.87,AN1,C32D,2.95,0.00,1.95,1.98,AN2,8A94,2.95,5.89,1.95,5.40,AN3,0323,-0.09,6.04,1.95,5.39,POS,1.41,0.90,1.09,59
DIST,4,AN0,189B,0.00,0.00,1.95,1.92,AN1,C32D,2.95,0.00,1.95,1.99,AN2,8A94,2.95,5.89,1.95,5.44,AN3,0323,-0.09,6.04,1.95,5.41,POS,1.41,0.87,1.05,47
DIST,4,AN0,189B,0.00,0.00,1.95,1.85,AN1,C32D,2.95,0.00,1.95,1.98,AN2,8A94,2.95,5.89,1.95,5.44,AN3,0323,-0.09,6.04,1.95,5.40,POS,1.41,0.88,1.07,58
DIST,4,AN0,189B,0.00,0.00,1.95,1.85,AN1,C32D,2.95,0.00,1.95,1.99,AN2,8A94,2.95,5.89,1.95,5.34,AN3,0323,-0.09,6.04,1.95,5.33,POS,1.40,0.90,1.10,62
DIST,4,AN0,189B,0.00,0.00,1.95,1.84,AN1,C32D,2.95,0.00,1.95,2.02,AN2,8A94,2.95,5.89,1.95,5.41,AN3,0323,-0.09,6.04,1.95,5.45,POS,1.39,0.89,1.09,54
DIST,4,AN0,189B,0.00,0.00,1.95,1.83,AN1,C32D,2.95,0.00,1.95,1.98,AN2,8A94,2.95,5.89,1.95,5.45,AN3,0323,-0.09,6.04,1.95,5.36,POS,1.39,0.90,1.12,61
DIST,4,AN0,189B,0.00,0.00,1.95,1.81,AN1,C32D,2.95,0.00,1.95,2.02,AN2,8A94,2.95,5.89,1.95,5.41,AN3,0323,-0.09,6.04,1.95,5.37,POS,1.37,0.91,1.13,58
DIST,4,AN0,189B,0.00,0.00,1.95,1.81,AN1,C32D,2.95,0.00,1.95,2.00,AN2,8A94,2.95,5.89,1.95,5.41,AN3,0323,-0.09,6.04,1.95,5.38,POS,1.37,0.91,1.14,59
DIST,4,AN0,189B,0.00,0.00,1.95,1.79,AN1,C32D,2.95,0.00,1.95,2.02,AN2,8A94,2.95,5.89,1.95,5.38,AN3,0323,-0.09,6.04,1.95,5.38,POS,1.36,0.91,1.14,58
DIST,4,AN0,189B,0.00,0.00,1.95,1.79,AN1,C32D,2.95,0.00,1.95,1.99,AN2,8A94,2.95,5.89,1.95,5.35,AN3,0323,-0.09,6.04,1.95,5.43,POS,1.35,0.90,1.14,56
DIST,4,AN0,C32D,2.95,0.00,1.95,1.33,AN1,189B,0.00,0.00,1.95,1.63,AN2,8A94,2.95,5.89,1.95,5.42,AN3,0323,-0.09,6.04,1.95,5.45,POS,1.55,0.65,1.48,55
DIST,4,AN0,C32D,2.95,0.00,1.95,1.33,AN1,189B,0.00,0.00,1.95,1.61,AN2,8A94,2.95,5.89,1.95,5.33,AN3,0323,-0.09,6.04,1.95,5.58,POS,1.57,0.62,1.46,56
DIST,4,AN0,C32D,2.95,0.00,1.95,1.36,AN1,189B,0.00,0.00,1.95,1.61,AN2,8A94,2.95,5.89,1.95,5.38,AN3,0323,-0.09,6.04,1.95,5.42,POS,1.58,0.64,1.48,57
DIST,4,AN0,C32D,2.95,0.00,1.95,1.26,AN1,189B,0.00,0.00,1.95,1.64,AN2,8A94,2.95,5.89,1.95,5.35,AN3,0323,-0.09,6.04,1.95,5.39,POS,1.61,0.65,1.43,49
DIST,4,AN0,C32D,2.95,0.00,1.95,1.27,AN1,189B,0.00,0.00,1.95,1.70,AN2,8A94,2.95,5.89,1.95,5.36,AN3,0323,-0.09,6.04,1.95,5.42,POS,1.64,0.67,1.48,57
DIST,4,AN0,C32D,2.95,0.00,1.95,1.31,AN1,189B,0.00,0.00,1.95,1.64,AN2,8A94,2.95,5.89,1.95,5.34,AN3,0323,-0.09,6.04,1.95,5.42,POS,1.64,0.68,1.51,58
DIST,4,AN0,C32D,2.95,0.00,1.95,1.36,AN1,189B,0.00,0.00,1.95,1.63,AN2,8A94,2.95,5.89,1.95,5.36,AN3,0323,-0.09,6.04,1.95,5.33,POS,1.64,0.71,1.56,63
DIST,4,AN0,C32D,2.95,0.00,1.95,1.34,AN1,189B,0.00,0.00,1.95,1.64,AN2,8A94,2.95,5.89,1.95,5.35,AN3,0323,-0.09,6.04,1.95,5.37,POS,1.64,0.72,1.58,60
DIST,4,AN0,C32D,2.95,0.00,1.95,1.27,AN1,189B,0.00,0.00,1.95,1.66,AN2,8A94,2.95,5.89,1.95,5.34,AN3,0323,-0.09,6.04,1.95,5.40,POS,1.66,0.72,1.62,59
DIST,4,AN0,C32D,2.95,0.00,1.95,1.34,AN1,189B,0.00,0.00,1.95,1.70,AN2,8A94,2.95,5.89,1.95,5.32,AN3,0323,-0.09,6.04,1.95,5.40,POS,1.66,0.73,1.59,57
DIST,4,AN0,C32D,2.95,0.00,1.95,1.36,AN1,189B,0.00,0.00,1.95,1.65,AN2,8A94,2.95,5.89,1.95,5.36,AN3,0323,-0.09,6.04,1.95,5.36,POS,1.66,0.74,1.59,60
DIST,4,AN0,C32D,2.95,0.00,1.95,1.34,AN1,189B,0.00,0.00,1.95,1.62,AN2,8A94,2.95,5.89,1.95,5.37,AN3,0323,-0.09,6.04,1.95,5.30,POS,1.65,0.74,1.52,54
DIST,4,AN0,C32D,2.95,0.00,1.95,1.42,AN1,189B,0.00,0.00,1.95,1.58,AN2,8A94,2.95,5.89,1.95,5.39,AN3,0323,-0.09,6.04,1.95,5.39,POS,1.63,0.74,1.52,59
DIST,4,AN0,C32D,2.95,0.00,1.95,1.33,AN1,189B,0.00,0.00,1.95,1.58,AN2,8A94,2.95,5.89,1.95,5.36,AN3,0323,-0.09,6.04,1.95,5.36,POS,1.63,0.72,1.46,51
DIST,4,AN0,C32D,2.95,0.00,1.95,1.39,AN1,189B,0.00,0.00,1.95,1.58,AN2,8A94,2.95,5.89,1.95,5.42,AN3,0323,-0.09,6.04,1.95,5.40,POS,1.62,0.72,1.48,59
DIST,4,AN0,C32D,2.95,0.00,1.95,1.41,AN1,189B,0.00,0.00,1.95,1.54,AN2,8A94,2.95,5.89,1.95,5.39,AN3,0323,-0.09,6.04,1.95,5.46,POS,1.60,0.70,1.49,56
DIST,4,AN0,C32D,2.95,0.00,1.95,1.43,AN1,189B,0.00,0.00,1.95,1.56,AN2,8A94,2.95,5.89,1.95,5.43,AN3,0323,-0.09,6.04,1.95,5.42,POS,1.59,0.70,1.49,58
DIST,4,AN0,C32D,2.95,0.00,1.95,1.41,AN1,189B,0.00,0.00,1.95,1.57,AN2,8A94,2.95,5.89,1.95,5.39,AN3,0323,-0.09,6.04,1.95,5.42,POS,1.58,0.70,1.49,58
DIST,4,AN0,C32D,2.95,0.00,1.95,1.36,AN1,189B,0.00,0.00,1.95,1.56,AN2,8A94,2.95,5.89,1.95,5.44,AN3,0323,-0.09,6.04,1.95,5.45,POS,1.58,0.69,1.51,57
DIST,4,AN0,C32D,2.95,0.00,1.95,1.35,AN1,189B,0.00,0.00,1.95,1.58,AN2,8A94,2.95,5.89,1.95,5.42,AN3,0323,-0.09,6.04,1.95,5.42,POS,1.59,0.69,1.53,58
DIST,4,AN0,C32D,2.95,0.00,1.95,1.33,AN1,189B,0.00,0.00,1.95,1.66,AN2,8A94,2.95,5.89,1.95,5.49,AN3,0323,-0.09,6.04,1.95,5.50,POS,1.61,0.68,1.51,51
DIST,4,AN0,C32D,2.95,0.00,1.95,1.27,AN1,189B,0.00,0.00,1.95,1.65,AN2,8A94,2.95,5.89,1.95,5.43,AN3,0323,-0.09,6.04,1.95,5.46,POS,1.63,0.68,1.53,56
DIST,4,AN0,C32D,2.95,0.00,1.95,1.36,AN1,189B,0.00,0.00,1.95,1.63,AN2,8A94,2.95,5.89,1.95,5.40,AN3,0323,-0.09,6.04,1.95,5.56,POS,1.59,0.61,1.48,59
DIST,4,AN0,C32D,2.95,0.00,1.95,1.35,AN1,189B,0.00,0.00,1.95,1.65,AN2,8A94,2.95,5.89,1.95,5.45,AN3,0323,-0.09,6.04,1.95,5.61,POS,1.60,0.61,1.56,68
DIST,4,AN0,C32D,2.95,0.00,1.95,1.32,AN1,189B,0.00,0.00,1.95,1.66,AN2,8A94,2.95,5.89,1.95,5.49,AN3,0323,-0.09,6.04,1.95,5.49,POS,1.62,0.62,1.53,52
DIST,4,AN0,C32D,2.95,0.00,1.95,1.33,AN1,189B,0.00,0.00,1.95,1.63,AN2,8A94,2.95,5.89,1.95,5.45,AN3,0323,-0.09,6.04,1.95,5.42,POS,1.62,0.64,1.54,57
DIST,4,AN0,C32D,2.95,0.00,1.95,1.39,AN1,189B,0.00,0.00,1.95,1.57,AN2,8A94,2.95,5.89,1.95,5.53,AN3,0323,-0.09,6.04,1.95,5.55,POS,1.61,0.62,1.50,54
DIST,4,AN0,C32D,2.95,0.00,1.95,1.44,AN1,189B,0.00,0.00,1.95,1.49,AN2,8A94,2.95,5.89,1.95,5.54,AN3,0323,-0.09,6.04,1.95,5.54,POS,1.59,0.61,1.48,56
DIST,4,AN0,C32D,2.95,0.00,1.95,1.45,AN1,189B,0.00,0.00,1.95,1.50,AN2,8A94,2.95,5.89,1.95,5.47,AN3,0323,-0.09,6.04,1.95,5.43,POS,1.57,0.62,1.48,58
DIST,4,AN0,C32D,2.95,0.00,1.95,1.46,AN1,189B,0.00,0.00,1.95,1.50,AN2,8A94,2.95,5.89,1.95,5.46,AN3,0323,-0.09,6.04,1.95,5.34,POS,1.55,0.65,1.52,64
DIST,4,AN0,C32D,2.95,0.00,1.95,1.46,AN1,189B,0.00,0.00,1.95,1.49,AN2,8A94,2.95,5.89,1.95,5.42,AN3,0323,-0.09,6.04,1.95,5.43,POS,1.54,0.65,1.52,58
DIST,4,AN0,C32D,2.95,0.00,1.95,1.46,AN1,189B,0.00,0.00,1.95,1.60,AN2,8A94,2.95,5.89,1.95,5.28,AN3,0323,-0.09,6.04,1.95,5.39,POS,1.49,0.63,1.50,58
DIST,4,AN0,C32D,2.95,0.00,1.95,1.47,AN1,189B,0.00,0.00,1.95,1.66,AN2,8A94,2.95,5.89,1.95,5.26,AN3,0323,-0.09,6.04,1.95,5.31,POS,1.51,0.67,1.48,61
DIST,4,AN0,C32D,2.95,0.00,1.95,1.44,AN1,189B,0.00,0.00,1.95,1.67,AN2,8A94,2.95,5.89,1.95,5.27,AN3,0323,-0.09,6.04,1.95,5.26,POS,1.54,0.72,1.51,65
DIST,4,AN0,C32D,2.95,0.00,1.95,1.45,AN1,189B,0.00,0.00,1.95,1.68,AN2,8A94,2.95,5.89,1.95,5.22,AN3,0323,-0.09,6.04,1.95,5.31,POS,1.56,0.75,1.49,61
DIST,4,AN0,C32D,2.95,0.00,1.95,1.45,AN1,189B,0.00,0.00,1.95,1.66,AN2,8A94,2.95,5.89,1.95,5.28,AN3,0323,-0.09,6.04,1.95,5.28,POS,1.57,0.77,1.50,63
DIST,4,AN0,C32D,2.95,0.00,1.95,1.55,AN1,189B,0.00,0.00,1.95,1.66,AN2,8A94,2.95,5.89,1.95,5.29,AN3,0323,-0.09,6.04,1.95,5.30,POS,1.56,0.78,1.45,60
DIST,4,AN0,C32D,2.95,0.00,1.95,1.50,AN1,189B,0.00,0.00,1.95,1.59,AN2,8A94,2.95,5.89,1.95,5.26,AN3,0323,-0.09,6.04,1.95,5.15,POS,1.55,0.81,1.41,61
DIST,4,AN0,C32D,2.95,0.00,1.95,1.57,AN1,189B,0.00,0.00,1.95,1.62,AN2,8A94,2.95,5.89,1.95,5.16,AN3,0323,-0.09,6.04,1.95,5.18,POS,1.54,0.84,1.43,69
DIST,4,AN0,C32D,2.95,0.00,1.95,1.59,AN1,189B,0.00,0.00,1.95,1.70,AN2,8A94,2.95,5.89,1.95,5.12,AN3,0323,-0.09,6.04,1.95,5.05,POS,1.54,0.89,1.48,74
DIST,4,AN0,C32D,2.95,0.00,1.95,1.58,AN1,189B,0.00,0.00,1.95,1.66,AN2,8A94,2.95,5.89,1.95,5.04,AN3,0323,-0.09,6.04,1.95,5.00,POS,1.54,0.93,1.43,67
DIST,4,AN0,C32D,2.95,0.00,1.95,1.61,AN1,189B,0.00,0.00,1.95,1.78,AN2,8A94,2.95,5.89,1.95,5.04,AN3,0323,-0.09,6.04,1.95,4.99,POS,1.55,0.98,1.48,76
DIST,4,AN0,C32D,2.95,0.00,1.95,1.52,AN1,189B,0.00,0.00,1.95,1.74,AN2,8A94,2.95,5.89,1.95,5.04,AN3,0323,-0.09,6.04,1.95,4.98,POS,1.57,1.00,1.44,68
DIST,4,AN0,C32D,2.95,0.00,1.95,1.53,AN1,189B,0.00,0.00,1.95,1.75,AN2,8A94,2.95,5.89,1.95,5.06,AN3,0323,-0.09,6.04,1.95,5.03,POS,1.58,1.01,1.40,64
DIST,4,AN0,C32D,2.95,0.00,1.95,1.63,AN1,189B,0.00,0.00,1.95,1.72,AN2,8A94,2.95,5.89,1.95,5.12,AN3,0323,-0.09,6.04,1.95,5.04,POS,1.57,1.03,1.43,74
DIST,4,AN0,C32D,2.95,0.00,1.95,1.52,AN1,189B,0.00,0.00,1.95,1.71,AN2,8A94,2.95,5.89,1.95,5.08,AN3,0323,-0.09,6.04,1.95,5.03,POS,1.58,1.03,1.40,65
DIST,4,AN0,C32D,2.95,0.00,1.95,1.54,AN1,189B,0.00,0.00,1.95,1.75,AN2,8A94,2.95,5.89,1.95,5.04,AN3,0323,-0.09,6.04,1.95,4.96,POS,1.59,1.05,1.38,69
DIST,4,AN0,C32D,2.95,0.00,1.95,1.58,AN1,189B,0.00,0.00,1.95,1.71,AN2,8A94,2.95,5.89,1.95,5.05,AN3,0323,-0.09,6.04,1.95,5.05,POS,1.58,1.05,1.45,74
DIST,4,AN0,C32D,2.95,0.00,1.95,1.55,AN1,189B,0.00,0.00,1.95,1.71,AN2,8A94,2.95,5.89,1.95,5.10,AN3,0323,-0.09,6.04,1.95,5.08,POS,1.58,1.05,1.49,73
DIST,4,AN0,C32D,2.95,0.00,1.95,1.51,AN1,189B,0.00,0.00,1.95,1.73,AN2,8A94,2.95,5.89,1.95,5.03,AN3,0323,-0.09,6.04,1.95,5.00,POS,1.59,1.05,1.45,67
DIST,4,AN0,C32D,2.95,0.00,1.95,1.61,AN1,189B,0.00,0.00,1.95,1.72,AN2,8A94,2.95,5.89,1.95,5.05,AN3,0323,-0.09,6.04,1.95,5.01,POS,1.58,1.06,1.51,76
DIST,4,AN0,C32D,2.95,0.00,1.95,1.56,AN1,189B,0.00,0.00,1.95,1.72,AN2,8A94,2.95,5.89,1.95,5.06,AN3,0323,-0.09,6.04,1.95,5.02,POS,1.58,1.07,1.59,77
DIST,4,AN0,C32D,2.95,0.00,1.95,1.58,AN1,189B,0.00,0.00,1.95,1.74,AN2,8A94,2.95,5.89,1.95,5.13,AN3,0323,-0.09,6.04,1.95,5.06,POS,1.58,1.07,1.59,73
DIST,4,AN0,C32D,2.95,0.00,1.95,1.52,AN1,189B,0.00,0.00,1.95,1.70,AN2,8A94,2.95,5.89,1.95,5.07,AN3,0323,-0.09,6.04,1.95,5.04,POS,1.58,1.06,1.51,65
DIST,4,AN0,C32D,2.95,0.00,1.95,1.51,AN1,189B,0.00,0.00,1.95,1.73,AN2,8A94,2.95,5.89,1.95,5.05,AN3,0323,-0.09,6.04,1.95,5.03,POS,1.59,1.05,1.46,65
DIST,4,AN0,C32D,2.95,0.00,1.95,1.60,AN1,189B,0.00,0.00,1.95,1.78,AN2,8A94,2.95,5.89,1.95,5.00,AN3,0323,-0.09,6.04,1.95,5.04,POS,1.59,1.06,1.48,73
DIST,4,AN0,C32D,2.95,0.00,1.95,1.52,AN1,189B,0.00,0.00,1.95,1.76,AN2,8A94,2.95,5.89,1.95,5.11,AN3,0323,-0.09,6.04,1.95,5.04,POS,1.60,1.07,1.57,75
DIST,4,AN0,C32D,2.95,0.00,1.95,1.56,AN1,189B,0.00,0.00,1.95,1.70,AN2,8A94,2.95,5.89,1.95,5.10,AN3,0323,-0.09,6.04,1.95,5.11,POS,1.59,1.05,1.57,71
DIST,4,AN0,C32D,2.95,0.00,1.95,1.56,AN1,189B,0.00,0.00,1.95,1.73,AN2,8A94,2.95,5.89,1.95,5.05,AN3,0323,-0.09,6.04,1.95,5.09,POS,1.59,1.05,1.57,72
DIST,4,AN0,C32D,2.95,0.00,1.95,1.55,AN1,189B,0.00,0.00,1.95,1.66,AN2,8A94,2.95,5.89,1.95,5.07,AN3,0323,-0.09,6.04,1.95,5.05,POS,1.58,1.03,1.49,65
DIST,4,AN0,C32D,2.95,0.00,1.95,1.57,AN1,189B,0.00,0.00,1.95,1.64,AN2,8A94,2.95,5.89,1.95,5.16,AN3,0323,-0.09,6.04,1.95,5.02,POS,1.56,1.03,1.44,67
DIST,4,AN0,C32D,2.95,0.00,1.95,1.62,AN1,189B,0.00,0.00,1.95,1.70,AN2,8A94,2.95,5.89,1.95,5.11,AN3,0323,-0.09,6.04,1.95,5.02,POS,1.56,1.04,1.49,76
DIST,4,AN0,C32D,2.95,0.00,1.95,1.65,AN1,189B,0.00,0.00,1.95,1.79,AN2,8A94,2.95,5.89,1.95,4.99,AN3,0323,-0.09,6.04,1.95,4.95,POS,1.56,1.08,1.51,77
DIST,4,AN0,C32D,2.95,0.00,1.95,1.71,AN1,189B,0.00,0.00,1.95,1.77,AN2,8A94,2.95,5.89,1.95,4.76,AN3,0323,-0.09,6.04,1.95,4.80,POS,1.48,1.07,1.45,65
DIST,4,AN0,C32D,2.95,0.00,1.95,1.77,AN1,189B,0.00,0.00,1.95,1.85,AN2,8A94,2.95,5.89,1.95,4.78,AN3,0323,-0.09,6.04,1.95,4.76,POS,1.49,1.14,1.53,84
DIST,4,AN0,C32D,2.95,0.00,1.95,1.70,AN1,189B,0.00,0.00,1.95,1.89,AN2,8A94,2.95,5.89,1.95,4.70,AN3,0323,-0.09,6.04,1.95,4.72,POS,1.52,1.20,1.48,76
DIST,4,AN0,C32D,2.95,0.00,1.95,1.84,AN1,189B,0.00,0.00,1.95,1.85,AN2,8A94,2.95,5.89,1.95,4.70,AN3,0323,-0.09,6.04,1.95,4.76,POS,1.47,1.20,1.45,71
DIST,4,AN0,189B,0.00,0.00,1.95,1.85,AN1,C32D,2.95,0.00,1.95,1.81,AN2,8A94,2.95,5.89,1.95,4.73,AN3,0323,-0.09,6.04,1.95,4.71,POS,1.47,1.25,1.54,86
DIST,4,AN0,189B,0.00,0.00,1.95,1.85,AN1,C32D,2.95,0.00,1.95,1.86,AN2,8A94,2.95,5.89,1.95,4.72,AN3,0323,-0.09,6.04,1.95,4.74,POS,1.47,1.28,1.54,83
DIST,4,AN0,189B,0.00,0.00,1.95,1.87,AN1,C32D,2.95,0.00,1.95,1.83,AN2,8A94,2.95,5.89,1.95,4.75,AN3,0323,-0.09,6.04,1.95,4.63,POS,1.48,1.31,1.48,78
DIST,4,AN0,C32D,2.95,0.00,1.95,1.92,AN1,189B,0.00,0.00,1.95,1.82,AN2,8A94,2.95,5.89,1.95,4.69,AN3,0323,-0.09,6.04,1.95,4.60,POS,1.46,1.34,1.42,77
DIST,4,AN0,189B,0.00,0.00,1.95,1.94,AN1,C32D,2.95,0.00,1.95,1.93,AN2,8A94,2.95,5.89,1.95,4.57,AN3,0323,-0.09,6.04,1.95,4.61,POS,1.41,1.34,1.42,76
DIST,4,AN0,189B,0.00,0.00,1.95,1.98,AN1,C32D,2.95,0.00,1.95,1.93,AN2,8A94,2.95,5.89,1.95,4.52,AN3,0323,-0.09,6.04,1.95,4.56,POS,1.44,1.40,1.52,89
DIST,4,AN0,189B,0.00,0.00,1.95,2.00,AN1,C32D,2.95,0.00,1.95,2.03,AN2,8A94,2.95,5.89,1.95,4.59,AN3,0323,-0.09,6.04,1.95,4.42,POS,1.44,1.46,1.45,82
DIST,4,AN0,189B,0.00,0.00,1.95,2.00,AN1,C32D,2.95,0.00,1.95,1.99,AN2,8A94,2.95,5.89,1.95,4.58,AN3,0323,-0.09,6.04,1.95,4.45,POS,1.45,1.50,1.40,81
DIST,4,AN0,189B,0.00,0.00,1.95,2.03,AN1,C32D,2.95,0.00,1.95,1.93,AN2,8A94,2.95,5.89,1.95,4.54,AN3,0323,-0.09,6.04,1.95,4.52,POS,1.48,1.52,1.35,78
DIST,4,AN0,C32D,2.95,0.00,1.95,2.00,AN1,189B,0.00,0.00,1.95,2.00,AN2,8A94,2.95,5.89,1.95,4.55,AN3,0323,-0.09,6.04,1.95,4.52,POS,1.48,1.54,1.42,89
DIST,4,AN0,C32D,2.95,0.00,1.95,1.97,AN1,189B,0.00,0.00,1.95,1.98,AN2,8A94,2.95,5.89,1.95,4.59,AN3,0323,-0.09,6.04,1.95,4.54,POS,1.48,1.55,1.49,89
DIST,4,AN0,C32D,2.95,0.00,1.95,1.93,AN1,189B,0.00,0.00,1.95,2.00,AN2,8A94,2.95,5.89,1.95,4.50,AN3,0323,-0.09,6.04,1.95,4.52,POS,1.49,1.55,1.42,79
DIST,4,AN0,C32D,2.95,0.00,1.95,1.95,AN1,189B,0.00,0.00,1.95,1.99,AN2,8A94,2.95,5.89,1.95,4.56,AN3,0323,-0.09,6.04,1.95,4.51,POS,1.49,1.55,1.37,79
DIST,4,AN0,C32D,2.95,0.00,1.95,1.96,AN1,189B,0.00,0.00,1.95,1.97,AN2,8A94,2.95,5.89,1.95,4.54,AN3,0323,-0.09,6.04,1.95,4.54,POS,1.49,1.56,1.46,89
DIST,4,AN0,C32D,2.95,0.00,1.95,1.99,AN1,189B,0.00,0.00,1.95,1.96,AN2,8A94,2.95,5.89,1.95,4.57,AN3,0323,-0.09,6.04,1.95,4.57,POS,1.48,1.55,1.48,87
DIST,4,AN0,C32D,2.95,0.00,1.95,1.92,AN1,189B,0.00,0.00,1.95,1.93,AN2,8A94,2.95,5.89,1.95,4.60,AN3,0323,-0.09,6.04,1.95,4.54,POS,1.48,1.54,1.43,79
DIST,4,AN0,C32D,2.95,0.00,1.95,1.94,AN1,189B,0.00,0.00,1.95,1.96,AN2,8A94,2.95,5.89,1.95,4.60,AN3,0323,-0.09,6.04,1.95,4.64,POS,1.43,1.49,1.40,73
DIST,4,AN0,189B,0.00,0.00,1.95,1.93,AN1,C32D,2.95,0.00,1.95,1.97,AN2,8A94,2.95,5.89,1.95,4.62,AN3,0323,-0.09,6.04,1.95,4.60,POS,1.43,1.49,1.43,85
DIST,4,AN0,189B,0.00,0.00,1.95,1.93,AN1,C32D,2.95,0.00,1.95,1.95,AN2,8A94,2.95,5.89,1.95,4.64,AN3,0323,-0.09,6.04,1.95,4.65,POS,1.44,1.49,1.44,84
DIST,4,AN0,189B,0.00,0.00,1.95,1.94,AN1,C32D,2.95,0.00,1.95,1.91,AN2,8A94,2.95,5.89,1.95,4.60,AN3,0323,-0.09,6.04,1.95,4.60,POS,1.45,1.50,1.52,88
DIST,4,AN0,189B,0.00,0.00,1.95,1.99,AN1,C32D,2.95,0.00,1.95,1.93,AN2,8A94,2.95,5.89,1.95,4.58,AN3,0323,-0.09,6.04,1.95,4.60,POS,1.47,1.51,1.53,86
DIST,4,AN0,189B,0.00,0.00,1.95,1.99,AN1,C32D,2.95,0.00,1.95,1.97,AN2,8A94,2.95,5.89,1.95,4.50,AN3,0323,-0.09,6.04,1.95,4.42,POS,1.47,1.54,1.48,84
DIST,4,AN0,189B,0.00,0.00,1.95,2.08,AN1,C32D,2.95,0.00,1.95,2.10,AN2,8A94,2.95,5.89,1.95,4.38,AN3,0323,-0.09,6.04,1.95,4.39,POS,1.41,1.55,1.46,79
DIST,4,AN0,189B,0.00,0.00,1.95,2.13,AN1,C32D,2.95,0.00,1.95,2.05,AN2,8A94,2.95,5.89,1.95,4.32,AN3,0323,-0.09,6.04,1.95,4.40,POS,1.39,1.56,1.44,82
DIST,4,AN0,189B,0.00,0.00,1.95,2.20,AN1,C32D,2.95,0.00,1.95,2.10,AN2,8A94,2.95,5.89,1.95,4.23,AN3,0323,-0.09,6.04,1.95,4.32,POS,1.38,1.59,1.42,83
DIST,4,AN0,189B,0.00,0.00,1.95,2.20,AN1,C32D,2.95,0.00,1.95,2.14,AN2,8A94,2.95,5.89,1.95,4.22,AN3,0323,-0.09,6.04,1.95,4.25,POS,1.42,1.66,1.37,84
DIST,4,AN0,189B,0.00,0.00,1.95,2.20,AN1,C32D,2.95,0.00,1.95,2.26,AN2,8A94,2.95,5.89,1.95,4.27,AN3,0323,-0.09,6.04,1.95,4.33,POS,1.39,1.68,1.39,86
DIST,4,AN0,189B,0.00,0.00,1.95,2.23,AN1,C32D,2.95,0.00,1.95,2.11,AN2,8A94,2.95,5.89,1.95,4.29,AN3,0323,-0.09,6.04,1.95,4.27,POS,1.44,1.72,1.36,83
DIST,4,AN0,189B,0.00,0.00,1.95,2.26,AN1,C32D,2.95,0.00,1.95,2.22,AN2,8A94,2.95,5.89,1.95,4.25,AN3,0323,-0.09,6.04,1.95,4.24,POS,1.46,1.77,1.42,92
DIST,4,AN0,189B,0.00,0.00,1.95,2.27,AN1,C32D,2.95,0.00,1.95,2.23,AN2,8A94,2.95,5.89,1.95,4.18,AN3,0323,-0.09,6.04,1.95,4.21,POS,1.41,1.77,1.40,83
DIST,4,AN0,189B,0.00,0.00,1.95,2.36,AN1,C32D,2.95,0.00,1.95,2.31,AN2,8A94,2.95,5.89,1.95,4.15,AN3,0323,-0.09,6.04,1.95,4.12,POS,1.44,1.84,1.47,94
DIST,4,AN0,189B,0.00,0.00,1.95,2.37,AN1,C32D,2.95,0.00,1.95,2.31,AN2,8A94,2.95,5.89,1.95,4.10,AN3,0323,-0.09,6.04,1.95,4.09,POS,1.46,1.90,1.55,95
DIST,4,AN0,189B,0.00,0.00,1.95,2.37,AN1,C32D,2.95,0.00,1.95,2.35,AN2,8A94,2.95,5.89,1.95,4.04,AN3,0323,-0.09,6.04,1.95,4.11,POS,1.43,1.92,1.64,93
DIST,4,AN0,189B,0.00,0.00,1.95,2.37,AN1,C32D,2.95,0.00,1.95,2.38,AN2,8A94,2.95,5.89,1.95,4.07,AN3,0323,-0.09,6.04,1.95,4.00,POS,1.44,1.96,1.53,86
DIST,4,AN0,189B,0.00,0.00,1.95,2.35,AN1,C32D,2.95,0.00,1.95,2.33,AN2,8A94,2.95,5.89,1.95,4.12,AN3,0323,-0.09,6.04,1.95,4.07,POS,1.45,1.98,1.44,84
DIST,4,AN0,189B,0.00,0.00,1.95,2.37,AN1,C32D,2.95,0.00,1.95,2.37,AN2,8A94,2.95,5.89,1.95,4.06,AN3,0323,-0.09,6.04,1.95,4.08,POS,1.46,2.00,1.48,94
DIST,4,AN0,189B,0.00,0.00,1.95,2.36,AN1,C32D,2.95,0.00,1.95,2.31,AN2,8A94,2.95,5.89,1.95,4.10,AN3,0323,-0.09,6.04,1.95,4.06,POS,1.47,2.02,1.41,86
DIST,4,AN0,189B,0.00,0.00,1.95,2.38,AN1,C32D,2.95,0.00,1.95,2.37,AN2,8A94,2.95,5.89,1.95,4.13,AN3,0323,-0.09,6.04,1.95,4.04,POS,1.47,2.04,1.50,96
DIST,4,AN0,189B,0.00,0.00,1.95,2.38,AN1,C32D,2.95,0.00,1.95,2.32,AN2,8A94,2.95,5.89,1.95,4.09,AN3,0323,-0.09,6.04,1.95,4.08,POS,1.49,2.05,1.60,96
DIST,4,AN0,C32D,2.95,0.00,1.95,2.30,AN1,189B,0.00,0.00,1.95,2.37,AN2,8A94,2.95,5.89,1.95,4.06,AN3,0323,-0.09,6.04,1.95,4.09,POS,1.43,2.01,1.54,85
DIST,4,AN0,189B,0.00,0.00,1.95,2.36,AN1,C32D,2.95,0.00,1.95,2.33,AN2,8A94,2.95,5.89,1.95,4.08,AN3,0323,-0.09,6.04,1.95,4.09,POS,1.39,1.99,1.48,84
DIST,4,AN0,189B,0.00,0.00,1.95,2.34,AN1,C32D,2.95,0.00,1.95,2.34,AN2,8A94,2.95,5.89,1.95,4.12,AN3,0323,-0.09,6.04,1.95,4.07,POS,1.41,2.00,1.40,84
DIST,4,AN0,189B,0.00,0.00,1.95,2.34,AN1,C32D,2.95,0.00,1.95,2.32,AN2,8A94,2.95,5.89,1.95,4.13,AN3,0323,-0.09,6.04,1.95,4.17,POS,1.38,1.97,1.51,91
DIST,4,AN0,189B,0.00,0.00,1.95,2.31,AN1,C32D,2.95,0.00,1.95,2.28,AN2,8A94,2.95,5.89,1.95,4.10,AN3,0323,-0.09,6.04,1.95,4.06,POS,1.41,1.99,1.46,88
DIST,4,AN0,189B,0.00,0.00,1.95,2.30,AN1,C32D,2.95,0.00,1.95,2.31,AN2,8A94,2.95,5.89,1.95,4.14,AN3,0323,-0.09,6.04,1.95,4.09,POS,1.42,1.99,1.38,85
DIST,4,AN0,189B,0.00,0.00,1.95,2.30,AN1,C32D,2.95,0.00,1.95,2.32,AN2,8A94,2.95,5.89,1.95,4.13,AN3,0323,-0.09,6.04,1.95,4.12,POS,1.37,1.96,1.37,83
DIST,4,AN0,189B,0.00,0.00,1.95,2.37,AN1,C32D,2.95,0.00,1.95,2.26,AN2,8A94,2.95,5.89,1.95,4.16,AN3,0323,-0.09,6.04,1.95,4.12,POS,1.42,1.97,1.33,84
DIST,4,AN0,189B,0.00,0.00,1.95,2.41,AN1,C32D,2.95,0.00,1.95,2.37,AN2,8A94,2.95,5.89,1.95,4.04,AN3,0323,-0.09,6.04,1.95,4.17,POS,1.43,1.97,1.33,89
DIST,4,AN0,189B,0.00,0.00,1.95,2.45,AN1,C32D,2.95,0.00,1.95,2.49,AN2,8A94,2.95,5.89,1.95,3.96,AN3,0323,-0.09,6.04,1.95,3.93,POS,1.37,2.00,1.33,85
DIST,4,AN0,189B,0.00,0.00,1.95,2.51,AN1,C32D,2.95,0.00,1.95,2.56,AN2,8A94,2.95,5.89,1.95,3.89,AN3,0323,-0.09,6.04,1.95,3.93,POS,1.35,2.04,1.38,92
DIST,4,AN0,189B,0.00,0.00,1.95,2.61,AN1,C32D,2.95,0.00,1.95,2.56,AN2,8A94,2.95,5.89,1.95,3.83,AN3,0323,-0.09,6.04,1.95,3.85,POS,1.39,2.12,1.44,95
DIST,4,AN0,189B,0.00,0.00,1.95,2.62,AN1,C32D,2.95,0.00,1.95,2.57,AN2,8A94,2.95,5.89,1.95,3.82,AN3,0323,-0.09,6.04,1.95,3.85,POS,1.43,2.17,1.47,95
DIST,4,AN0,189B,0.00,0.00,1.95,2.58,AN1,C32D,2.95,0.00,1.95,2.59,AN2,8A94,2.95,5.89,1.95,3.85,AN3,0323,-0.09,6.04,1.95,3.75,POS,1.44,2.22,1.41,89
DIST,4,AN0,189B,0.00,0.00,1.95,2.60,AN1,C32D,2.95,0.00,1.95,2.68,AN2,8A94,2.95,5.89,1.95,3.82,AN3,0323,-0.09,6.04,1.95,3.74,POS,1.43,2.27,1.47,96
DIST,4,AN0,189B,0.00,0.00,1.95,2.63,AN1,C32D,2.95,0.00,1.95,2.69,AN2,8A94,2.95,5.89,1.95,3.79,AN3,0323,-0.09,6.04,1.95,3.78,POS,1.38,2.28,1.50,93
DIST,4,AN0,189B,0.00,0.00,1.95,2.63,AN1,C32D,2.95,0.00,1.95,2.71,AN2,8A94,2.95,5.89,1.95,3.74,AN3,0323,-0.09,6.04,1.95,3.67,POS,1.38,2.32,1.41,87
DIST,4,AN0,189B,0.00,0.00,1.95,2.68,AN1,C32D,2.95,0.00,1.95,2.74,AN2,8A94,2.95,5.89,1.95,3.73,AN3,0323,-0.09,6.04,1.95,3.64,POS,1.32,2.33,1.38,87
DIST,4,AN0,189B,0.00,0.00,1.95,2.77,AN1,C32D,2.95,0.00,1.95,2.85,AN2,8A94,2.95,5.89,1.95,3.61,AN3,0323,-0.09,6.04,1.95,3.71,POS,1.34,2.37,1.33,88
DIST,4,AN0,189B,0.00,0.00,1.95,2.77,AN1,C32D,2.95,0.00,1.95,2.88,AN2,8A94,2.95,5.89,1.95,3.61,AN3,0323,-0.09,6.04,1.95,3.66,POS,1.34,2.41,1.31,89
DIST,4,AN0,189B,0.00,0.00,1.95,2.78,AN1,C32D,2.95,0.00,1.95,2.87,AN2,8A94,2.95,5.89,1.95,3.60,AN3,0323,-0.09,6.04,1.95,3.56,POS,1.31,2.43,1.42,96
DIST,4,AN0,189B,0.00,0.00,1.95,2.76,AN1,C32D,2.95,0.00,1.95,2.84,AN2,8A94,2.95,5.89,1.95,3.58,AN3,0323,-0.09,6.04,1.95,3.67,POS,1.33,2.46,1.39,91
DIST,4,AN0,189B,0.00,0.00,1.95,2.78,AN1,C32D,2.95,0.00,1.95,2.83,AN2,8A94,2.95,5.89,1.95,3.54,AN3,0323,-0.09,6.04,1.95,3.63,POS,1.35,2.48,1.40,94
DIST,4,AN0,189B,0.00,0.00,1.95,2.76,AN1,C32D,2.95,0.00,1.95,2.82,AN2,8A94,2.95,5.89,1.95,3.62,AN3,0323,-0.09,6.04,1.95,3.69,POS,1.35,2.48,1.38,91
DIST,4,AN0,189B,0.00,0.00,1.95,2.76,AN1,C32D,2.95,0.00,1.95,2.81,AN2,8A94,2.95,5.89,1.95,3.60,AN3,0323,-0.09,6.04,1.95,3.67,POS,1.36,2.48,1.39,93
DIST,4,AN0,189B,0.00,0.00,1.95,2.77,AN1,C32D,2.95,0.00,1.95,2.79,AN2,8A94,2.95,5.89,1.95,3.66,AN3,0323,-0.09,6.04,1.95,3.64,POS,1.38,2.50,1.42,95
DIST,4,AN0,189B,0.00,0.00,1.95,2.74,AN1,C32D,2.95,0.00,1.95,2.79,AN2,8A94,2.95,5.89,1.95,3.65,AN3,0323,-0.09,6.04,1.95,3.62,POS,1.40,2.51,1.47,97
DIST,4,AN0,189B,0.00,0.00,1.95,2.77,AN1,C32D,2.95,0.00,1.95,2.83,AN2,8A94,2.95,5.89,1.95,3.68,AN3,0323,-0.09,6.04,1.95,3.68,POS,1.36,2.50,1.44,91
DIST,4,AN0,189B,0.00,0.00,1.95,2.75,AN1,C32D,2.95,0.00,1.95,2.74,AN2,8A94,2.95,5.89,1.95,3.64,AN3,0323,-0.09,6.04,1.95,3.65,POS,1.39,2.51,1.50,97
DIST,4,AN0,189B,0.00,0.00,1.95,2.74,AN1,C32D,2.95,0.00,1.95,2.80,AN2,8A94,2.95,5.89,1.95,3.66,AN3,0323,-0.09,6.04,1.95,3.62,POS,1.40,2.52,1.52,96
DIST,4,AN0,189B,0.00,0.00,1.95,2.77,AN1,C32D,2.95,0.00,1.95,2.79,AN2,8A94,2.95,5.89,1.95,3.62,AN3,0323,-0.09,6.04,1.95,3.67,POS,1.38,2.50,1.51,93
DIST,4,AN0,189B,0.00,0.00,1.95,2.76,AN1,C32D,2.95,0.00,1.95,2.74,AN2,8A94,2.95,5.89,1.95,3.60,AN3,0323,-0.09,6.04,1.95,3.63,POS,1.36,2.49,1.43,88
DIST,4,AN0,189B,0.00,0.00,1.95,2.80,AN1,C32D,2.95,0.00,1.95,2.75,AN2,8A94,2.95,5.89,1.95,3.67,AN3,0323,-0.09,6.04,1.95,3.69,POS,1.40,2.50,1.44,94
DIST,4,AN0,189B,0.00,0.00,1.95,2.75,AN1,C32D,2.95,0.00,1.95,2.77,AN2,8A94,2.95,5.89,1.95,3.62,AN3,0323,-0.09,6.04,1.95,3.67,POS,1.38,2.49,1.48,95
DIST,4,AN0,189B,0.00,0.00,1.95,2.75,AN1,C32D,2.95,0.00,1.95,2.72,AN2,8A94,2.95,5.89,1.95,3.65,AN3,0323,-0.09,6.04,1.95,3.67,POS,1.41,2.50,1.54,98
DIST,3,AN0,189B,0.00,0.00,1.95,2.75,AN1,C32D,2.95,0.00,1.95,2.77,AN2,8A94,2.95,5.89,1.95,3.66,POS,1.42,2.48,1.60,98
DIST,4,AN0,189B,0.00,0.00,1.95,2.78,AN1,C32D,2.95,0.00,1.95,2.83,AN2,8A94,2.95,5.89,1.95,3.60,AN3,0323,-0.09,6.04,1.95,3.62,POS,1.39,2.49,1.59,95
DIST,4,AN0,189B,0.00,0.00,1.95,2.89,AN1,C32D,2.95,0.00,1.95,2.91,AN2,8A94,2.95,5.89,1.95,3.47,AN3,0323,-0.09,6.04,1.95,3.53,POS,1.39,2.52,1.57,95
DIST,4,AN0,189B,0.00,0.00,1.95,2.98,AN1,C32D,2.95,0.00,1.95,2.92,AN2,8A94,2.95,5.89,1.95,3.41,AN3,0323,-0.09,6.04,1.95,3.48,POS,1.38,2.56,1.60,97
DIST,4,AN0,189B,0.00,0.00,1.95,3.00,AN1,C32D,2.95,0.00,1.95,3.02,AN2,8A94,2.95,5.89,1.95,3.40,AN3,0323,-0.09,6.04,1.95,3.30,POS,1.32,2.60,1.53,90
DIST,4,AN0,189B,0.00,0.00,1.95,2.99,AN1,C32D,2.95,0.00,1.95,3.09,AN2,8A94,2.95,5.89,1.95,3.39,AN3,0323,-0.09,6.04,1.95,3.37,POS,1.32,2.64,1.51,94
DIST,4,AN0,189B,0.00,0.00,1.95,3.01,AN1,C32D,2.95,0.00,1.95,3.04,AN2,8A94,2.95,5.89,1.95,3.37,AN3,0323,-0.09,6.04,1.95,3.42,POS,1.34,2.67,1.48,94
DIST,4,AN0,189B,0.00,0.00,1.95,3.02,AN1,C32D,2.95,0.00,1.95,3.05,AN2,8A94,2.95,5.89,1.95,3.38,AN3,0323,-0.09,6.04,1.95,3.34,POS,1.31,2.69,1.55,97
DIST,4,AN0,189B,0.00,0.00,1.95,3.06,AN1,C32D,2.95,0.00,1.95,3.11,AN2,8A94,2.95,5.89,1.95,3.32,AN3,0323,-0.09,6.04,1.95,3.30,POS,1.30,2.72,1.57,97
DIST,4,AN0,189B,0.00,0.00,1.95,3.09,AN1,C32D,2.95,0.00,1.95,3.08,AN2,8A94,2.95,5.89,1.95,3.36,AN3,0323,-0.09,6.04,1.95,3.29,POS,1.27,2.74,1.47,87
DIST,4,AN0,189B,0.00,0.00,1.95,3.15,AN1,C32D,2.95,0.00,1.95,3.13,AN2,0323,-0.09,6.04,1.95,3.24,AN3,8A94,2.95,5.89,1.95,3.22,POS,1.28,2.78,1.59,99
DIST,4,AN0,189B,0.00,0.00,1.95,3.20,AN1,C32D,2.95,0.00,1.95,3.25,AN2,8A94,2.95,5.89,1.95,3.21,AN3,0323,-0.09,6.04,1.95,3.24,POS,1.30,2.84,1.52,92
DIST,4,AN0,189B,0.00,0.00,1.95,3.21,AN1,C32D,2.95,0.00,1.95,3.15,AN2,8A94,2.95,5.89,1.95,3.11,AN3,0323,-0.09,6.04,1.95,3.14,POS,1.36,2.90,1.46,92
DIST,4,AN0,189B,0.00,0.00,1.95,3.28,AN1,C32D,2.95,0.00,1.95,3.22,AN2,8A94,2.95,5.89,1.95,3.13,AN3,0323,-0.09,6.04,1.95,3.19,POS,1.41,2.95,1.49,97
DIST,4,AN0,189B,0.00,0.00,1.95,3.25,AN1,8A94,2.95,5.89,1.95,3.14,AN2,C32D,2.95,0.00,1.95,3.20,AN3,0323,-0.09,6.04,1.95,3.13,POS,1.38,2.96,1.42,89
DIST,4,AN0,189B,0.00,0.00,1.95,3.24,AN1,8A94,2.95,5.89,1.95,3.16,AN2,C32D,2.95,0.00,1.95,3.24,AN3,0323,-0.09,6.04,1.95,3.13,POS,1.40,2.99,1.50,99
DIST,4,AN0,8A94,2.95,5.89,1.95,3.14,AN1,189B,0.00,0.00,1.95,3.26,AN2,C32D,2.95,0.00,1.95,3.19,AN3,0323,-0.09,6.04,1.95,3.13,POS,1.44,3.03,1.43,90
DIST,4,AN0,8A94,2.95,5.89,1.95,3.18,AN1,189B,0.00,0.00,1.95,3.20,AN2,0323,-0.09,6.04,1.95,3.11,AN3,C32D,2.95,0.00,1.95,3.17,POS,1.46,3.04,1.40,92
DIST,4,AN0,8A94,2.95,5.89,1.95,3.17,AN1,0323,-0.09,6.04,1.95,3.21,AN2,189B,0.00,0.00,1.95,3.16,AN3,C32D,2.95,0.00,1.95,3.14,POS,1.47,3.04,1.34,88
DIST,4,AN0,8A94,2.95,5.89,1.95,3.18,AN1,189B,0.00,0.00,1.95,3.19,AN2,C32D,2.95,0.00,1.95,3.14,AN3,0323,-0.09,6.04,1.95,3.23,POS,1.48,3.03,1.45,99
DIST,4,AN0,8A94,2.95,5.89,1.95,3.19,AN1,C32D,2.95,0.00,1.95,3.15,AN2,189B,0.00,0.00,1.95,3.15,AN3,0323,-0.09,6.04,1.95,3.14,POS,1.42,3.00,1.43,92
DIST,4,AN0,8A94,2.95,5.89,1.95,3.19,AN1,189B,0.00,0.00,1.95,3.19,AN2,C32D,2.95,0.00,1.95,3.16,AN3,0323,-0.09,6.04,1.95,3.22,POS,1.44,3.01,1.50,98
DIST,4,AN0,8A94,2.95,5.89,1.95,3.22,AN1,189B,0.00,0.00,1.95,3.20,AN2,C32D,2.95,0.00,1.95,3.23,AN3,0323,-0.09,6.04,1.95,3.18,POS,1.44,3.02,1.51,96
DIST,4,AN0,8A94,2.95,5.89,1.95,3.20,AN1,189B,0.00,0.00,1.95,3.18,AN2,C32D,2.95,0.00,1.95,3.19,AN3,0323,-0.09,6.04,1.95,3.17,POS,1.39,3.00,1.42,88
DIST,4,AN0,8A94,2.95,5.89,1.95,3.23,AN1,189B,0.00,0.00,1.95,3.17,AN2,C32D,2.95,0.00,1.95,3.17,AN3,0323,-0.09,6.04,1.95,3.14,POS,1.34,2.98,1.39,91
DIST,4,AN0,189B,0.00,0.00,1.95,3.22,AN1,8A94,2.95,5.89,1.95,3.26,AN2,0323,-0.09,6.04,1.95,3.16,AN3,C32D,2.95,0.00,1.95,3.15,POS,1.39,3.00,1.36,91
DIST,4,AN0,8A94,2.95,5.89,1.95,3.24,AN1,189B,0.00,0.00,1.95,3.12,AN2,0323,-0.09,6.04,1.95,3.28,AN3,C32D,2.95,0.00,1.95,3.17,POS,1.39,2.98,1.38,95
DIST,4,AN0,189B,0.00,0.00,1.95,3.20,AN1,8A94,2.95,5.89,1.95,3.20,AN2,C32D,2.95,0.00,1.95,3.16,AN3,0323,-0.09,6.04,1.95,3.27,POS,1.42,2.98,1.40,95
DIST,4,AN0,8A94,2.95,5.89,1.95,3.24,AN1,189B,0.00,0.00,1.95,3.19,AN2,C32D,2.95,0.00,1.95,3.15,AN3,0323,-0.09,6.04,1.95,3.24,POS,1.44,2.99,1.46,98
DIST,4,AN0,8A94,2.95,5.89,1.95,3.16,AN1,189B,0.00,0.00,1.95,3.23,AN2,C32D,2.95,0.00,1.95,3.26,AN3,0323,-0.09,6.04,1.95,3.18,POS,1.44,3.01,1.46,95
DIST,4,AN0,8A94,2.95,5.89,1.95,3.03,AN1,189B,0.00,0.00,1.95,3.35,AN2,C32D,2.95,0.00,1.95,3.39,AN3,0323,-0.09,6.04,1.95,3.02,POS,1.44,3.06,1.48,96
DIST,3,AN0,0323,-0.09,6.04,1.95,2.98,AN1,189B,0.00,0.00,1.95,3.39,AN2,C32D,2.95,0.00,1.95,3.40,POS,1.45,3.12,1.56,99
DIST,4,AN0,8A94,2.95,5.89,1.95,2.97,AN1,0323,-0.09,6.04,1.95,2.90,AN2,189B,0.00,0.00,1.95,3.44,AN3,C32D,2.95,0.00,1.95,3.53,POS,1.43,3.17,1.54,94
DIST,4,AN0,8A94,2.95,5.89,1.95,2.98,AN1,0323,-0.09,6.04,1.95,2.95,AN2,189B,0.00,0.00,1.95,3.42,AN3,C32D,2.95,0.00,1.95,3.48,POS,1.42,3.21,1.53,95
DIST,4,AN0,8A94,2.95,5.89,1.95,3.00,AN1,0323,-0.09,6.04,1.95,2.92,AN2,189B,0.00,0.00,1.95,3.38,AN3,C32D,2.95,0.00,1.95,3.48,POS,1.40,3.23,1.55,96
DIST,4,AN0,8A94,2.95,5.89,1.95,2.97,AN1,0323,-0.09,6.04,1.95,2.88,AN2,189B,0.00,0.00,1.95,3.36,AN3,C32D,2.95,0.00,1.95,3.42,POS,1.40,3.25,1.48,90
DIST,4,AN0,8A94,2.95,5.89,1.95,2.90,AN1,0323,-0.09,6.04,1.95,2.86,AN2,189B,0.00,0.00,1.95,3.43,AN3,C32D,2.95,0.00,1.95,3.54,POS,1.38,3.28,1.52,95
DIST,4,AN0,8A94,2.95,5.89,1.95,2.80,AN1,0323,-0.09,6.04,1.95,2.81,AN2,189B,0.00,0.00,1.95,3.57,AN3,C32D,2.95,0.00,1.95,3.64,POS,1.37,3.33,1.50,93
DIST,4,AN0,8A94,2.95,5.89,1.95,2.74,AN1,0323,-0.09,6.04,1.95,2.75,AN2,189B,0.00,0.00,1.95,3.56,AN3,C32D,2.95,0.00,1.95,3.69,POS,1.36,3.37,1.51,93
DIST,4,AN0,8A94,2.95,5.89,1.95,2.72,AN1,0323,-0.09,6.04,1.95,2.74,AN2,189B,0.00,0.00,1.95,3.61,AN3,C32D,2.95,0.00,1.95,3.68,POS,1.36,3.41,1.52,94
DIST,4,AN0,8A94,2.95,5.89,1.95,2.73,AN1,0323,-0.09,6.04,1.95,2.72,AN2,189B,0.00,0.00,1.95,3.74,AN3,C32D,2.95,0.00,1.95,3.69,POS,1.34,3.43,1.54,94
DIST,4,AN0,8A94,2.95,5.89,1.95,2.67,AN1,0323,-0.09,6.04,1.95,2.74,AN2,189B,0.00,0.00,1.95,3.70,AN3,C32D,2.95,0.00,1.95,3.62,POS,1.40,3.47,1.46,88
DIST,4,AN0,8A94,2.95,5.89,1.95,2.72,AN1,0323,-0.09,6.04,1.95,2.75,AN2,189B,0.00,0.00,1.95,3.61,AN3,C32D,2.95,0.00,1.95,3.69,POS,1.39,3.48,1.46,92
DIST,4,AN0,8A94,2.95,5.89,1.95,2.73,AN1,0323,-0.09,6.04,1.95,2.77,AN2,189B,0.00,0.00,1.95,3.69,AN3,C32D,2.95,0.00,1.95,3.58,POS,1.38,3.48,1.38,86
DIST,4,AN0,8A94,2.95,5.89,1.95,2.72,AN1,0323,-0.09,6.04,1.95,2.74,AN2,189B,0.00,0.00,1.95,3.67,AN3,C32D,2.95,0.00,1.95,3.68,POS,1.40,3.50,1.44,96
DIST,4,AN0,8A94,2.95,5.89,1.95,2.76,AN1,0323,-0.09,6.04,1.95,2.75,AN2,189B,0.00,0.00,1.95,3.66,AN3,C32D,2.95,0.00,1.95,3.67,POS,1.42,3.51,1.48,95
DIST,4,AN0,8A94,2.95,5.89,1.95,2.73,AN1,0323,-0.09,6.04,1.95,2.76,AN2,189B,0.00,0.00,1.95,3.70,AN3,C32D,2.95,0.00,1.95,3.68,POS,1.44,3.53,1.49,95
DIST,4,AN0,8A94,2.95,5.89,1.95,2.75,AN1,0323,-0.09,6.04,1.95,2.78,AN2,189B,0.00,0.00,1.95,3.64,AN3,C32D,2.95,0.00,1.95,3.65,POS,1.43,3.53,1.50,94
DIST,4,AN0,8A94,2.95,5.89,1.95,2.73,AN1,0323,-0.09,6.04,1.95,2.74,AN2,189B,0.00,0.00,1.95,3.61,AN3,C32D,2.95,0.00,1.95,3.64,POS,1.40,3.51,1.56,96
DIST,4,AN0,8A94,2.95,5.89,1.95,2.75,AN1,0323,-0.09,6.04,1.95,2.76,AN2,189B,0.00,0.00,1.95,3.63,AN3,C32D,2.95,0.00,1.95,3.66,POS,1.41,3.52,1.57,95
DIST,4,AN0,8A94,2.95,5.89,1.95,2.78,AN1,0323,-0.09,6.04,1.95,2.74,AN2,189B,0.00,0.00,1.95,3.58,AN3,C32D,2.95,0.00,1.95,3.63,POS,1.41,3.52,1.46,86
DIST,4,AN0,8A94,2.95,5.89,1.95,2.78,AN1,0323,-0.09,6.04,1.95,2.74,AN2,189B,0.00,0.00,1.95,3.61,AN3,C32D,2.95,0.00,1.95,3.64,POS,1.42,3.52,1.55,97
DIST,4,AN0,8A94,2.95,5.89,1.95,2.73,AN1,0323,-0.09,6.04,1.95,2.69,AN2,189B,0.00,0.00,1.95,3.67,AN3,C32D,2.95,0.00,1.95,3.72,POS,1.41,3.54,1.56,95
DIST,4,AN0,8A94,2.95,5.89,1.95,2.69,AN1,0323,-0.09,6.04,1.95,2.68,AN2,189B,0.00,0.00,1.95,3.76,AN3,C32D,2.95,0.00,1.95,3.74,POS,1.44,3.57,1.59,96
DIST,4,AN0,8A94,2.95,5.89,1.95,2.61,AN1,0323,-0.09,6.04,1.95,2.52,AN2,189B,0.00,0.00,1.95,3.82,AN3,C32D,2.95,0.00,1.95,3.88,POS,1.42,3.62,1.62,95
DIST,4,AN0,8A94,2.95,5.89,1.95,2.56,AN1,0323,-0.09,6.04,1.95,2.40,AN2,189B,0.00,0.00,1.95,3.80,AN3,C32D,2.95,0.00,1.95,3.96,POS,1.37,3.66,1.60,89
DIST,4,AN0,8A94,2.95,5.89,1.95,2.49,AN1,0323,-0.09,6.04,1.95,2.45,AN2,189B,0.00,0.00,1.95,3.86,AN3,C32D,2.95,0.00,1.95,3.94,POS,1.36,3.70,1.58,91
DIST,4,AN0,8A94,2.95,5.89,1.95,2.52,AN1,0323,-0.09,6.04,1.95,2.41,AN2,189B,0.00,0.00,1.95,3.85,AN3,C32D,2.95,0.00,1.95,3.95,POS,1.34,3.74,1.49,83
DIST,4,AN0,8A94,2.95,5.89,1.95,2.57,AN1,0323,-0.09,6.04,1.95,2.47,AN2,189B,0.00,0.00,1.95,3.87,AN3,C32D,2.95,0.00,1.95,4.01,POS,1.32,3.76,1.46,87
DIST,4,AN0,0323,-0.09,6.04,1.95,2.50,AN1,8A94,2.95,5.89,1.95,2.55,AN2,189B,0.00,0.00,1.95,3.84,AN3,C32D,2.95,0.00,1.95,3.94,POS,1.31,3.77,1.47,90
DIST,4,AN0,0323,-0.09,6.04,1.95,2.45,AN1,8A94,2.95,5.89,1.95,2.55,AN2,189B,0.00,0.00,1.95,3.84,AN3,C32D,2.95,0.00,1.95,4.00,POS,1.30,3.78,1.47,88
DIST,4,AN0,0323,-0.09,6.04,1.95,2.45,AN1,8A94,2.95,5.89,1.95,2.49,AN2,189B,0.00,0.00,1.95,3.84,AN3,C32D,2.95,0.00,1.95,4.01,POS,1.29,3.79,1.52,91
DIST,4,AN0,0323,-0.09,6.04,1.95,2.38,AN1,8A94,2.95,5.89,1.95,2.51,AN2,189B,0.00,0.00,1.95,3.89,AN3,C32D,2.95,0.00,1.95,4.04,POS,1.28,3.81,1.54,90
DIST,4,AN0,0323,-0.09,6.04,1.95,2.38,AN1,8A94,2.95,5.89,1.95,2.42,AN2,189B,0.00,0.00,1.95,3.94,AN3,C32D,2.95,0.00,1.95,4.13,POS,1.26,3.85,1.58,89
DIST,4,AN0,0323,-0.09,6.04,1.95,2.25,AN1,8A94,2.95,5.89,1.95,2.37,AN2,189B,0.00,0.00,1.95,4.01,AN3,C32D,2.95,0.00,1.95,4.12,POS,1.26,3.90,1.49,80
DIST,4,AN0,0323,-0.09,6.04,1.95,2.26,AN1,8A94,2.95,5.89,1.95,2.29,AN2,189B,0.00,0.00,1.95,4.08,AN3,C32D,2.95,0.00,1.95,4.16,POS,1.28,3.93,1.57,91
DIST,4,AN0,0323,-0.09,6.04,1.95,2.32,AN1,8A94,2.95,5.89,1.95,2.31,AN2,189B,0.00,0.00,1.95,4.15,AN3,C32D,2.95,0.00,1.95,4.12,POS,1.30,3.95,1.58,90
DIST,4,AN0,0323,-0.09,6.04,1.95,2.30,AN1,8A94,2.95,5.89,1.95,2.28,AN2,189B,0.00,0.00,1.95,4.08,AN3,C32D,2.95,0.00,1.95,4.08,POS,1.32,3.98,1.50,84
DIST,4,AN0,0323,-0.09,6.04,1.95,2.34,AN1,8A94,2.95,5.89,1.95,2.30,AN2,189B,0.00,0.00,1.95,4.08,AN3,C32D,2.95,0.00,1.95,4.20,POS,1.33,4.00,1.50,88
DIST,4,AN0,0323,-0.09,6.04,1.95,2.34,AN1,8A94,2.95,5.89,1.95,2.30,AN2,189B,0.00,0.00,1.95,4.10,AN3,C32D,2.95,0.00,1.95,4.12,POS,1.35,4.01,1.54,91
DIST,4,AN0,8A94,2.95,5.89,1.95,2.30,AN1,0323,-0.09,6.04,1.95,2.33,AN2,189B,0.00,0.00,1.95,4.08,AN3,C32D,2.95,0.00,1.95,4.21,POS,1.34,4.02,1.53,88
DIST,4,AN0,8A94,2.95,5.89,1.95,2.30,AN1,0323,-0.09,6.04,1.95,2.30,AN2,189B,0.00,0.00,1.95,4.07,AN3,C32D,2.95,0.00,1.95,4.15,POS,1.34,4.02,1.55,90
DIST,4,AN0,8A94,2.95,5.89,1.95,2.32,AN1,0323,-0.09,6.04,1.95,2.32,AN2,189B,0.00,0.00,1.95,4.08,AN3,C32D,2.95,0.00,1.95,4.10,POS,1.37,4.03,1.46,82
DIST,4,AN0,8A94,2.95,5.89,1.95,2.29,AN1,0323,-0.09,6.04,1.95,2.33,AN2,189B,0.00,0.00,1.95,4.03,AN3,C32D,2.95,0.00,1.95,4.11,POS,1.37,4.03,1.51,91
DIST,4,AN0,8A94,2.95,5.89,1.95,2.29,AN1,0323,-0.09,6.04,1.95,2.31,AN2,189B,0.00,0.00,1.95,4.07,AN3,C32D,2.95,0.00,1.95,4.16,POS,1.36,4.03,1.53,89
DIST,3,AN0,8A94,2.95,5.89,1.95,2.28,AN1,189B,0.00,0.00,1.95,4.04,AN2,C32D,2.95,0.00,1.95,4.12,POS,1.36,4.02,1.58,91
DIST,4,AN0,8A94,2.95,5.89,1.95,2.29,AN1,0323,-0.09,6.04,1.95,2.39,AN2,189B,0.00,0.00,1.95,4.08,AN3,C32D,2.95,0.00,1.95,4.16,POS,1.37,4.03,1.56,89
DIST,4,AN0,8A94,2.95,5.89,1.95,2.28,AN1,0323,-0.09,6.04,1.95,2.37,AN2,189B,0.00,0.00,1.95,4.11,AN3,C32D,2.95,0.00,1.95,4.14,POS,1.38,4.03,1.53,88
DIST,4,AN0,8A94,2.95,5.89,1.95,2.31,AN1,0323,-0.09,6.04,1.95,2.32,AN2,189B,0.00,0.00,1.95,4.12,AN3,C32D,2.95,0.00,1.95,4.13,POS,1.40,4.04,1.59,93
DIST,4,AN0,8A94,2.95,5.89,1.95,2.29,AN1,0323,-0.09,6.04,1.95,2.29,AN2,189B,0.00,0.00,1.95,4.14,AN3,C32D,2.95,0.00,1.95,4.10,POS,1.43,4.06,1.53,86
DIST,4,AN0,8A94,2.95,5.89,1.95,2.28,AN1,0323,-0.09,6.04,1.95,2.35,AN2,189B,0.00,0.00,1.95,4.09,AN3,C32D,2.95,0.00,1.95,4.14,POS,1.42,4.05,1.52,89
DIST,4,AN0,8A94,2.95,5.89,1.95,2.29,AN1,0323,-0.09,6.04,1.95,2.29,AN2,189B,0.00,0.00,1.95,4.07,AN3,C32D,2.95,0.00,1.95,4.18,POS,1.40,4.05,1.54,89
DIST,4,AN0,8A94,2.95,5.89,1.95,2.32,AN1,0323,-0.09,6.04,1.95,2.24,AN2,189B,0.00,0.00,1.95,4.15,AN3,C32D,2.95,0.00,1.95,4.14,POS,1.42,4.07,1.49,85
DIST,4,AN0,8A94,2.95,5.89,1.95,2.28,AN1,0323,-0.09,6.04,1.95,2.30,AN2,189B,0.00,0.00,1.95,4.13,AN3,C32D,2.95,0.00,1.95,4.13,POS,1.43,4.08,1.41,82
DIST,4,AN0,8A94,2.95,5.89,1.95,2.30,AN1,0323,-0.09,6.04,1.95,2.30,AN2,189B,0.00,0.00,1.95,4.06,AN3,C32D,2.95,0.00,1.95,4.15,POS,1.41,4.07,1.45,89
DIST,4,AN0,8A94,2.95,5.89,1.95,2.28,AN1,0323,-0.09,6.04,1.95,2.29,AN2,189B,0.00,0.00,1.95,4.09,AN3,C32D,2.95,0.00,1.95,4.08,POS,1.43,4.07,1.42,86
DIST,4,AN0,8A94,2.95,5.89,1.95,2.32,AN1,0323,-0.09,6.04,1.95,2.33,AN2,189B,0.00,0.00,1.95,4.12,AN3,C32D,2.95,0.00,1.95,4.20,POS,1.41,4.07,1.40,85
DIST,4,AN0,8A94,2.95,5.89,1.95,2.30,AN1,0323,-0.09,6.04,1.95,2.30,AN2,189B,0.00,0.00,1.95,4.16,AN3,C32D,2.95,0.00,1.95,4.15,POS,1.39,4.06,1.44,89
DIST,4,AN0,8A94,2.95,5.89,1.95,2.29,AN1,0323,-0.09,6.04,1.95,2.25,AN2,189B,0.00,0.00,1.95,4.14,AN3,C32D,2.95,0.00,1.95,4.17,POS,1.40,4.07,1.38,81
DIST,4,AN0,8A94,2.95,5.89,1.95,2.33,AN1,0323,-0.09,6.04,1.95,2.28,AN2,189B,0.00,0.00,1.95,4.13,AN3,C32D,2.95,0.00,1.95,4.15,POS,1.41,4.08,1.33,81
DIST,4,AN0,8A94,2.95,5.89,1.95,2.27,AN1,0323,-0.09,6.04,1.95,2.32,AN2,189B,0.00,0.00,1.95,4.08,AN3,C32D,2.95,0.00,1.95,4.17,POS,1.40,4.08,1.40,90
DIST,4,AN0,8A94,2.95,5.89,1.95,2.27,AN1,0323,-0.09,6.04,1.95,2.29,AN2,189B,0.00,0.00,1.95,4.10,AN3,C32D,2.95,0.00,1.95,4.15,POS,1.39,4.07,1.50,92
DIST,4,AN0,8A94,2.95,5.89,1.95,2.28,AN1,0323,-0.09,6.04,1.95,2.32,AN2,189B,0.00,0.00,1.95,4.16,AN3,C32D,2.95,0.00,1.95,4.12,POS,1.43,4.08,1.42,83
DIST,4,AN0,8A94,2.95,5.89,1.95,2.27,AN1,0323,-0.09,6.04,1.95,2.28,AN2,189B,0.00,0.00,1.95,4.13,AN3,C32D,2.95,0.00,1.95,4.20,POS,1.41,4.08,1.45,88
DIST,4,AN0,8A94,2.95,5.89,1.95,2.29,AN1,0323,-0.09,6.04,1.95,2.36,AN2,189B,0.00,0.00,1.95,4.15,AN3,C32D,2.95,0.00,1.95,4.13,POS,1.43,4.08,1.50,92
DIST,4,AN0,8A94,2.95,5.89,1.95,2.31,AN1,0323,-0.09,6.04,1.95,2.32,AN2,189B,0.00,0.00,1.95,4.12,AN3,C32D,2.95,0.00,1.95,4.15,POS,1.42,4.07,1.52,90
DIST,4,AN0,8A94,2.95,5.89,1.95,2.30,AN1,0323,-0.09,6.04,1.95,2.33,AN2,189B,0.00,0.00,1.95,4.15,AN3,C32D,2.95,0.00,1.95,4.13,POS,1.44,4.07,1.58,93
DIST,4,AN0,8A94,2.95,5.89,1.95,2.30,AN1,0323,-0.09,6.04,1.95,2.37,AN2,189B,0.00,0.00,1.95,4.16,AN3,C32D,2.95,0.00,1.95,4.17,POS,1.43,4.07,1.53,86
DIST,4,AN0,8A94,2.95,5.89,1.95,2.32,AN1,0323,-0.09,6.04,1.95,2.30,AN2,189B,0.00,0.00,1.95,4.10,AN3,C32D,2.95,0.00,1.95,4.12,POS,1.44,4.08,1.44,82
DIST,4,AN0,8A94,2.95,5.89,1.95,2.29,AN1,0323,-0.09,6.04,1.95,2.34,AN2,189B,0.00,0.00,1.95,4.13,AN3,C32D,2.95,0.00,1.95,4.17,POS,1.43,4.07,1.44,88
DIST,4,AN0,8A94,2.95,5.89,1.95,2.29,AN1,0323,-0.09,6.04,1.95,2.35,AN2,189B,0.00,0.00,1.95,4.10,AN3,C32D,2.95,0.00,1.95,4.16,POS,1.42,4.06,1.43,87
DIST,4,AN0,8A94,2.95,5.89,1.95,2.33,AN1,0323,-0.09,6.04,1.95,2.35,AN2,189B,0.00,0.00,1.95,4.11,AN3,C32D,2.95,0.00,1.95,4.14,POS,1.41,4.06,1.45,89
DIST,4,AN0,8A94,2.95,5.89,1.95,2.30,AN1,0323,-0.09,6.04,1.95,2.33,AN2,189B,0.00,0.00,1.95,4.14,AN3,C32D,2.95,0.00,1.95,4.13,POS,1.43,4.06,1.54,94
DIST,4,AN0,8A94,2.95,5.89,1.95,2.32,AN1,0323,-0.09,6.04,1.95,2.37,AN2,189B,0.00,0.00,1.95,4.08,AN3,C32D,2.95,0.00,1.95,4.13,POS,1.42,4.05,1.52,89
