DIST,4,AN0,C32D,2.95,0.00,1.95,1.34,AN1,189B,0.00,0.00,1.95,1.59,AN2,8A94,2.95,5.89,1.95,5.46,AN3,0323,-0.09,6.04,1.95,5.50,POS,1.56,0.59,1.50,56
DIST,4,AN0,C32D,2.95,0.00,1.95,1.32,AN1,189B,0.00,0.00,1.95,1.61,AN2,8A94,2.95,5.89,1.95,5.46,AN3,0323,-0.09,6.04,1.95,5.56,POS,1.58,0.59,1.48,56
DIST,4,AN0,C32D,2.95,0.00,1.95,1.33,AN1,189B,0.00,0.00,1.95,1.65,AN2,8A94,2.95,5.89,1.95,5.45,AN3,0323,-0.09,6.04,1.95,5.56,POS,1.60,0.58,1.45,51
DIST,4,AN0,C32D,2.95,0.00,1.95,1.28,AN1,189B,0.00,0.00,1.95,1.70,AN2,8A94,2.95,5.89,1.95,5.41,AN3,0323,-0.09,6.04,1.95,5.50,POS,1.63,0.60,1.45,51
DIST,4,AN0,C32D,2.95,0.00,1.95,1.24,AN1,189B,0.00,0.00,1.95,1.71,AN2,8A94,2.95,5.89,1.95,5.49,AN3,0323,-0.09,6.04,1.95,5.48,POS,1.66,0.62,1.48,54
DIST,4,AN0,C32D,2.95,0.00,1.95,1.20,AN1,189B,0.00,0.00,1.95,1.75,AN2,8A94,2.95,5.89,1.95,5.44,AN3,0323,-0.09,6.04,1.95,5.48,POS,1.69,0.64,1.51,54
DIST,4,AN0,C32D,2.95,0.00,1.95,1.25,AN1,189B,0.00,0.00,1.95,1.69,AN2,8A94,2.95,5.89,1.95,5.41,AN3,0323,-0.09,6.04,1.95,5.45,POS,1.70,0.65,1.54,55
DIST,4,AN0,C32D,2.95,0.00,1.95,1.26,AN1,189B,0.00,0.00,1.95,1.73,AN2,8A94,2.95,5.89,1.95,5.38,AN3,0323,-0.09,6.04,1.95,5.38,POS,1.71,0.68,1.58,59
DIST,4,AN0,C32D,2.95,0.00,1.95,1.29,AN1,189B,0.00,0.00,1.95,1.72,AN2,8A94,2.95,5.89,1.95,5.37,AN3,0323,-0.09,6.04,1.95,5.41,POS,1.71,0.70,1.57,57
DIST,4,AN0,C32D,2.95,0.00,1.95,1.26,AN1,189B,0.00,0.00,1.95,1.71,AN2,8A94,2.95,5.89,1.95,5.40,AN3,0323,-0.09,6.04,1.95,5.49,POS,1.72,0.69,1.55,52
DIST,4,AN0,C32D,2.95,0.00,1.95,1.22,AN1,189B,0.00,0.00,1.95,1.74,AN2,8A94,2.95,5.89,1.95,5.43,AN3,0323,-0.09,6.04,1.95,5.49,POS,1.73,0.69,1.55,53
DIST,4,AN0,C32D,2.95,0.00,1.95,1.26,AN1,189B,0.00,0.00,1.95,1.70,AN2,8A94,2.95,5.89,1.95,5.39,AN3,0323,-0.09,6.04,1.95,5.45,POS,1.73,0.69,1.56,55
DIST,4,AN0,C32D,2.95,0.00,1.95,1.31,AN1,189B,0.00,0.00,1.95,1.59,AN2,8A94,2.95,5.89,1.95,5.46,AN3,0323,-0.09,6.04,1.95,5.39,POS,1.70,0.70,1.63,61
DIST,4,AN0,C32D,2.95,0.00,1.95,1.37,AN1,189B,0.00,0.00,1.95,1.62,AN2,8A94,2.95,5.89,1.95,5.46,AN3,0323,-0.09,6.04,1.95,5.50,POS,1.68,0.68,1.57,51
DIST,4,AN0,C32D,2.95,0.00,1.95,1.31,AN1,189B,0.00,0.00,1.95,1.62,AN2,8A94,2.95,5.89,1.95,5.45,AN3,0323,-0.09,6.04,1.95,5.54,POS,1.68,0.66,1.55,57
DIST,4,AN0,C32D,2.95,0.00,1.95,1.43,AN1,189B,0.00,0.00,1.95,1.62,AN2,8A94,2.95,5.89,1.95,5.43,AN3,0323,-0.09,6.04,1.95,5.55,POS,1.65,0.66,1.59,64
DIST,4,AN0,C32D,2.95,0.00,1.95,1.40,AN1,189B,0.00,0.00,1.95,1.60,AN2,8A94,2.95,5.89,1.95,5.35,AN3,0323,-0.09,6.04,1.95,5.42,POS,1.64,0.67,1.56,57
DIST,4,AN0,C32D,2.95,0.00,1.95,1.38,AN1,189B,0.00,0.00,1.95,1.55,AN2,8A94,2.95,5.89,1.95,5.46,AN3,0323,-0.09,6.04,1.95,5.35,POS,1.62,0.69,1.61,63
DIST,4,AN0,C32D,2.95,0.00,1.95,1.43,AN1,189B,0.00,0.00,1.95,1.57,AN2,8A94,2.95,5.89,1.95,5.42,AN3,0323,-0.09,6.04,1.95,5.48,POS,1.60,0.67,1.55,53
DIST,4,AN0,C32D,2.95,0.00,1.95,1.40,AN1,189B,0.00,0.00,1.95,1.56,AN2,8A94,2.95,5.89,1.95,5.46,AN3,0323,-0.09,6.04,1.95,5.45,POS,1.59,0.67,1.54,56
DIST,4,AN0,C32D,2.95,0.00,1.95,1.35,AN1,189B,0.00,0.00,1.95,1.56,AN2,8A94,2.95,5.89,1.95,5.43,AN3,0323,-0.09,6.04,1.95,5.40,POS,1.59,0.68,1.57,60
DIST,4,AN0,C32D,2.95,0.00,1.95,1.34,AN1,189B,0.00,0.00,1.95,1.57,AN2,8A94,2.95,5.89,1.95,5.50,AN3,0323,-0.09,6.04,1.95,5.46,POS,1.60,0.67,1.58,58
DIST,4,AN0,C32D,2.95,0.00,1.95,1.40,AN1,189B,0.00,0.00,1.95,1.60,AN2,8A94,2.95,5.89,1.95,5.42,AN3,0323,-0.09,6.04,1.95,5.48,POS,1.59,0.67,1.53,53
DIST,4,AN0,C32D,2.95,0.00,1.95,1.35,AN1,189B,0.00,0.00,1.95,1.61,AN2,8A94,2.95,5.89,1.95,5.48,AN3,0323,-0.09,6.04,1.95,5.44,POS,1.60,0.67,1.53,56
DIST,4,AN0,C32D,2.95,0.00,1.95,1.35,AN1,189B,0.00,0.00,1.95,1.57,AN2,8A94,2.95,5.89,1.95,5.41,AN3,0323,-0.09,6.04,1.95,5.49,POS,1.60,0.66,1.53,57
DIST,4,AN0,C32D,2.95,0.00,1.95,1.33,AN1,189B,0.00,0.00,1.95,1.56,AN2,8A94,2.95,5.89,1.95,5.47,AN3,0323,-0.09,6.04,1.95,5.47,POS,1.60,0.65,1.55,60
DIST,4,AN0,C32D,2.95,0.00,1.95,1.42,AN1,189B,0.00,0.00,1.95,1.51,AN2,8A94,2.95,5.89,1.95,5.47,AN3,0323,-0.09,6.04,1.95,5.45,POS,1.58,0.65,1.54,57
DIST,4,AN0,C32D,2.95,0.00,1.95,1.48,AN1,189B,0.00,0.00,1.95,1.53,AN2,8A94,2.95,5.89,1.95,5.49,AN3,0323,-0.09,6.04,1.95,5.33,POS,1.56,0.68,1.54,64
DIST,4,AN0,C32D,2.95,0.00,1.95,1.50,AN1,189B,0.00,0.00,1.95,1.67,AN2,8A94,2.95,5.89,1.95,5.31,AN3,0323,-0.09,6.04,1.95,5.22,POS,1.57,0.73,1.53,66
DIST,4,AN0,C32D,2.95,0.00,1.95,1.59,AN1,189B,0.00,0.00,1.95,1.62,AN2,8A94,2.95,5.89,1.95,5.15,AN3,0323,-0.09,6.04,1.95,5.23,POS,1.50,0.73,1.48,55
DIST,4,AN0,C32D,2.95,0.00,1.95,1.63,AN1,189B,0.00,0.00,1.95,1.62,AN2,8A94,2.95,5.89,1.95,5.01,AN3,0323,-0.09,6.04,1.95,5.05,POS,1.44,0.76,1.53,64
DIST,4,AN0,189B,0.00,0.00,1.95,1.71,AN1,C32D,2.95,0.00,1.95,1.57,AN2,8A94,2.95,5.89,1.95,5.16,AN3,0323,-0.09,6.04,1.95,5.06,POS,1.47,0.84,1.56,74
DIST,4,AN0,189B,0.00,0.00,1.95,1.71,AN1,C32D,2.95,0.00,1.95,1.66,AN2,8A94,2.95,5.89,1.95,5.10,AN3,0323,-0.09,6.04,1.95,4.97,POS,1.48,0.91,1.58,78
DIST,4,AN0,C32D,2.95,0.00,1.95,1.63,AN1,189B,0.00,0.00,1.95,1.71,AN2,8A94,2.95,5.89,1.95,5.03,AN3,0323,-0.09,6.04,1.95,4.90,POS,1.49,0.97,1.51,71
DIST,4,AN0,C32D,2.95,0.00,1.95,1.66,AN1,189B,0.00,0.00,1.95,1.70,AN2,8A94,2.95,5.89,1.95,4.99,AN3,0323,-0.09,6.04,1.95,4.92,POS,1.50,1.01,1.45,69
DIST,4,AN0,C32D,2.95,0.00,1.95,1.76,AN1,189B,0.00,0.00,1.95,1.68,AN2,8A94,2.95,5.89,1.95,5.02,AN3,0323,-0.09,6.04,1.95,4.92,POS,1.48,1.05,1.47,77
DIST,4,AN0,C32D,2.95,0.00,1.95,1.72,AN1,189B,0.00,0.00,1.95,1.69,AN2,8A94,2.95,5.89,1.95,5.00,AN3,0323,-0.09,6.04,1.95,4.98,POS,1.47,1.06,1.48,76
DIST,4,AN0,189B,0.00,0.00,1.95,1.67,AN1,C32D,2.95,0.00,1.95,1.70,AN2,8A94,2.95,5.89,1.95,5.17,AN3,0323,-0.09,6.04,1.95,4.92,POS,1.47,1.09,1.56,81
DIST,4,AN0,189B,0.00,0.00,1.95,1.64,AN1,C32D,2.95,0.00,1.95,1.72,AN2,8A94,2.95,5.89,1.95,5.12,AN3,0323,-0.09,6.04,1.95,4.93,POS,1.46,1.10,1.60,79
DIST,4,AN0,189B,0.00,0.00,1.95,1.64,AN1,C32D,2.95,0.00,1.95,1.65,AN2,8A94,2.95,5.89,1.95,5.12,AN3,0323,-0.09,6.04,1.95,4.94,POS,1.46,1.10,1.52,70
DIST,4,AN0,189B,0.00,0.00,1.95,1.67,AN1,C32D,2.95,0.00,1.95,1.70,AN2,8A94,2.95,5.89,1.95,5.06,AN3,0323,-0.09,6.04,1.95,4.90,POS,1.46,1.10,1.45,70
DIST,4,AN0,189B,0.00,0.00,1.95,1.73,AN1,C32D,2.95,0.00,1.95,1.74,AN2,8A94,2.95,5.89,1.95,4.93,AN3,0323,-0.09,6.04,1.95,4.92,POS,1.46,1.12,1.47,78
DIST,4,AN0,189B,0.00,0.00,1.95,1.79,AN1,C32D,2.95,0.00,1.95,1.77,AN2,8A94,2.95,5.89,1.95,4.84,AN3,0323,-0.09,6.04,1.95,4.91,POS,1.42,1.11,1.43,66
DIST,4,AN0,189B,0.00,0.00,1.95,1.81,AN1,C32D,2.95,0.00,1.95,1.84,AN2,8A94,2.95,5.89,1.95,4.76,AN3,0323,-0.09,6.04,1.95,4.70,POS,1.43,1.17,1.38,75
DIST,4,AN0,189B,0.00,0.00,1.95,1.84,AN1,C32D,2.95,0.00,1.95,1.84,AN2,8A94,2.95,5.89,1.95,4.74,AN3,0323,-0.09,6.04,1.95,4.71,POS,1.44,1.22,1.46,86
DIST,4,AN0,189B,0.00,0.00,1.95,1.81,AN1,C32D,2.95,0.00,1.95,1.84,AN2,8A94,2.95,5.89,1.95,4.71,AN3,0323,-0.09,6.04,1.95,4.68,POS,1.44,1.26,1.40,76
DIST,4,AN0,189B,0.00,0.00,1.95,1.85,AN1,C32D,2.95,0.00,1.95,1.89,AN2,8A94,2.95,5.89,1.95,4.72,AN3,0323,-0.09,6.04,1.95,4.67,POS,1.44,1.30,1.48,86
DIST,4,AN0,189B,0.00,0.00,1.95,1.81,AN1,C32D,2.95,0.00,1.95,1.94,AN2,8A94,2.95,5.89,1.95,4.62,AN3,0323,-0.09,6.04,1.95,4.68,POS,1.43,1.32,1.50,82
DIST,4,AN0,189B,0.00,0.00,1.95,1.90,AN1,C32D,2.95,0.00,1.95,1.89,AN2,8A94,2.95,5.89,1.95,4.65,AN3,0323,-0.09,6.04,1.95,4.55,POS,1.44,1.37,1.45,81
DIST,4,AN0,189B,0.00,0.00,1.95,1.94,AN1,C32D,2.95,0.00,1.95,1.98,AN2,8A94,2.95,5.89,1.95,4.58,AN3,0323,-0.09,6.04,1.95,4.58,POS,1.44,1.41,1.49,87
DIST,4,AN0,189B,0.00,0.00,1.95,1.99,AN1,C32D,2.95,0.00,1.95,2.02,AN2,8A94,2.95,5.89,1.95,4.57,AN3,0323,-0.09,6.04,1.95,4.49,POS,1.45,1.46,1.54,90
DIST,4,AN0,189B,0.00,0.00,1.95,1.96,AN1,C32D,2.95,0.00,1.95,1.98,AN2,8A94,2.95,5.89,1.95,4.56,AN3,0323,-0.09,6.04,1.95,4.49,POS,1.45,1.49,1.46,80
DIST,4,AN0,189B,0.00,0.00,1.95,2.03,AN1,C32D,2.95,0.00,1.95,1.95,AN2,8A94,2.95,5.89,1.95,4.55,AN3,0323,-0.09,6.04,1.95,4.53,POS,1.47,1.52,1.52,88
DIST,4,AN0,189B,0.00,0.00,1.95,1.94,AN1,C32D,2.95,0.00,1.95,2.02,AN2,8A94,2.95,5.89,1.95,4.62,AN3,0323,-0.09,6.04,1.95,4.59,POS,1.46,1.52,1.50,83
DIST,4,AN0,189B,0.00,0.00,1.95,1.98,AN1,C32D,2.95,0.00,1.95,1.95,AN2,8A94,2.95,5.89,1.95,4.58,AN3,0323,-0.09,6.04,1.95,4.63,POS,1.42,1.48,1.43,73
DIST,4,AN0,189B,0.00,0.00,1.95,1.98,AN1,C32D,2.95,0.00,1.95,1.92,AN2,8A94,2.95,5.89,1.95,4.58,AN3,0323,-0.09,6.04,1.95,4.60,POS,1.44,1.49,1.48,87
DIST,4,AN0,189B,0.00,0.00,1.95,1.97,AN1,C32D,2.95,0.00,1.95,1.99,AN2,8A94,2.95,5.89,1.95,4.58,AN3,0323,-0.09,6.04,1.95,4.57,POS,1.45,1.51,1.50,87
DIST,4,AN0,189B,0.00,0.00,1.95,1.95,AN1,C32D,2.95,0.00,1.95,1.98,AN2,8A94,2.95,5.89,1.95,4.61,AN3,0323,-0.09,6.04,1.95,4.54,POS,1.45,1.52,1.54,89
DIST,4,AN0,189B,0.00,0.00,1.95,1.96,AN1,C32D,2.95,0.00,1.95,2.00,AN2,8A94,2.95,5.89,1.95,4.64,AN3,0323,-0.09,6.04,1.95,4.48,POS,1.45,1.53,1.46,79
DIST,4,AN0,189B,0.00,0.00,1.95,1.96,AN1,C32D,2.95,0.00,1.95,2.00,AN2,8A94,2.95,5.89,1.95,4.64,AN3,0323,-0.09,6.04,1.95,4.53,POS,1.45,1.54,1.51,89
DIST,4,AN0,189B,0.00,0.00,1.95,1.97,AN1,C32D,2.95,0.00,1.95,1.91,AN2,8A94,2.95,5.89,1.95,4.61,AN3,0323,-0.09,6.04,1.95,4.54,POS,1.46,1.54,1.44,79
DIST,4,AN0,189B,0.00,0.00,1.95,1.98,AN1,C32D,2.95,0.00,1.95,1.94,AN2,8A94,2.95,5.89,1.95,4.59,AN3,0323,-0.09,6.04,1.95,4.54,POS,1.47,1.55,1.54,90
DIST,4,AN0,189B,0.00,0.00,1.95,1.96,AN1,C32D,2.95,0.00,1.95,1.95,AN2,8A94,2.95,5.89,1.95,4.59,AN3,0323,-0.09,6.04,1.95,4.54,POS,1.48,1.55,1.61,90
DIST,4,AN0,C32D,2.95,0.00,1.95,1.91,AN1,189B,0.00,0.00,1.95,1.96,AN2,8A94,2.95,5.89,1.95,4.66,AN3,0323,-0.09,6.04,1.95,4.56,POS,1.49,1.54,1.51,77
DIST,4,AN0,C32D,2.95,0.00,1.95,2.00,AN1,189B,0.00,0.00,1.95,1.91,AN2,8A94,2.95,5.89,1.95,4.59,AN3,0323,-0.09,6.04,1.95,4.55,POS,1.47,1.54,1.54,87
DIST,4,AN0,189B,0.00,0.00,1.95,1.99,AN1,C32D,2.95,0.00,1.95,1.93,AN2,8A94,2.95,5.89,1.95,4.54,AN3,0323,-0.09,6.04,1.95,4.47,POS,1.48,1.55,1.48,82
DIST,4,AN0,C32D,2.95,0.00,1.95,2.08,AN1,189B,0.00,0.00,1.95,2.05,AN2,8A94,2.95,5.89,1.95,4.45,AN3,0323,-0.09,6.04,1.95,4.38,POS,1.47,1.59,1.41,81
DIST,4,AN0,189B,0.00,0.00,1.95,2.11,AN1,C32D,2.95,0.00,1.95,2.08,AN2,8A94,2.95,5.89,1.95,4.41,AN3,0323,-0.09,6.04,1.95,4.34,POS,1.48,1.62,1.36,82
DIST,4,AN0,C32D,2.95,0.00,1.95,2.16,AN1,189B,0.00,0.00,1.95,2.14,AN2,8A94,2.95,5.89,1.95,4.35,AN3,0323,-0.09,6.04,1.95,4.30,POS,1.47,1.67,1.47,94
DIST,4,AN0,189B,0.00,0.00,1.95,2.15,AN1,C32D,2.95,0.00,1.95,2.18,AN2,8A94,2.95,5.89,1.95,4.35,AN3,0323,-0.09,6.04,1.95,4.27,POS,1.47,1.72,1.59,94
DIST,4,AN0,189B,0.00,0.00,1.95,2.12,AN1,C32D,2.95,0.00,1.95,2.15,AN2,8A94,2.95,5.89,1.95,4.31,AN3,0323,-0.09,6.04,1.95,4.25,POS,1.46,1.74,1.51,85
DIST,4,AN0,189B,0.00,0.00,1.95,2.10,AN1,C32D,2.95,0.00,1.95,2.18,AN2,8A94,2.95,5.89,1.95,4.32,AN3,0323,-0.09,6.04,1.95,4.23,POS,1.45,1.76,1.45,85
DIST,4,AN0,189B,0.00,0.00,1.95,2.18,AN1,C32D,2.95,0.00,1.95,2.23,AN2,8A94,2.95,5.89,1.95,4.35,AN3,0323,-0.09,6.04,1.95,4.22,POS,1.45,1.79,1.54,94
DIST,4,AN0,189B,0.00,0.00,1.95,2.20,AN1,C32D,2.95,0.00,1.95,2.23,AN2,8A94,2.95,5.89,1.95,4.24,AN3,0323,-0.09,6.04,1.95,4.18,POS,1.45,1.82,1.45,84
DIST,4,AN0,189B,0.00,0.00,1.95,2.26,AN1,C32D,2.95,0.00,1.95,2.24,AN2,8A94,2.95,5.89,1.95,4.12,AN3,0323,-0.09,6.04,1.95,4.16,POS,1.41,1.82,1.44,85
DIST,4,AN0,189B,0.00,0.00,1.95,2.36,AN1,C32D,2.95,0.00,1.95,2.37,AN2,8A94,2.95,5.89,1.95,4.08,AN3,0323,-0.09,6.04,1.95,4.03,POS,1.42,1.89,1.37,85
DIST,4,AN0,189B,0.00,0.00,1.95,2.36,AN1,C32D,2.95,0.00,1.95,2.38,AN2,8A94,2.95,5.89,1.95,4.08,AN3,0323,-0.09,6.04,1.95,4.02,POS,1.43,1.93,1.32,85
DIST,4,AN0,189B,0.00,0.00,1.95,2.39,AN1,C32D,2.95,0.00,1.95,2.39,AN2,8A94,2.95,5.89,1.95,4.04,AN3,0323,-0.09,6.04,1.95,4.09,POS,1.40,1.95,1.41,92
DIST,4,AN0,189B,0.00,0.00,1.95,2.38,AN1,C32D,2.95,0.00,1.95,2.34,AN2,8A94,2.95,5.89,1.95,4.08,AN3,0323,-0.09,6.04,1.95,4.09,POS,1.36,1.94,1.37,83
DIST,4,AN0,189B,0.00,0.00,1.95,2.39,AN1,C32D,2.95,0.00,1.95,2.32,AN2,8A94,2.95,5.89,1.95,4.06,AN3,0323,-0.09,6.04,1.95,4.12,POS,1.41,1.97,1.42,93
DIST,4,AN0,189B,0.00,0.00,1.95,2.33,AN1,C32D,2.95,0.00,1.95,2.37,AN2,8A94,2.95,5.89,1.95,4.12,AN3,0323,-0.09,6.04,1.95,4.13,POS,1.42,1.98,1.43,91
DIST,4,AN0,189B,0.00,0.00,1.95,2.32,AN1,C32D,2.95,0.00,1.95,2.38,AN2,8A94,2.95,5.89,1.95,4.11,AN3,0323,-0.09,6.04,1.95,4.14,POS,1.38,1.97,1.47,90
DIST,4,AN0,189B,0.00,0.00,1.95,2.36,AN1,C32D,2.95,0.00,1.95,2.37,AN2,8A94,2.95,5.89,1.95,4.10,AN3,0323,-0.09,6.04,1.95,4.09,POS,1.34,1.95,1.41,81
DIST,4,AN0,189B,0.00,0.00,1.95,2.37,AN1,C32D,2.95,0.00,1.95,2.29,AN2,8A94,2.95,5.89,1.95,4.10,AN3,0323,-0.09,6.04,1.95,4.12,POS,1.39,1.98,1.49,94
DIST,4,AN0,189B,0.00,0.00,1.95,2.37,AN1,C32D,2.95,0.00,1.95,2.35,AN2,8A94,2.95,5.89,1.95,4.08,AN3,0323,-0.09,6.04,1.95,4.13,POS,1.37,1.97,1.55,92
DIST,4,AN0,189B,0.00,0.00,1.95,2.44,AN1,C32D,2.95,0.00,1.95,2.36,AN2,8A94,2.95,5.89,1.95,4.14,AN3,0323,-0.09,6.04,1.95,4.08,POS,1.41,2.00,1.55,93
DIST,4,AN0,189B,0.00,0.00,1.95,2.40,AN1,C32D,2.95,0.00,1.95,2.34,AN2,8A94,2.95,5.89,1.95,4.06,AN3,0323,-0.09,6.04,1.95,4.09,POS,1.38,1.98,1.48,83
DIST,4,AN0,189B,0.00,0.00,1.95,2.41,AN1,C32D,2.95,0.00,1.95,2.30,AN2,8A94,2.95,5.89,1.95,4.13,AN3,0323,-0.09,6.04,1.95,4.10,POS,1.43,2.01,1.54,94
DIST,3,AN0,189B,0.00,0.00,1.95,2.40,AN1,C32D,2.95,0.00,1.95,2.39,AN2,0323,-0.09,6.04,1.95,4.06,POS,1.44,2.03,1.55,94
DIST,4,AN0,189B,0.00,0.00,1.95,2.37,AN1,C32D,2.95,0.00,1.95,2.29,AN2,8A94,2.95,5.89,1.95,4.09,AN3,0323,-0.09,6.04,1.95,4.17,POS,1.47,2.03,1.55,91
DIST,4,AN0,189B,0.00,0.00,1.95,2.37,AN1,C32D,2.95,0.00,1.95,2.32,AN2,8A94,2.95,5.89,1.95,4.17,AN3,0323,-0.09,6.04,1.95,4.05,POS,1.48,2.04,1.46,85
DIST,4,AN0,C32D,2.95,0.00,1.95,2.35,AN1,189B,0.00,0.00,1.95,2.31,AN2,8A94,2.95,5.89,1.95,4.15,AN3,0323,-0.09,6.04,1.95,4.06,POS,1.47,2.04,1.39,85
DIST,4,AN0,189B,0.00,0.00,1.95,2.27,AN1,C32D,2.95,0.00,1.95,2.30,AN2,8A94,2.95,5.89,1.95,4.16,AN3,0323,-0.09,6.04,1.95,4.12,POS,1.46,2.03,1.51,95
DIST,4,AN0,189B,0.00,0.00,1.95,2.29,AN1,C32D,2.95,0.00,1.95,2.37,AN2,8A94,2.95,5.89,1.95,4.17,AN3,0323,-0.09,6.04,1.95,4.18,POS,1.41,1.99,1.53,88
DIST,4,AN0,189B,0.00,0.00,1.95,2.31,AN1,C32D,2.95,0.00,1.95,2.35,AN2,8A94,2.95,5.89,1.95,4.12,AN3,0323,-0.09,6.04,1.95,4.14,POS,1.42,1.99,1.52,92
DIST,4,AN0,189B,0.00,0.00,1.95,2.36,AN1,C32D,2.95,0.00,1.95,2.42,AN2,8A94,2.95,5.89,1.95,4.10,AN3,0323,-0.09,6.04,1.95,4.00,POS,1.42,2.03,1.63,96
DIST,4,AN0,189B,0.00,0.00,1.95,2.45,AN1,C32D,2.95,0.00,1.95,2.44,AN2,8A94,2.95,5.89,1.95,4.06,AN3,0323,-0.09,6.04,1.95,3.99,POS,1.44,2.06,1.63,95
DIST,4,AN0,189B,0.00,0.00,1.95,2.50,AN1,C32D,2.95,0.00,1.95,2.48,AN2,8A94,2.95,5.89,1.95,3.91,AN3,0323,-0.09,6.04,1.95,3.99,POS,1.41,2.08,1.62,93
DIST,4,AN0,189B,0.00,0.00,1.95,2.59,AN1,C32D,2.95,0.00,1.95,2.57,AN2,8A94,2.95,5.89,1.95,3.90,AN3,0323,-0.09,6.04,1.95,3.85,POS,1.43,2.14,1.61,96
DIST,4,AN0,189B,0.00,0.00,1.95,2.60,AN1,C32D,2.95,0.00,1.95,2.64,AN2,8A94,2.95,5.89,1.95,3.78,AN3,0323,-0.09,6.04,1.95,3.81,POS,1.40,2.18,1.62,94
DIST,4,AN0,189B,0.00,0.00,1.95,2.62,AN1,C32D,2.95,0.00,1.95,2.56,AN2,8A94,2.95,5.89,1.95,3.86,AN3,0323,-0.09,6.04,1.95,3.82,POS,1.43,2.22,1.67,97
DIST,4,AN0,189B,0.00,0.00,1.95,2.60,AN1,C32D,2.95,0.00,1.95,2.63,AN2,8A94,2.95,5.89,1.95,3.87,AN3,0323,-0.09,6.04,1.95,3.78,POS,1.43,2.26,1.66,96
DIST,4,AN0,189B,0.00,0.00,1.95,2.58,AN1,C32D,2.95,0.00,1.95,2.64,AN2,8A94,2.95,5.89,1.95,3.91,AN3,0323,-0.09,6.04,1.95,3.76,POS,1.43,2.29,1.68,97
DIST,4,AN0,189B,0.00,0.00,1.95,2.66,AN1,C32D,2.95,0.00,1.95,2.72,AN2,8A94,2.95,5.89,1.95,3.80,AN3,0323,-0.09,6.04,1.95,3.78,POS,1.38,2.30,1.63,92
DIST,4,AN0,189B,0.00,0.00,1.95,2.74,AN1,C32D,2.95,0.00,1.95,2.74,AN2,8A94,2.95,5.89,1.95,3.66,AN3,0323,-0.09,6.04,1.95,3.75,POS,1.39,2.32,1.58,93
DIST,4,AN0,189B,0.00,0.00,1.95,2.79,AN1,C32D,2.95,0.00,1.95,2.82,AN2,8A94,2.95,5.89,1.95,3.54,AN3,0323,-0.09,6.04,1.95,3.71,POS,1.41,2.37,1.51,91
DIST,4,AN0,189B,0.00,0.00,1.95,2.82,AN1,C32D,2.95,0.00,1.95,2.84,AN2,8A94,2.95,5.89,1.95,3.60,AN3,0323,-0.09,6.04,1.95,3.59,POS,1.37,2.41,1.55,95
DIST,4,AN0,189B,0.00,0.00,1.95,2.83,AN1,C32D,2.95,0.00,1.95,2.86,AN2,8A94,2.95,5.89,1.95,3.56,AN3,0323,-0.09,6.04,1.95,3.66,POS,1.38,2.44,1.48,90
DIST,4,AN0,189B,0.00,0.00,1.95,2.84,AN1,C32D,2.95,0.00,1.95,2.87,AN2,8A94,2.95,5.89,1.95,3.56,AN3,0323,-0.09,6.04,1.95,3.63,POS,1.38,2.47,1.44,92
DIST,4,AN0,189B,0.00,0.00,1.95,2.81,AN1,C32D,2.95,0.00,1.95,2.83,AN2,8A94,2.95,5.89,1.95,3.59,AN3,0323,-0.09,6.04,1.95,3.64,POS,1.37,2.48,1.44,93
DIST,4,AN0,189B,0.00,0.00,1.95,2.77,AN1,C32D,2.95,0.00,1.95,2.87,AN2,8A94,2.95,5.89,1.95,3.64,AN3,0323,-0.09,6.04,1.95,3.71,POS,1.37,2.48,1.50,96
DIST,4,AN0,189B,0.00,0.00,1.95,2.77,AN1,C32D,2.95,0.00,1.95,2.81,AN2,8A94,2.95,5.89,1.95,3.63,AN3,0323,-0.09,6.04,1.95,3.58,POS,1.38,2.51,1.56,98
DIST,4,AN0,189B,0.00,0.00,1.95,2.75,AN1,C32D,2.95,0.00,1.95,2.81,AN2,8A94,2.95,5.89,1.95,3.56,AN3,0323,-0.09,6.04,1.95,3.53,POS,1.34,2.51,1.49,89
DIST,4,AN0,189B,0.00,0.00,1.95,2.78,AN1,C32D,2.95,0.00,1.95,2.82,AN2,8A94,2.95,5.89,1.95,3.56,AN3,0323,-0.09,6.04,1.95,3.68,POS,1.36,2.51,1.45,91
DIST,4,AN0,189B,0.00,0.00,1.95,2.82,AN1,C32D,2.95,0.00,1.95,2.80,AN2,8A94,2.95,5.89,1.95,3.61,AN3,0323,-0.09,6.04,1.95,3.64,POS,1.35,2.50,1.49,95
DIST,4,AN0,189B,0.00,0.00,1.95,2.78,AN1,C32D,2.95,0.00,1.95,2.82,AN2,8A94,2.95,5.89,1.95,3.61,AN3,0323,-0.09,6.04,1.95,3.63,POS,1.33,2.50,1.50,94
DIST,4,AN0,189B,0.00,0.00,1.95,2.80,AN1,C32D,2.95,0.00,1.95,2.74,AN2,8A94,2.95,5.89,1.95,3.64,AN3,0323,-0.09,6.04,1.95,3.65,POS,1.38,2.51,1.55,97
DIST,4,AN0,189B,0.00,0.00,1.95,2.77,AN1,C32D,2.95,0.00,1.95,2.83,AN2,8A94,2.95,5.89,1.95,3.61,AN3,0323,-0.09,6.04,1.95,3.64,POS,1.36,2.51,1.53,93
DIST,4,AN0,189B,0.00,0.00,1.95,2.80,AN1,C32D,2.95,0.00,1.95,2.79,AN2,8A94,2.95,5.89,1.95,3.67,AN3,0323,-0.09,6.04,1.95,3.67,POS,1.39,2.52,1.50,93
DIST,4,AN0,189B,0.00,0.00,1.95,2.74,AN1,C32D,2.95,0.00,1.95,2.79,AN2,8A94,2.95,5.89,1.95,3.63,AN3,0323,-0.09,6.04,1.95,3.62,POS,1.35,2.50,1.41,85
DIST,4,AN0,189B,0.00,0.00,1.95,2.75,AN1,C32D,2.95,0.00,1.95,2.74,AN2,8A94,2.95,5.89,1.95,3.58,AN3,0323,-0.09,6.04,1.95,3.66,POS,1.36,2.49,1.50,97
DIST,4,AN0,189B,0.00,0.00,1.95,2.80,AN1,C32D,2.95,0.00,1.95,2.83,AN2,8A94,2.95,5.89,1.95,3.62,AN3,0323,-0.09,6.04,1.95,3.66,POS,1.34,2.49,1.48,92
DIST,4,AN0,189B,0.00,0.00,1.95,2.78,AN1,C32D,2.95,0.00,1.95,2.85,AN2,8A94,2.95,5.89,1.95,3.64,AN3,0323,-0.09,6.04,1.95,3.59,POS,1.31,2.49,1.53,95
DIST,4,AN0,189B,0.00,0.00,1.95,2.88,AN1,C32D,2.95,0.00,1.95,2.88,AN2,8A94,2.95,5.89,1.95,3.52,AN3,0323,-0.09,6.04,1.95,3.52,POS,1.30,2.51,1.59,97
DIST,4,AN0,189B,0.00,0.00,1.95,2.92,AN1,C32D,2.95,0.00,1.95,2.95,AN2,8A94,2.95,5.89,1.95,3.52,AN3,0323,-0.09,6.04,1.95,3.55,POS,1.30,2.54,1.53,92
DIST,4,AN0,189B,0.00,0.00,1.95,2.97,AN1,C32D,2.95,0.00,1.95,3.02,AN2,8A94,2.95,5.89,1.95,3.40,AN3,0323,-0.09,6.04,1.95,3.41,POS,1.30,2.58,1.54,96
DIST,4,AN0,189B,0.00,0.00,1.95,3.03,AN1,C32D,2.95,0.00,1.95,3.02,AN2,8A94,2.95,5.89,1.95,3.36,AN3,0323,-0.09,6.04,1.95,3.41,POS,1.31,2.62,1.53,95
DIST,4,AN0,189B,0.00,0.00,1.95,3.02,AN1,C32D,2.95,0.00,1.95,3.07,AN2,8A94,2.95,5.89,1.95,3.35,AN3,0323,-0.09,6.04,1.95,3.35,POS,1.30,2.66,1.54,96
DIST,4,AN0,189B,0.00,0.00,1.95,3.02,AN1,C32D,2.95,0.00,1.95,3.05,AN2,8A94,2.95,5.89,1.95,3.39,AN3,0323,-0.09,6.04,1.95,3.42,POS,1.32,2.68,1.50,93
DIST,4,AN0,189B,0.00,0.00,1.95,2.99,AN1,C32D,2.95,0.00,1.95,3.09,AN2,8A94,2.95,5.89,1.95,3.38,AN3,0323,-0.09,6.04,1.95,3.39,POS,1.32,2.71,1.46,93
DIST,4,AN0,189B,0.00,0.00,1.95,3.05,AN1,C32D,2.95,0.00,1.95,3.08,AN2,8A94,2.95,5.89,1.95,3.40,AN3,0323,-0.09,6.04,1.95,3.41,POS,1.31,2.72,1.43,92
DIST,4,AN0,189B,0.00,0.00,1.95,3.07,AN1,C32D,2.95,0.00,1.95,3.15,AN2,8A94,2.95,5.89,1.95,3.40,AN3,0323,-0.09,6.04,1.95,3.26,POS,1.33,2.77,1.46,96
DIST,4,AN0,189B,0.00,0.00,1.95,3.16,AN1,C32D,2.95,0.00,1.95,3.26,AN2,8A94,2.95,5.89,1.95,3.21,AN3,0323,-0.09,6.04,1.95,3.15,POS,1.30,2.82,1.50,96
DIST,4,AN0,189B,0.00,0.00,1.95,3.22,AN1,C32D,2.95,0.00,1.95,3.21,AN2,8A94,2.95,5.89,1.95,3.18,AN3,0323,-0.09,6.04,1.95,3.22,POS,1.35,2.88,1.49,95
DIST,4,AN0,189B,0.00,0.00,1.95,3.23,AN1,C32D,2.95,0.00,1.95,3.24,AN2,8A94,2.95,5.89,1.95,3.16,AN3,0323,-0.09,6.04,1.95,3.19,POS,1.38,2.93,1.49,95
DIST,4,AN0,189B,0.00,0.00,1.95,3.22,AN1,C32D,2.95,0.00,1.95,3.18,AN2,8A94,2.95,5.89,1.95,3.11,AN3,0323,-0.09,6.04,1.95,3.12,POS,1.41,2.97,1.43,91
DIST,4,AN0,189B,0.00,0.00,1.95,3.20,AN1,8A94,2.95,5.89,1.95,3.15,AN2,C32D,2.95,0.00,1.95,3.17,AN3,0323,-0.09,6.04,1.95,3.19,POS,1.44,2.99,1.35,88
DIST,4,AN0,8A94,2.95,5.89,1.95,3.18,AN1,189B,0.00,0.00,1.95,3.20,AN2,C32D,2.95,0.00,1.95,3.19,AN3,0323,-0.09,6.04,1.95,3.18,POS,1.45,3.01,1.46,99
DIST,4,AN0,8A94,2.95,5.89,1.95,3.17,AN1,189B,0.00,0.00,1.95,3.22,AN2,C32D,2.95,0.00,1.95,3.14,AN3,0323,-0.09,6.04,1.95,3.18,POS,1.48,3.02,1.41,90
DIST,4,AN0,8A94,2.95,5.89,1.95,3.17,AN1,C32D,2.95,0.00,1.95,3.19,AN2,189B,0.00,0.00,1.95,3.18,AN3,0323,-0.09,6.04,1.95,3.19,POS,1.47,3.02,1.47,98
DIST,4,AN0,8A94,2.95,5.89,1.95,3.17,AN1,189B,0.00,0.00,1.95,3.20,AN2,C32D,2.95,0.00,1.95,3.12,AN3,0323,-0.09,6.04,1.95,3.23,POS,1.50,3.03,1.39,88
DIST,4,AN0,8A94,2.95,5.89,1.95,3.18,AN1,C32D,2.95,0.00,1.95,3.14,AN2,189B,0.00,0.00,1.95,3.18,AN3,0323,-0.09,6.04,1.95,3.15,POS,1.50,3.03,1.36,92
DIST,4,AN0,8A94,2.95,5.89,1.95,3.19,AN1,C32D,2.95,0.00,1.95,3.19,AN2,189B,0.00,0.00,1.95,3.20,AN3,0323,-0.09,6.04,1.95,3.19,POS,1.50,3.04,1.44,98
DIST,4,AN0,8A94,2.95,5.89,1.95,3.17,AN1,C32D,2.95,0.00,1.95,3.15,AN2,189B,0.00,0.00,1.95,3.18,AN3,0323,-0.09,6.04,1.95,3.24,POS,1.50,3.03,1.49,98
DIST,4,AN0,8A94,2.95,5.89,1.95,3.22,AN1,C32D,2.95,0.00,1.95,3.22,AN2,189B,0.00,0.00,1.95,3.20,AN3,0323,-0.09,6.04,1.95,3.16,POS,1.49,3.04,1.54,98
DIST,4,AN0,8A94,2.95,5.89,1.95,3.22,AN1,C32D,2.95,0.00,1.95,3.22,AN2,189B,0.00,0.00,1.95,3.20,AN3,0323,-0.09,6.04,1.95,3.19,POS,1.48,3.04,1.54,96
DIST,4,AN0,8A94,2.95,5.89,1.95,3.19,AN1,C32D,2.95,0.00,1.95,3.20,AN2,189B,0.00,0.00,1.95,3.22,AN3,0323,-0.09,6.04,1.95,3.24,POS,1.48,3.04,1.52,95
DIST,4,AN0,8A94,2.95,5.89,1.95,3.22,AN1,C32D,2.95,0.00,1.95,3.21,AN2,189B,0.00,0.00,1.95,3.20,AN3,0323,-0.09,6.04,1.95,3.19,POS,1.42,3.01,1.56,98
DIST,4,AN0,8A94,2.95,5.89,1.95,3.19,AN1,189B,0.00,0.00,1.95,3.24,AN2,C32D,2.95,0.00,1.95,3.20,AN3,0323,-0.09,6.04,1.95,3.21,POS,1.45,3.02,1.55,96
DIST,4,AN0,8A94,2.95,5.89,1.95,3.20,AN1,189B,0.00,0.00,1.95,3.21,AN2,C32D,2.95,0.00,1.95,3.18,AN3,0323,-0.09,6.04,1.95,3.22,POS,1.46,3.03,1.57,98
DIST,4,AN0,8A94,2.95,5.89,1.95,3.19,AN1,189B,0.00,0.00,1.95,3.18,AN2,C32D,2.95,0.00,1.95,3.17,AN3,0323,-0.09,6.04,1.95,3.16,POS,1.47,3.03,1.48,90
DIST,4,AN0,8A94,2.95,5.89,1.95,3.20,AN1,189B,0.00,0.00,1.95,3.19,AN2,C32D,2.95,0.00,1.95,3.19,AN3,0323,-0.09,6.04,1.95,3.21,POS,1.47,3.03,1.50,97
DIST,4,AN0,8A94,2.95,5.89,1.95,3.20,AN1,189B,0.00,0.00,1.95,3.21,AN2,C32D,2.95,0.00,1.95,3.21,AN3,0323,-0.09,6.04,1.95,3.17,POS,1.41,3.01,1.58,98
DIST,4,AN0,8A94,2.95,5.89,1.95,3.21,AN1,189B,0.00,0.00,1.95,3.15,AN2,0323,-0.09,6.04,1.95,3.16,AN3,C32D,2.95,0.00,1.95,3.22,POS,1.37,3.00,1.64,98
DIST,4,AN0,189B,0.00,0.00,1.95,3.23,AN1,8A94,2.95,5.89,1.95,3.22,AN2,0323,-0.09,6.04,1.95,3.19,AN3,C32D,2.95,0.00,1.95,3.24,POS,1.39,3.01,1.59,95
DIST,4,AN0,8A94,2.95,5.89,1.95,3.14,AN1,189B,0.00,0.00,1.95,3.28,AN2,0323,-0.09,6.04,1.95,3.09,AN3,C32D,2.95,0.00,1.95,3.32,POS,1.40,3.05,1.58,96
DIST,4,AN0,8A94,2.95,5.89,1.95,3.04,AN1,0323,-0.09,6.04,1.95,3.05,AN2,189B,0.00,0.00,1.95,3.39,AN3,C32D,2.95,0.00,1.95,3.43,POS,1.39,3.09,1.51,92
DIST,4,AN0,8A94,2.95,5.89,1.95,2.96,AN1,0323,-0.09,6.04,1.95,2.89,AN2,189B,0.00,0.00,1.95,3.52,AN3,C32D,2.95,0.00,1.95,3.57,POS,1.40,3.17,1.48,93
DIST,4,AN0,8A94,2.95,5.89,1.95,2.91,AN1,0323,-0.09,6.04,1.95,2.91,AN2,189B,0.00,0.00,1.95,3.53,AN3,C32D,2.95,0.00,1.95,3.55,POS,1.41,3.23,1.47,93
DIST,4,AN0,8A94,2.95,5.89,1.95,2.87,AN1,0323,-0.09,6.04,1.95,2.81,AN2,189B,0.00,0.00,1.95,3.49,AN3,C32D,2.95,0.00,1.95,3.57,POS,1.38,3.27,1.53,96
DIST,4,AN0,8A94,2.95,5.89,1.95,2.94,AN1,0323,-0.09,6.04,1.95,2.84,AN2,189B,0.00,0.00,1.95,3.45,AN3,C32D,2.95,0.00,1.95,3.60,POS,1.35,3.30,1.51,92
DIST,4,AN0,8A94,2.95,5.89,1.95,2.89,AN1,0323,-0.09,6.04,1.95,2.82,AN2,189B,0.00,0.00,1.95,3.53,AN3,C32D,2.95,0.00,1.95,3.58,POS,1.36,3.33,1.53,96
DIST,4,AN0,8A94,2.95,5.89,1.95,2.83,AN1,0323,-0.09,6.04,1.95,2.82,AN2,189B,0.00,0.00,1.95,3.60,AN3,C32D,2.95,0.00,1.95,3.56,POS,1.34,3.34,1.57,96
DIST,4,AN0,8A94,2.95,5.89,1.95,2.78,AN1,0323,-0.09,6.04,1.95,2.78,AN2,189B,0.00,0.00,1.95,3.62,AN3,C32D,2.95,0.00,1.95,3.63,POS,1.37,3.39,1.59,96
DIST,4,AN0,8A94,2.95,5.89,1.95,2.81,AN1,0323,-0.09,6.04,1.95,2.74,AN2,189B,0.00,0.00,1.95,3.63,AN3,C32D,2.95,0.00,1.95,3.74,POS,1.35,3.42,1.53,89
DIST,4,AN0,8A94,2.95,5.89,1.95,2.68,AN1,0323,-0.09,6.04,1.95,2.71,AN2,189B,0.00,0.00,1.95,3.66,AN3,C32D,2.95,0.00,1.95,3.76,POS,1.35,3.46,1.48,90
DIST,4,AN0,8A94,2.95,5.89,1.95,2.72,AN1,0323,-0.09,6.04,1.95,2.73,AN2,189B,0.00,0.00,1.95,3.69,AN3,C32D,2.95,0.00,1.95,3.79,POS,1.34,3.49,1.43,87
DIST,4,AN0,8A94,2.95,5.89,1.95,2.71,AN1,0323,-0.09,6.04,1.95,2.64,AN2,189B,0.00,0.00,1.95,3.68,AN3,C32D,2.95,0.00,1.95,3.73,POS,1.36,3.53,1.36,86
DIST,4,AN0,8A94,2.95,5.89,1.95,2.76,AN1,0323,-0.09,6.04,1.95,2.68,AN2,189B,0.00,0.00,1.95,3.68,AN3,C32D,2.95,0.00,1.95,3.64,POS,1.33,3.51,1.33,87
DIST,4,AN0,8A94,2.95,5.89,1.95,2.76,AN1,0323,-0.09,6.04,1.95,2.73,AN2,189B,0.00,0.00,1.95,3.64,AN3,C32D,2.95,0.00,1.95,3.69,POS,1.35,3.52,1.40,95
DIST,4,AN0,8A94,2.95,5.89,1.95,2.78,AN1,0323,-0.09,6.04,1.95,2.75,AN2,189B,0.00,0.00,1.95,3.56,AN3,C32D,2.95,0.00,1.95,3.66,POS,1.34,3.51,1.44,94
DIST,4,AN0,8A94,2.95,5.89,1.95,2.78,AN1,0323,-0.09,6.04,1.95,2.71,AN2,189B,0.00,0.00,1.95,3.59,AN3,C32D,2.95,0.00,1.95,3.66,POS,1.35,3.52,1.36,86
DIST,4,AN0,8A94,2.95,5.89,1.95,2.76,AN1,0323,-0.09,6.04,1.95,2.70,AN2,189B,0.00,0.00,1.95,3.63,AN3,C32D,2.95,0.00,1.95,3.72,POS,1.34,3.53,1.41,93
DIST,4,AN0,8A94,2.95,5.89,1.95,2.79,AN1,0323,-0.09,6.04,1.95,2.73,AN2,189B,0.00,0.00,1.95,3.61,AN3,C32D,2.95,0.00,1.95,3.71,POS,1.33,3.53,1.43,92
DIST,4,AN0,8A94,2.95,5.89,1.95,2.81,AN1,0323,-0.09,6.04,1.95,2.71,AN2,189B,0.00,0.00,1.95,3.56,AN3,C32D,2.95,0.00,1.95,3.76,POS,1.30,3.53,1.41,89
DIST,4,AN0,0323,-0.09,6.04,1.95,2.75,AN1,8A94,2.95,5.89,1.95,2.75,AN2,189B,0.00,0.00,1.95,3.63,AN3,C32D,2.95,0.00,1.95,3.76,POS,1.30,3.53,1.37,88
DIST,4,AN0,0323,-0.09,6.04,1.95,2.74,AN1,8A94,2.95,5.89,1.95,2.77,AN2,189B,0.00,0.00,1.95,3.62,AN3,C32D,2.95,0.00,1.95,3.70,POS,1.31,3.53,1.40,93
DIST,4,AN0,0323,-0.09,6.04,1.95,2.74,AN1,8A94,2.95,5.89,1.95,2.83,AN2,189B,0.00,0.00,1.95,3.55,AN3,C32D,2.95,0.00,1.95,3.63,POS,1.32,3.52,1.34,86
DIST,4,AN0,8A94,2.95,5.89,1.95,2.81,AN1,0323,-0.09,6.04,1.95,2.73,AN2,189B,0.00,0.00,1.95,3.55,AN3,C32D,2.95,0.00,1.95,3.72,POS,1.30,3.52,1.36,91
DIST,4,AN0,0323,-0.09,6.04,1.95,2.66,AN1,8A94,2.95,5.89,1.95,2.68,AN2,189B,0.00,0.00,1.95,3.68,AN3,C32D,2.95,0.00,1.95,3.74,POS,1.31,3.54,1.44,95
DIST,4,AN0,8A94,2.95,5.89,1.95,2.68,AN1,0323,-0.09,6.04,1.95,2.66,AN2,189B,0.00,0.00,1.95,3.76,AN3,C32D,2.95,0.00,1.95,3.78,POS,1.34,3.57,1.46,94
DIST,4,AN0,8A94,2.95,5.89,1.95,2.59,AN1,0323,-0.09,6.04,1.95,2.56,AN2,189B,0.00,0.00,1.95,3.78,AN3,C32D,2.95,0.00,1.95,3.85,POS,1.34,3.61,1.50,93
DIST,4,AN0,8A94,2.95,5.89,1.95,2.54,AN1,0323,-0.09,6.04,1.95,2.45,AN2,189B,0.00,0.00,1.95,3.85,AN3,C32D,2.95,0.00,1.95,3.95,POS,1.33,3.66,1.56,93
DIST,4,AN0,8A94,2.95,5.89,1.95,2.50,AN1,0323,-0.09,6.04,1.95,2.46,AN2,189B,0.00,0.00,1.95,3.80,AN3,C32D,2.95,0.00,1.95,3.99,POS,1.31,3.70,1.54,88
DIST,4,AN0,0323,-0.09,6.04,1.95,2.53,AN1,8A94,2.95,5.89,1.95,2.52,AN2,189B,0.00,0.00,1.95,3.79,AN3,C32D,2.95,0.00,1.95,3.95,POS,1.31,3.72,1.49,88
DIST,4,AN0,0323,-0.09,6.04,1.95,2.48,AN1,8A94,2.95,5.89,1.95,2.51,AN2,189B,0.00,0.00,1.95,3.79,AN3,C32D,2.95,0.00,1.95,3.96,POS,1.30,3.74,1.49,90
DIST,4,AN0,0323,-0.09,6.04,1.95,2.47,AN1,8A94,2.95,5.89,1.95,2.52,AN2,189B,0.00,0.00,1.95,3.91,AN3,C32D,2.95,0.00,1.95,3.95,POS,1.33,3.76,1.55,94
DIST,4,AN0,8A94,2.95,5.89,1.95,2.46,AN1,0323,-0.09,6.04,1.95,2.46,AN2,189B,0.00,0.00,1.95,3.97,AN3,C32D,2.95,0.00,1.95,4.03,POS,1.33,3.80,1.51,88
DIST,4,AN0,8A94,2.95,5.89,1.95,2.44,AN1,0323,-0.09,6.04,1.95,2.35,AN2,189B,0.00,0.00,1.95,3.99,AN3,C32D,2.95,0.00,1.95,4.11,POS,1.32,3.84,1.50,87
DIST,4,AN0,0323,-0.09,6.04,1.95,2.33,AN1,8A94,2.95,5.89,1.95,2.35,AN2,189B,0.00,0.00,1.95,4.03,AN3,C32D,2.95,0.00,1.95,4.13,POS,1.32,3.88,1.51,89
DIST,4,AN0,0323,-0.09,6.04,1.95,2.38,AN1,8A94,2.95,5.89,1.95,2.29,AN2,189B,0.00,0.00,1.95,4.08,AN3,C32D,2.95,0.00,1.95,4.16,POS,1.34,3.92,1.50,89
DIST,4,AN0,8A94,2.95,5.89,1.95,2.26,AN1,0323,-0.09,6.04,1.95,2.31,AN2,189B,0.00,0.00,1.95,4.04,AN3,C32D,2.95,0.00,1.95,4.14,POS,1.34,3.94,1.57,92
DIST,4,AN0,8A94,2.95,5.89,1.95,2.28,AN1,0323,-0.09,6.04,1.95,2.31,AN2,189B,0.00,0.00,1.95,4.15,AN3,C32D,2.95,0.00,1.95,4.16,POS,1.37,3.98,1.58,91
DIST,4,AN0,8A94,2.95,5.89,1.95,2.24,AN1,0323,-0.09,6.04,1.95,2.34,AN2,189B,0.00,0.00,1.95,4.18,AN3,C32D,2.95,0.00,1.95,4.14,POS,1.41,4.01,1.62,92
DIST,4,AN0,8A94,2.95,5.89,1.95,2.27,AN1,0323,-0.09,6.04,1.95,2.31,AN2,189B,0.00,0.00,1.95,4.18,AN3,C32D,2.95,0.00,1.95,4.11,POS,1.45,4.04,1.54,84
DIST,4,AN0,8A94,2.95,5.89,1.95,2.25,AN1,0323,-0.09,6.04,1.95,2.41,AN2,189B,0.00,0.00,1.95,4.15,AN3,C32D,2.95,0.00,1.95,4.19,POS,1.45,4.05,1.50,87
DIST,4,AN0,8A94,2.95,5.89,1.95,2.25,AN1,0323,-0.09,6.04,1.95,2.34,AN2,189B,0.00,0.00,1.95,4.12,AN3,C32D,2.95,0.00,1.95,4.21,POS,1.43,4.06,1.50,88
DIST,4,AN0,8A94,2.95,5.89,1.95,2.25,AN1,0323,-0.09,6.04,1.95,2.32,AN2,189B,0.00,0.00,1.95,4.15,AN3,C32D,2.95,0.00,1.95,4.18,POS,1.43,4.06,1.50,89
DIST,4,AN0,8A94,2.95,5.89,1.95,2.24,AN1,0323,-0.09,6.04,1.95,2.30,AN2,189B,0.00,0.00,1.95,4.15,AN3,C32D,2.95,0.00,1.95,4.20,POS,1.42,4.07,1.49,88
DIST,4,AN0,8A94,2.95,5.89,1.95,2.23,AN1,0323,-0.09,6.04,1.95,2.32,AN2,189B,0.00,0.00,1.95,4.17,AN3,C32D,2.95,0.00,1.95,4.09,POS,1.46,4.08,1.45,85
DIST,4,AN0,8A94,2.95,5.89,1.95,2.22,AN1,0323,-0.09,6.04,1.95,2.33,AN2,189B,0.00,0.00,1.95,4.15,AN3,C32D,2.95,0.00,1.95,4.15,POS,1.46,4.08,1.50,92
DIST,4,AN0,8A94,2.95,5.89,1.95,2.20,AN1,0323,-0.09,6.04,1.95,2.26,AN2,189B,0.00,0.00,1.95,4.21,AN3,C32D,2.95,0.00,1.95,4.14,POS,1.49,4.11,1.47,85
DIST,4,AN0,8A94,2.95,5.89,1.95,2.22,AN1,0323,-0.09,6.04,1.95,2.37,AN2,C32D,2.95,0.00,1.95,4.18,AN3,189B,0.00,0.00,1.95,4.11,POS,1.46,4.10,1.52,90
DIST,4,AN0,8A94,2.95,5.89,1.95,2.23,AN1,0323,-0.09,6.04,1.95,2.36,AN2,189B,0.00,0.00,1.95,4.25,AN3,C32D,2.95,0.00,1.95,4.20,POS,1.48,4.11,1.50,88
DIST,4,AN0,8A94,2.95,5.89,1.95,2.21,AN1,0323,-0.09,6.04,1.95,2.30,AN2,C32D,2.95,0.00,1.95,4.17,AN3,189B,0.00,0.00,1.95,4.21,POS,1.49,4.12,1.59,92
DIST,4,AN0,8A94,2.95,5.89,1.95,2.21,AN1,0323,-0.09,6.04,1.95,2.34,AN2,C32D,2.95,0.00,1.95,4.16,AN3,189B,0.00,0.00,1.95,4.19,POS,1.49,4.11,1.59,91
DIST,4,AN0,8A94,2.95,5.89,1.95,2.23,AN1,0323,-0.09,6.04,1.95,2.34,AN2,C32D,2.95,0.00,1.95,4.17,AN3,189B,0.00,0.00,1.95,4.12,POS,1.47,4.10,1.57,89
DIST,4,AN0,8A94,2.95,5.89,1.95,2.23,AN1,0323,-0.09,6.04,1.95,2.32,AN2,189B,0.00,0.00,1.95,4.18,AN3,C32D,2.95,0.00,1.95,4.13,POS,1.49,4.11,1.48,82
DIST,4,AN0,8A94,2.95,5.89,1.95,2.22,AN1,0323,-0.09,6.04,1.95,2.36,AN2,C32D,2.95,0.00,1.95,4.18,AN3,189B,0.00,0.00,1.95,4.17,POS,1.48,4.10,1.46,88
DIST,4,AN0,8A94,2.95,5.89,1.95,2.24,AN1,0323,-0.09,6.04,1.95,2.28,AN2,C32D,2.95,0.00,1.95,4.16,AN3,189B,0.00,0.00,1.95,4.11,POS,1.46,4.10,1.52,91
DIST,4,AN0,8A94,2.95,5.89,1.95,2.21,AN1,0323,-0.09,6.04,1.95,2.33,AN2,189B,0.00,0.00,1.95,4.12,AN3,C32D,2.95,0.00,1.95,4.18,POS,1.44,4.09,1.55,91
DIST,4,AN0,8A94,2.95,5.89,1.95,2.23,AN1,0323,-0.09,6.04,1.95,2.32,AN2,189B,0.00,0.00,1.95,4.23,AN3,C32D,2.95,0.00,1.95,4.17,POS,1.47,4.10,1.62,92
DIST,4,AN0,8A94,2.95,5.89,1.95,2.25,AN1,0323,-0.09,6.04,1.95,2.36,AN2,189B,0.00,0.00,1.95,4.12,AN3,C32D,2.95,0.00,1.95,4.12,POS,1.47,4.09,1.61,91
DIST,4,AN0,8A94,2.95,5.89,1.95,2.25,AN1,0323,-0.09,6.04,1.95,2.35,AN2,189B,0.00,0.00,1.95,4.22,AN3,C32D,2.95,0.00,1.95,4.18,POS,1.48,4.10,1.58,89
DIST,4,AN0,8A94,2.95,5.89,1.95,2.24,AN1,0323,-0.09,6.04,1.95,2.35,AN2,C32D,2.95,0.00,1.95,4.19,AN3,189B,0.00,0.00,1.95,4.15,POS,1.47,4.09,1.53,87
DIST,4,AN0,8A94,2.95,5.89,1.95,2.27,AN1,0323,-0.09,6.04,1.95,2.37,AN2,189B,0.00,0.00,1.95,4.15,AN3,C32D,2.95,0.00,1.95,4.11,POS,1.48,4.08,1.57,92
DIST,4,AN0,8A94,2.95,5.89,1.95,2.28,AN1,0323,-0.09,6.04,1.95,2.37,AN2,C32D,2.95,0.00,1.95,4.15,AN3,189B,0.00,0.00,1.95,4.11,POS,1.47,4.07,1.53,88
DIST,4,AN0,8A94,2.95,5.89,1.95,2.24,AN1,0323,-0.09,6.04,1.95,2.32,AN2,189B,0.00,0.00,1.95,4.22,AN3,C32D,2.95,0.00,1.95,4.13,POS,1.50,4.10,1.47,82
DIST,4,AN0,8A94,2.95,5.89,1.95,2.25,AN1,0323,-0.09,6.04,1.95,2.37,AN2,C32D,2.95,0.00,1.95,4.16,AN3,189B,0.00,0.00,1.95,4.19,POS,1.50,4.10,1.47,89
DIST,4,AN0,8A94,2.95,5.89,1.95,2.29,AN1,0323,-0.09,6.04,1.95,2.36,AN2,C32D,2.95,0.00,1.95,4.17,AN3,189B,0.00,0.00,1.95,4.10,POS,1.47,4.08,1.46,87
DIST,4,AN0,8A94,2.95,5.89,1.95,2.28,AN1,0323,-0.09,6.04,1.95,2.34,AN2,189B,0.00,0.00,1.95,4.15,AN3,C32D,2.95,0.00,1.95,4.14,POS,1.47,4.08,1.51,93
DIST,4,AN0,8A94,2.95,5.89,1.95,2.28,AN1,0323,-0.09,6.04,1.95,2.39,AN2,189B,0.00,0.00,1.95,4.13,AN3,C32D,2.95,0.00,1.95,4.16,POS,1.46,4.07,1.46,86
DIST,4,AN0,8A94,2.95,5.89,1.95,2.24,AN1,0323,-0.09,6.04,1.95,2.38,AN2,189B,0.00,0.00,1.95,4.17,AN3,C32D,2.95,0.00,1.95,4.15,POS,1.47,4.07,1.46,89
DIST,4,AN0,8A94,2.95,5.89,1.95,2.27,AN1,0323,-0.09,6.04,1.95,2.32,AN2,189B,0.00,0.00,1.95,4.19,AN3,C32D,2.95,0.00,1.95,4.18,POS,1.47,4.08,1.49,91
DIST,4,AN0,8A94,2.95,5.89,1.95,2.26,AN1,0323,-0.09,6.04,1.95,2.33,AN2,189B,0.00,0.00,1.95,4.16,AN3,C32D,2.95,0.00,1.95,4.15,POS,1.48,4.08,1.54,93
DIST,4,AN0,8A94,2.95,5.89,1.95,2.27,AN1,0323,-0.09,6.04,1.95,2.35,AN2,C32D,2.95,0.00,1.95,4.16,AN3,189B,0.00,0.00,1.95,4.17,POS,1.47,4.08,1.53,90
DIST,4,AN0,8A94,2.95,5.89,1.95,2.24,AN1,0323,-0.09,6.04,1.95,2.32,AN2,189B,0.00,0.00,1.95,4.17,AN3,C32D,2.95,0.00,1.95,4.18,POS,1.46,4.09,1.53,89
