DIST,4,AN0,189B,0.00,0.00,1.95,1.48,AN1,C32D,2.95,0.00,1.95,1.48,AN2,8A94,2.95,5.89,1.95,5.60,AN3,0323,-0.09,6.04,1.95,5.64,POS,1.44,0.56,1.48,74
DIST,4,AN0,189B,0.00,0.00,1.95,1.54,AN1,C32D,2.95,0.00,1.95,1.43,AN2,8A94,2.95,5.89,1.95,5.54,AN3,0323,-0.09,6.04,1.95,5.56,POS,1.46,0.56,1.45,53
DIST,4,AN0,189B,0.00,0.00,1.95,1.52,AN1,C32D,2.95,0.00,1.95,1.43,AN2,8A94,2.95,5.89,1.95,5.56,AN3,0323,-0.09,6.04,1.95,5.52,POS,1.48,0.56,1.44,54
DIST,4,AN0,C32D,2.95,0.00,1.95,1.44,AN1,189B,0.00,0.00,1.95,1.49,AN2,8A94,2.95,5.89,1.95,5.50,AN3,0323,-0.09,6.04,1.95,5.53,POS,1.48,0.56,1.43,56
DIST,4,AN0,C32D,2.95,0.00,1.95,1.40,AN1,189B,0.00,0.00,1.95,1.54,AN2,8A94,2.95,5.89,1.95,5.49,AN3,0323,-0.09,6.04,1.95,5.50,POS,1.50,0.57,1.43,55
DIST,4,AN0,C32D,2.95,0.00,1.95,1.37,AN1,189B,0.00,0.00,1.95,1.46,AN2,8A94,2.95,5.89,1.95,5.47,AN3,0323,-0.09,6.04,1.95,5.53,POS,1.51,0.57,1.47,66
DIST,4,AN0,C32D,2.95,0.00,1.95,1.43,AN1,189B,0.00,0.00,1.95,1.52,AN2,8A94,2.95,5.89,1.95,5.43,AN3,0323,-0.09,6.04,1.95,5.50,POS,1.51,0.57,1.46,54
DIST,4,AN0,C32D,2.95,0.00,1.95,1.47,AN1,189B,0.00,0.00,1.95,1.46,AN2,8A94,2.95,5.89,1.95,5.61,AN3,0323,-0.09,6.04,1.95,5.47,POS,1.50,0.58,1.47,57
DIST,4,AN0,C32D,2.95,0.00,1.95,1.50,AN1,189B,0.00,0.00,1.95,1.51,AN2,8A94,2.95,5.89,1.95,5.52,AN3,0323,-0.09,6.04,1.95,5.47,POS,1.50,0.59,1.44,54
DIST,4,AN0,C32D,2.95,0.00,1.95,1.60,AN1,189B,0.00,0.00,1.95,1.46,AN2,8A94,2.95,5.89,1.95,5.48,AN3,0323,-0.09,6.04,1.95,5.41,POS,1.47,0.61,1.41,54
DIST,4,AN0,189B,0.00,0.00,1.95,1.45,AN1,C32D,2.95,0.00,1.95,1.59,AN2,8A94,2.95,5.89,1.95,5.52,AN3,0323,-0.09,6.04,1.95,5.47,POS,1.45,0.63,1.55,65
DIST,4,AN0,189B,0.00,0.00,1.95,1.41,AN1,C32D,2.95,0.00,1.95,1.57,AN2,8A94,2.95,5.89,1.95,5.50,AN3,0323,-0.09,6.04,1.95,5.53,POS,1.44,0.62,1.65,71
DIST,4,AN0,189B,0.00,0.00,1.95,1.47,AN1,C32D,2.95,0.00,1.95,1.47,AN2,8A94,2.95,5.89,1.95,5.50,AN3,0323,-0.09,6.04,1.95,5.49,POS,1.45,0.61,1.60,56
DIST,4,AN0,189B,0.00,0.00,1.95,1.43,AN1,C32D,2.95,0.00,1.95,1.50,AN2,8A94,2.95,5.89,1.95,5.52,AN3,0323,-0.09,6.04,1.95,5.50,POS,1.44,0.60,1.55,56
DIST,4,AN0,189B,0.00,0.00,1.95,1.42,AN1,C32D,2.95,0.00,1.95,1.48,AN2,8A94,2.95,5.89,1.95,5.50,AN3,0323,-0.09,6.04,1.95,5.54,POS,1.44,0.58,1.52,59
DIST,4,AN0,189B,0.00,0.00,1.95,1.41,AN1,C32D,2.95,0.00,1.95,1.47,AN2,8A94,2.95,5.89,1.95,5.54,AN3,0323,-0.09,6.04,1.95,5.49,POS,1.44,0.58,1.53,62
DIST,4,AN0,189B,0.00,0.00,1.95,1.43,AN1,C32D,2.95,0.00,1.95,1.52,AN2,8A94,2.95,5.89,1.95,5.54,AN3,0323,-0.09,6.04,1.95,5.47,POS,1.44,0.59,1.50,54
DIST,4,AN0,189B,0.00,0.00,1.95,1.39,AN1,C32D,2.95,0.00,1.95,1.52,AN2,8A94,2.95,5.89,1.95,5.48,AN3,0323,-0.09,6.04,1.95,5.52,POS,1.43,0.58,1.48,58
DIST,4,AN0,189B,0.00,0.00,1.95,1.46,AN1,C32D,2.95,0.00,1.95,1.50,AN2,8A94,2.95,5.89,1.95,5.50,AN3,0323,-0.09,6.04,1.95,5.49,POS,1.43,0.58,1.46,54
DIST,4,AN0,189B,0.00,0.00,1.95,1.50,AN1,C32D,2.95,0.00,1.95,1.47,AN2,8A94,2.95,5.89,1.95,5.47,AN3,0323,-0.09,6.04,1.95,5.40,POS,1.45,0.61,1.48,60
DIST,4,AN0,189B,0.00,0.00,1.95,1.48,AN1,C32D,2.95,0.00,1.95,1.40,AN2,8A94,2.95,5.89,1.95,5.46,AN3,0323,-0.09,6.04,1.95,5.43,POS,1.47,0.62,1.52,61
DIST,4,AN0,189B,0.00,0.00,1.95,1.51,AN1,C32D,2.95,0.00,1.95,1.47,AN2,8A94,2.95,5.89,1.95,5.58,AN3,0323,-0.09,6.04,1.95,5.52,POS,1.47,0.61,1.48,51
DIST,4,AN0,189B,0.00,0.00,1.95,1.50,AN1,C32D,2.95,0.00,1.95,1.34,AN2,8A94,2.95,5.89,1.95,5.54,AN3,0323,-0.09,6.04,1.95,5.51,POS,1.50,0.60,1.51,65
DIST,4,AN0,C32D,2.95,0.00,1.95,1.47,AN1,189B,0.00,0.00,1.95,1.48,AN2,8A94,2.95,5.89,1.95,5.56,AN3,0323,-0.09,6.04,1.95,5.44,POS,1.49,0.61,1.51,58
DIST,4,AN0,C32D,2.95,0.00,1.95,1.45,AN1,189B,0.00,0.00,1.95,1.51,AN2,8A94,2.95,5.89,1.95,5.53,AN3,0323,-0.09,6.04,1.95,5.49,POS,1.50,0.61,1.48,53
DIST,4,AN0,C32D,2.95,0.00,1.95,1.38,AN1,189B,0.00,0.00,1.95,1.51,AN2,8A94,2.95,5.89,1.95,5.53,AN3,0323,-0.09,6.04,1.95,5.56,POS,1.51,0.59,1.48,60
DIST,4,AN0,C32D,2.95,0.00,1.95,1.43,AN1,189B,0.00,0.00,1.95,1.50,AN2,8A94,2.95,5.89,1.95,5.52,AN3,0323,-0.09,6.04,1.95,5.61,POS,1.46,0.53,1.47,71
DIST,4,AN0,189B,0.00,0.00,1.95,1.59,AN1,C32D,2.95,0.00,1.95,1.42,AN2,8A94,2.95,5.89,1.95,5.48,AN3,0323,-0.09,6.04,1.95,5.53,POS,1.49,0.54,1.43,49
DIST,4,AN0,C32D,2.95,0.00,1.95,1.43,AN1,189B,0.00,0.00,1.95,1.59,AN2,8A94,2.95,5.89,1.95,5.47,AN3,0323,-0.09,6.04,1.95,5.50,POS,1.51,0.56,1.41,51
DIST,4,AN0,C32D,2.95,0.00,1.95,1.40,AN1,189B,0.00,0.00,1.95,1.53,AN2,8A94,2.95,5.89,1.95,5.50,AN3,0323,-0.09,6.04,1.95,5.49,POS,1.52,0.57,1.43,57
DIST,4,AN0,C32D,2.95,0.00,1.95,1.42,AN1,189B,0.00,0.00,1.95,1.55,AN2,8A94,2.95,5.89,1.95,5.49,AN3,0323,-0.09,6.04,1.95,5.43,POS,1.53,0.60,1.44,57
DIST,4,AN0,C32D,2.95,0.00,1.95,1.36,AN1,189B,0.00,0.00,1.95,1.55,AN2,8A94,2.95,5.89,1.95,5.46,AN3,0323,-0.09,6.04,1.95,5.46,POS,1.54,0.61,1.47,58
DIST,4,AN0,C32D,2.95,0.00,1.95,1.40,AN1,189B,0.00,0.00,1.95,1.47,AN2,8A94,2.95,5.89,1.95,5.47,AN3,0323,-0.09,6.04,1.95,5.50,POS,1.53,0.60,1.49,62
DIST,4,AN0,C32D,2.95,0.00,1.95,1.41,AN1,189B,0.00,0.00,1.95,1.51,AN2,8A94,2.95,5.89,1.95,5.53,AN3,0323,-0.09,6.04,1.95,5.54,POS,1.53,0.59,1.48,58
DIST,4,AN0,C32D,2.95,0.00,1.95,1.47,AN1,189B,0.00,0.00,1.95,1.52,AN2,8A94,2.95,5.89,1.95,5.48,AN3,0323,-0.09,6.04,1.95,5.54,POS,1.53,0.59,1.44,51
DIST,4,AN0,C32D,2.95,0.00,1.95,1.45,AN1,189B,0.00,0.00,1.95,1.55,AN2,8A94,2.95,5.89,1.95,5.46,AN3,0323,-0.09,6.04,1.95,5.51,POS,1.53,0.59,1.42,51
DIST,4,AN0,C32D,2.95,0.00,1.95,1.41,AN1,189B,0.00,0.00,1.95,1.53,AN2,8A94,2.95,5.89,1.95,5.53,AN3,0323,-0.09,6.04,1.95,5.55,POS,1.53,0.58,1.41,55
DIST,4,AN0,C32D,2.95,0.00,1.95,1.38,AN1,189B,0.00,0.00,1.95,1.56,AN2,8A94,2.95,5.89,1.95,5.58,AN3,0323,-0.09,6.04,1.95,5.59,POS,1.54,0.57,1.40,56
DIST,4,AN0,C32D,2.95,0.00,1.95,1.36,AN1,189B,0.00,0.00,1.95,1.60,AN2,8A94,2.95,5.89,1.95,5.60,AN3,0323,-0.09,6.04,1.95,5.62,POS,1.56,0.55,1.39,54
DIST,4,AN0,C32D,2.95,0.00,1.95,1.41,AN1,189B,0.00,0.00,1.95,1.52,AN2,8A94,2.95,5.89,1.95,5.49,AN3,0323,-0.09,6.04,1.95,5.57,POS,1.56,0.55,1.39,57
DIST,4,AN0,C32D,2.95,0.00,1.95,1.37,AN1,189B,0.00,0.00,1.95,1.52,AN2,8A94,2.95,5.89,1.95,5.59,AN3,0323,-0.09,6.04,1.95,5.69,POS,1.56,0.51,1.38,61
DIST,4,AN0,C32D,2.95,0.00,1.95,1.39,AN1,189B,0.00,0.00,1.95,1.52,AN2,8A94,2.95,5.89,1.95,5.58,AN3,0323,-0.09,6.04,1.95,5.66,POS,1.55,0.50,1.37,58
DIST,4,AN0,C32D,2.95,0.00,1.95,1.42,AN1,189B,0.00,0.00,1.95,1.55,AN2,8A94,2.95,5.89,1.95,5.56,AN3,0323,-0.09,6.04,1.95,5.64,POS,1.55,0.51,1.47,73
DIST,4,AN0,C32D,2.95,0.00,1.95,1.33,AN1,189B,0.00,0.00,1.95,1.55,AN2,8A94,2.95,5.89,1.95,5.49,AN3,0323,-0.09,6.04,1.95,5.53,POS,1.56,0.53,1.49,61
DIST,4,AN0,C32D,2.95,0.00,1.95,1.37,AN1,189B,0.00,0.00,1.95,1.53,AN2,8A94,2.95,5.89,1.95,5.63,AN3,0323,-0.09,6.04,1.95,5.61,POS,1.56,0.52,1.47,59
DIST,4,AN0,C32D,2.95,0.00,1.95,1.39,AN1,189B,0.00,0.00,1.95,1.57,AN2,8A94,2.95,5.89,1.95,5.57,AN3,0323,-0.09,6.04,1.95,5.60,POS,1.57,0.52,1.43,53
DIST,4,AN0,C32D,2.95,0.00,1.95,1.44,AN1,189B,0.00,0.00,1.95,1.54,AN2,8A94,2.95,5.89,1.95,5.57,AN3,0323,-0.09,6.04,1.95,5.65,POS,1.56,0.52,1.49,71
DIST,4,AN0,C32D,2.95,0.00,1.95,1.49,AN1,189B,0.00,0.00,1.95,1.47,AN2,8A94,2.95,5.89,1.95,5.57,AN3,0323,-0.09,6.04,1.95,5.62,POS,1.53,0.53,1.56,73
DIST,4,AN0,C32D,2.95,0.00,1.95,1.46,AN1,189B,0.00,0.00,1.95,1.49,AN2,8A94,2.95,5.89,1.95,5.62,AN3,0323,-0.09,6.04,1.95,5.51,POS,1.52,0.54,1.52,54
DIST,4,AN0,C32D,2.95,0.00,1.95,1.43,AN1,189B,0.00,0.00,1.95,1.45,AN2,8A94,2.95,5.89,1.95,5.56,AN3,0323,-0.09,6.04,1.95,5.60,POS,1.51,0.52,1.49,62
DIST,4,AN0,C32D,2.95,0.00,1.95,1.52,AN1,189B,0.00,0.00,1.95,1.51,AN2,8A94,2.95,5.89,1.95,5.57,AN3,0323,-0.09,6.04,1.95,5.63,POS,1.50,0.53,1.51,66
DIST,4,AN0,C32D,2.95,0.00,1.95,1.49,AN1,189B,0.00,0.00,1.95,1.51,AN2,8A94,2.95,5.89,1.95,5.60,AN3,0323,-0.09,6.04,1.95,5.58,POS,1.50,0.54,1.56,69
DIST,3,AN0,C32D,2.95,0.00,1.95,1.46,AN1,189B,0.00,0.00,1.95,1.48,AN2,8A94,2.95,5.89,1.95,5.62,POS,1.50,0.50,1.56,75
DIST,4,AN0,C32D,2.95,0.00,1.95,1.56,AN1,189B,0.00,0.00,1.95,1.44,AN2,8A94,2.95,5.89,1.95,5.58,AN3,0323,-0.09,6.04,1.95,5.57,POS,1.47,0.52,1.61,70
DIST,4,AN0,189B,0.00,0.00,1.95,1.34,AN1,C32D,2.95,0.00,1.95,1.54,AN2,8A94,2.95,5.89,1.95,5.56,AN3,0323,-0.09,6.04,1.95,5.56,POS,1.45,0.51,1.56,61
DIST,4,AN0,189B,0.00,0.00,1.95,1.49,AN1,C32D,2.95,0.00,1.95,1.54,AN2,8A94,2.95,5.89,1.95,5.44,AN3,0323,-0.09,6.04,1.95,5.32,POS,1.45,0.57,1.55,63
DIST,4,AN0,189B,0.00,0.00,1.95,1.47,AN1,C32D,2.95,0.00,1.95,1.63,AN2,8A94,2.95,5.89,1.95,5.20,AN3,0323,-0.09,6.04,1.95,5.31,POS,1.43,0.62,1.53,60
DIST,4,AN0,189B,0.00,0.00,1.95,1.56,AN1,C32D,2.95,0.00,1.95,1.64,AN2,8A94,2.95,5.89,1.95,5.07,AN3,0323,-0.09,6.04,1.95,5.14,POS,1.43,0.70,1.52,69
DIST,4,AN0,189B,0.00,0.00,1.95,1.56,AN1,C32D,2.95,0.00,1.95,1.71,AN2,8A94,2.95,5.89,1.95,5.12,AN3,0323,-0.09,6.04,1.95,5.01,POS,1.41,0.79,1.56,74
DIST,4,AN0,189B,0.00,0.00,1.95,1.64,AN1,C32D,2.95,0.00,1.95,1.71,AN2,8A94,2.95,5.89,1.95,5.08,AN3,0323,-0.09,6.04,1.95,5.00,POS,1.42,0.86,1.55,75
DIST,4,AN0,189B,0.00,0.00,1.95,1.59,AN1,C32D,2.95,0.00,1.95,1.66,AN2,8A94,2.95,5.89,1.95,5.09,AN3,0323,-0.09,6.04,1.95,4.96,POS,1.42,0.91,1.49,69
DIST,4,AN0,189B,0.00,0.00,1.95,1.65,AN1,C32D,2.95,0.00,1.95,1.69,AN2,8A94,2.95,5.89,1.95,5.10,AN3,0323,-0.09,6.04,1.95,4.96,POS,1.43,0.96,1.54,79
DIST,4,AN0,189B,0.00,0.00,1.95,1.68,AN1,C32D,2.95,0.00,1.95,1.59,AN2,8A94,2.95,5.89,1.95,5.06,AN3,0323,-0.09,6.04,1.95,4.99,POS,1.45,0.98,1.47,67
DIST,4,AN0,189B,0.00,0.00,1.95,1.72,AN1,C32D,2.95,0.00,1.95,1.62,AN2,8A94,2.95,5.89,1.95,5.02,AN3,0323,-0.09,6.04,1.95,4.98,POS,1.47,1.02,1.53,78
DIST,4,AN0,189B,0.00,0.00,1.95,1.65,AN1,C32D,2.95,0.00,1.95,1.63,AN2,8A94,2.95,5.89,1.95,5.02,AN3,0323,-0.09,6.04,1.95,4.99,POS,1.48,1.04,1.59,79
DIST,4,AN0,C32D,2.95,0.00,1.95,1.62,AN1,189B,0.00,0.00,1.95,1.67,AN2,8A94,2.95,5.89,1.95,4.98,AN3,0323,-0.09,6.04,1.95,4.93,POS,1.48,1.05,1.52,70
DIST,4,AN0,C32D,2.95,0.00,1.95,1.66,AN1,189B,0.00,0.00,1.95,1.68,AN2,8A94,2.95,5.89,1.95,5.09,AN3,0323,-0.09,6.04,1.95,4.99,POS,1.49,1.07,1.55,77
DIST,4,AN0,C32D,2.95,0.00,1.95,1.67,AN1,189B,0.00,0.00,1.95,1.65,AN2,8A94,2.95,5.89,1.95,5.10,AN3,0323,-0.09,6.04,1.95,5.04,POS,1.48,1.06,1.54,75
DIST,4,AN0,C32D,2.95,0.00,1.95,1.63,AN1,189B,0.00,0.00,1.95,1.62,AN2,8A94,2.95,5.89,1.95,5.13,AN3,0323,-0.09,6.04,1.95,5.03,POS,1.48,1.06,1.59,78
DIST,4,AN0,C32D,2.95,0.00,1.95,1.64,AN1,189B,0.00,0.00,1.95,1.63,AN2,8A94,2.95,5.89,1.95,5.12,AN3,0323,-0.09,6.04,1.95,5.01,POS,1.48,1.06,1.62,78
DIST,4,AN0,C32D,2.95,0.00,1.95,1.69,AN1,189B,0.00,0.00,1.95,1.63,AN2,8A94,2.95,5.89,1.95,5.10,AN3,0323,-0.09,6.04,1.95,5.02,POS,1.47,1.06,1.61,75
DIST,4,AN0,189B,0.00,0.00,1.95,1.65,AN1,C32D,2.95,0.00,1.95,1.73,AN2,8A94,2.95,5.89,1.95,5.14,AN3,0323,-0.09,6.04,1.95,5.02,POS,1.46,1.07,1.57,73
DIST,4,AN0,189B,0.00,0.00,1.95,1.62,AN1,C32D,2.95,0.00,1.95,1.76,AN2,8A94,2.95,5.89,1.95,5.01,AN3,0323,-0.09,6.04,1.95,5.03,POS,1.40,1.03,1.50,59
DIST,4,AN0,189B,0.00,0.00,1.95,1.61,AN1,C32D,2.95,0.00,1.95,1.67,AN2,8A94,2.95,5.89,1.95,5.10,AN3,0323,-0.09,6.04,1.95,5.04,POS,1.41,1.03,1.53,75
DIST,4,AN0,189B,0.00,0.00,1.95,1.69,AN1,C32D,2.95,0.00,1.95,1.72,AN2,8A94,2.95,5.89,1.95,4.99,AN3,0323,-0.09,6.04,1.95,4.91,POS,1.42,1.07,1.57,81
DIST,4,AN0,189B,0.00,0.00,1.95,1.79,AN1,C32D,2.95,0.00,1.95,1.81,AN2,8A94,2.95,5.89,1.95,4.74,AN3,0323,-0.09,6.04,1.95,4.78,POS,1.38,1.09,1.54,72
DIST,4,AN0,189B,0.00,0.00,1.95,1.88,AN1,C32D,2.95,0.00,1.95,1.87,AN2,8A94,2.95,5.89,1.95,4.68,AN3,0323,-0.09,6.04,1.95,4.71,POS,1.35,1.13,1.50,72
DIST,4,AN0,189B,0.00,0.00,1.95,1.94,AN1,C32D,2.95,0.00,1.95,1.91,AN2,8A94,2.95,5.89,1.95,4.56,AN3,0323,-0.09,6.04,1.95,4.64,POS,1.35,1.19,1.45,75
DIST,4,AN0,189B,0.00,0.00,1.95,1.99,AN1,C32D,2.95,0.00,1.95,1.93,AN2,8A94,2.95,5.89,1.95,4.58,AN3,0323,-0.09,6.04,1.95,4.56,POS,1.39,1.28,1.51,88
DIST,4,AN0,189B,0.00,0.00,1.95,2.01,AN1,C32D,2.95,0.00,1.95,1.94,AN2,8A94,2.95,5.89,1.95,4.46,AN3,0323,-0.09,6.04,1.95,4.59,POS,1.39,1.32,1.44,76
DIST,4,AN0,189B,0.00,0.00,1.95,2.00,AN1,C32D,2.95,0.00,1.95,1.93,AN2,8A94,2.95,5.89,1.95,4.50,AN3,0323,-0.09,6.04,1.95,4.60,POS,1.39,1.35,1.39,76
DIST,4,AN0,189B,0.00,0.00,1.95,1.98,AN1,C32D,2.95,0.00,1.95,1.94,AN2,8A94,2.95,5.89,1.95,4.57,AN3,0323,-0.09,6.04,1.95,4.62,POS,1.37,1.35,1.36,74
DIST,4,AN0,189B,0.00,0.00,1.95,1.99,AN1,C32D,2.95,0.00,1.95,1.95,AN2,8A94,2.95,5.89,1.95,4.58,AN3,0323,-0.09,6.04,1.95,4.61,POS,1.40,1.39,1.40,84
DIST,4,AN0,189B,0.00,0.00,1.95,1.98,AN1,C32D,2.95,0.00,1.95,1.92,AN2,8A94,2.95,5.89,1.95,4.49,AN3,0323,-0.09,6.04,1.95,4.63,POS,1.43,1.42,1.43,85
DIST,4,AN0,189B,0.00,0.00,1.95,2.02,AN1,C32D,2.95,0.00,1.95,1.92,AN2,8A94,2.95,5.89,1.95,4.52,AN3,0323,-0.09,6.04,1.95,4.57,POS,1.46,1.46,1.50,88
DIST,4,AN0,189B,0.00,0.00,1.95,2.04,AN1,C32D,2.95,0.00,1.95,1.96,AN2,8A94,2.95,5.89,1.95,4.47,AN3,0323,-0.09,6.04,1.95,4.54,POS,1.43,1.45,1.46,78
DIST,4,AN0,189B,0.00,0.00,1.95,2.07,AN1,C32D,2.95,0.00,1.95,1.95,AN2,8A94,2.95,5.89,1.95,4.50,AN3,0323,-0.09,6.04,1.95,4.49,POS,1.46,1.49,1.39,78
DIST,4,AN0,189B,0.00,0.00,1.95,2.07,AN1,C32D,2.95,0.00,1.95,1.95,AN2,8A94,2.95,5.89,1.95,4.60,AN3,0323,-0.09,6.04,1.95,4.60,POS,1.49,1.51,1.40,83
DIST,4,AN0,C32D,2.95,0.00,1.95,1.93,AN1,189B,0.00,0.00,1.95,2.07,AN2,8A94,2.95,5.89,1.95,4.47,AN3,0323,-0.09,6.04,1.95,4.52,POS,1.51,1.53,1.35,77
DIST,4,AN0,C32D,2.95,0.00,1.95,1.91,AN1,189B,0.00,0.00,1.95,2.07,AN2,8A94,2.95,5.89,1.95,4.54,AN3,0323,-0.09,6.04,1.95,4.47,POS,1.53,1.55,1.34,80
DIST,4,AN0,C32D,2.95,0.00,1.95,2.00,AN1,189B,0.00,0.00,1.95,2.04,AN2,8A94,2.95,5.89,1.95,4.50,AN3,0323,-0.09,6.04,1.95,4.47,POS,1.53,1.58,1.44,90
DIST,4,AN0,C32D,2.95,0.00,1.95,1.92,AN1,189B,0.00,0.00,1.95,2.06,AN2,8A94,2.95,5.89,1.95,4.51,AN3,0323,-0.09,6.04,1.95,4.59,POS,1.54,1.58,1.48,85
DIST,4,AN0,C32D,2.95,0.00,1.95,2.01,AN1,189B,0.00,0.00,1.95,2.10,AN2,8A94,2.95,5.89,1.95,4.46,AN3,0323,-0.09,6.04,1.95,4.48,POS,1.54,1.60,1.51,88
DIST,4,AN0,C32D,2.95,0.00,1.95,1.95,AN1,189B,0.00,0.00,1.95,2.06,AN2,8A94,2.95,5.89,1.95,4.49,AN3,0323,-0.09,6.04,1.95,4.48,POS,1.54,1.60,1.43,79
DIST,4,AN0,C32D,2.95,0.00,1.95,2.01,AN1,189B,0.00,0.00,1.95,2.06,AN2,8A94,2.95,5.89,1.95,4.50,AN3,0323,-0.09,6.04,1.95,4.47,POS,1.54,1.62,1.50,90
DIST,4,AN0,C32D,2.95,0.00,1.95,2.00,AN1,189B,0.00,0.00,1.95,2.08,AN2,8A94,2.95,5.89,1.95,4.41,AN3,0323,-0.09,6.04,1.95,4.53,POS,1.50,1.60,1.60,89
DIST,4,AN0,C32D,2.95,0.00,1.95,1.98,AN1,189B,0.00,0.00,1.95,2.04,AN2,8A94,2.95,5.89,1.95,4.50,AN3,0323,-0.09,6.04,1.95,4.51,POS,1.51,1.61,1.62,89
DIST,4,AN0,C32D,2.95,0.00,1.95,1.92,AN1,189B,0.00,0.00,1.95,2.04,AN2,8A94,2.95,5.89,1.95,4.52,AN3,0323,-0.09,6.04,1.95,4.55,POS,1.52,1.60,1.65,88
DIST,4,AN0,C32D,2.95,0.00,1.95,1.93,AN1,189B,0.00,0.00,1.95,2.04,AN2,8A94,2.95,5.89,1.95,4.53,AN3,0323,-0.09,6.04,1.95,4.55,POS,1.53,1.60,1.67,88
DIST,4,AN0,C32D,2.95,0.00,1.95,1.93,AN1,189B,0.00,0.00,1.95,2.00,AN2,8A94,2.95,5.89,1.95,4.53,AN3,0323,-0.09,6.04,1.95,4.56,POS,1.53,1.59,1.68,88
DIST,4,AN0,C32D,2.95,0.00,1.95,1.96,AN1,189B,0.00,0.00,1.95,1.99,AN2,8A94,2.95,5.89,1.95,4.56,AN3,0323,-0.09,6.04,1.95,4.51,POS,1.52,1.58,1.56,79
DIST,4,AN0,C32D,2.95,0.00,1.95,1.98,AN1,189B,0.00,0.00,1.95,1.99,AN2,8A94,2.95,5.89,1.95,4.55,AN3,0323,-0.09,6.04,1.95,4.59,POS,1.46,1.54,1.50,74
DIST,4,AN0,189B,0.00,0.00,1.95,1.99,AN1,C32D,2.95,0.00,1.95,1.86,AN2,8A94,2.95,5.89,1.95,4.53,AN3,0323,-0.09,6.04,1.95,4.56,POS,1.48,1.53,1.44,79
DIST,4,AN0,C32D,2.95,0.00,1.95,1.99,AN1,189B,0.00,0.00,1.95,1.93,AN2,8A94,2.95,5.89,1.95,4.53,AN3,0323,-0.09,6.04,1.95,4.62,POS,1.47,1.52,1.44,83
DIST,4,AN0,189B,0.00,0.00,1.95,1.96,AN1,C32D,2.95,0.00,1.95,1.95,AN2,8A94,2.95,5.89,1.95,4.54,AN3,0323,-0.09,6.04,1.95,4.57,POS,1.41,1.49,1.45,77
DIST,4,AN0,189B,0.00,0.00,1.95,1.96,AN1,C32D,2.95,0.00,1.95,1.84,AN2,8A94,2.95,5.89,1.95,4.61,AN3,0323,-0.09,6.04,1.95,4.61,POS,1.45,1.48,1.40,77
DIST,4,AN0,189B,0.00,0.00,1.95,1.94,AN1,C32D,2.95,0.00,1.95,1.97,AN2,8A94,2.95,5.89,1.95,4.51,AN3,0323,-0.09,6.04,1.95,4.67,POS,1.45,1.48,1.39,82
DIST,4,AN0,189B,0.00,0.00,1.95,1.98,AN1,C32D,2.95,0.00,1.95,1.88,AN2,8A94,2.95,5.89,1.95,4.54,AN3,0323,-0.09,6.04,1.95,4.59,POS,1.41,1.45,1.44,80
DIST,4,AN0,189B,0.00,0.00,1.95,1.99,AN1,C32D,2.95,0.00,1.95,1.93,AN2,8A94,2.95,5.89,1.95,4.53,AN3,0323,-0.09,6.04,1.95,4.62,POS,1.40,1.43,1.39,75
DIST,4,AN0,189B,0.00,0.00,1.95,1.95,AN1,C32D,2.95,0.00,1.95,1.96,AN2,8A94,2.95,5.89,1.95,4.55,AN3,0323,-0.09,6.04,1.95,4.59,POS,1.36,1.42,1.38,75
DIST,4,AN0,189B,0.00,0.00,1.95,1.97,AN1,C32D,2.95,0.00,1.95,1.96,AN2,8A94,2.95,5.89,1.95,4.56,AN3,0323,-0.09,6.04,1.95,4.52,POS,1.39,1.45,1.34,79
DIST,4,AN0,189B,0.00,0.00,1.95,1.98,AN1,C32D,2.95,0.00,1.95,2.04,AN2,8A94,2.95,5.89,1.95,4.54,AN3,0323,-0.09,6.04,1.95,4.51,POS,1.40,1.49,1.40,87
DIST,4,AN0,189B,0.00,0.00,1.95,1.98,AN1,C32D,2.95,0.00,1.95,2.09,AN2,8A94,2.95,5.89,1.95,4.47,AN3,0323,-0.09,6.04,1.95,4.52,POS,1.40,1.51,1.40,84
DIST,4,AN0,189B,0.00,0.00,1.95,2.14,AN1,C32D,2.95,0.00,1.95,2.22,AN2,8A94,2.95,5.89,1.95,4.28,AN3,0323,-0.09,6.04,1.95,4.34,POS,1.38,1.57,1.44,87
DIST,4,AN0,189B,0.00,0.00,1.95,2.24,AN1,C32D,2.95,0.00,1.95,2.25,AN2,8A94,2.95,5.89,1.95,4.24,AN3,0323,-0.09,6.04,1.95,4.22,POS,1.40,1.66,1.49,93
DIST,4,AN0,189B,0.00,0.00,1.95,2.32,AN1,C32D,2.95,0.00,1.95,2.26,AN2,8A94,2.95,5.89,1.95,4.16,AN3,0323,-0.09,6.04,1.95,4.14,POS,1.43,1.74,1.41,83
DIST,4,AN0,189B,0.00,0.00,1.95,2.33,AN1,C32D,2.95,0.00,1.95,2.33,AN2,8A94,2.95,5.89,1.95,4.09,AN3,0323,-0.09,6.04,1.95,4.09,POS,1.38,1.78,1.39,84
DIST,4,AN0,189B,0.00,0.00,1.95,2.33,AN1,C32D,2.95,0.00,1.95,2.38,AN2,8A94,2.95,5.89,1.95,4.11,AN3,0323,-0.09,6.04,1.95,4.12,POS,1.35,1.82,1.48,91
DIST,4,AN0,189B,0.00,0.00,1.95,2.32,AN1,C32D,2.95,0.00,1.95,2.30,AN2,8A94,2.95,5.89,1.95,4.17,AN3,0323,-0.09,6.04,1.95,4.12,POS,1.39,1.87,1.55,95
DIST,4,AN0,189B,0.00,0.00,1.95,2.29,AN1,C32D,2.95,0.00,1.95,2.33,AN2,8A94,2.95,5.89,1.95,4.14,AN3,0323,-0.09,6.04,1.95,4.12,POS,1.34,1.87,1.49,82
DIST,3,AN0,189B,0.00,0.00,1.95,2.26,AN1,C32D,2.95,0.00,1.95,2.31,AN2,0323,-0.09,6.04,1.95,4.07,POS,1.36,1.90,1.43,86
DIST,4,AN0,189B,0.00,0.00,1.95,2.30,AN1,C32D,2.95,0.00,1.95,2.24,AN2,8A94,2.95,5.89,1.95,4.14,AN3,0323,-0.09,6.04,1.95,4.12,POS,1.40,1.92,1.39,86
DIST,4,AN0,189B,0.00,0.00,1.95,2.30,AN1,C32D,2.95,0.00,1.95,2.29,AN2,8A94,2.95,5.89,1.95,4.15,AN3,0323,-0.09,6.04,1.95,4.12,POS,1.42,1.94,1.33,84
DIST,4,AN0,189B,0.00,0.00,1.95,2.29,AN1,C32D,2.95,0.00,1.95,2.36,AN2,8A94,2.95,5.89,1.95,4.15,AN3,0323,-0.09,6.04,1.95,4.18,POS,1.39,1.93,1.39,89
DIST,4,AN0,189B,0.00,0.00,1.95,2.31,AN1,C32D,2.95,0.00,1.95,2.37,AN2,8A94,2.95,5.89,1.95,4.15,AN3,0323,-0.09,6.04,1.95,4.08,POS,1.40,1.96,1.46,94
DIST,4,AN0,189B,0.00,0.00,1.95,2.28,AN1,C32D,2.95,0.00,1.95,2.30,AN2,8A94,2.95,5.89,1.95,4.12,AN3,0323,-0.09,6.04,1.95,4.22,POS,1.40,1.94,1.48,90
DIST,4,AN0,189B,0.00,0.00,1.95,2.30,AN1,C32D,2.95,0.00,1.95,2.33,AN2,8A94,2.95,5.89,1.95,4.14,AN3,0323,-0.09,6.04,1.95,4.21,POS,1.38,1.93,1.48,89
DIST,4,AN0,189B,0.00,0.00,1.95,2.32,AN1,C32D,2.95,0.00,1.95,2.36,AN2,8A94,2.95,5.89,1.95,4.13,AN3,0323,-0.09,6.04,1.95,4.19,POS,1.37,1.92,1.48,88
DIST,4,AN0,189B,0.00,0.00,1.95,2.26,AN1,C32D,2.95,0.00,1.95,2.30,AN2,8A94,2.95,5.89,1.95,4.15,AN3,0323,-0.09,6.04,1.95,4.14,POS,1.33,1.90,1.45,83
DIST,4,AN0,189B,0.00,0.00,1.95,2.27,AN1,C32D,2.95,0.00,1.95,2.39,AN2,8A94,2.95,5.89,1.95,4.06,AN3,0323,-0.09,6.04,1.95,4.17,POS,1.34,1.92,1.44,89
DIST,4,AN0,189B,0.00,0.00,1.95,2.30,AN1,C32D,2.95,0.00,1.95,2.30,AN2,8A94,2.95,5.89,1.95,4.19,AN3,0323,-0.09,6.04,1.95,4.17,POS,1.38,1.93,1.47,93
DIST,4,AN0,189B,0.00,0.00,1.95,2.30,AN1,C32D,2.95,0.00,1.95,2.30,AN2,8A94,2.95,5.89,1.95,4.10,AN3,0323,-0.09,6.04,1.95,4.10,POS,1.40,1.95,1.40,84
DIST,4,AN0,189B,0.00,0.00,1.95,2.28,AN1,C32D,2.95,0.00,1.95,2.30,AN2,8A94,2.95,5.89,1.95,4.11,AN3,0323,-0.09,6.04,1.95,4.16,POS,1.38,1.93,1.35,82
DIST,4,AN0,189B,0.00,0.00,1.95,2.29,AN1,C32D,2.95,0.00,1.95,2.26,AN2,8A94,2.95,5.89,1.95,4.18,AN3,0323,-0.09,6.04,1.95,4.19,POS,1.34,1.90,1.34,82
DIST,4,AN0,189B,0.00,0.00,1.95,2.30,AN1,C32D,2.95,0.00,1.95,2.29,AN2,8A94,2.95,5.89,1.95,4.14,AN3,0323,-0.09,6.04,1.95,4.14,POS,1.31,1.88,1.35,84
DIST,4,AN0,189B,0.00,0.00,1.95,2.33,AN1,C32D,2.95,0.00,1.95,2.26,AN2,8A94,2.95,5.89,1.95,4.19,AN3,0323,-0.09,6.04,1.95,4.18,POS,1.37,1.91,1.42,93
DIST,4,AN0,189B,0.00,0.00,1.95,2.30,AN1,C32D,2.95,0.00,1.95,2.32,AN2,8A94,2.95,5.89,1.95,4.16,AN3,0323,-0.09,6.04,1.95,4.15,POS,1.33,1.89,1.38,81
DIST,4,AN0,189B,0.00,0.00,1.95,2.31,AN1,C32D,2.95,0.00,1.95,2.27,AN2,8A94,2.95,5.89,1.95,4.17,AN3,0323,-0.09,6.04,1.95,4.14,POS,1.38,1.91,1.33,83
DIST,4,AN0,189B,0.00,0.00,1.95,2.32,AN1,C32D,2.95,0.00,1.95,2.29,AN2,8A94,2.95,5.89,1.95,4.12,AN3,0323,-0.09,6.04,1.95,4.17,POS,1.41,1.93,1.38,92
DIST,4,AN0,189B,0.00,0.00,1.95,2.35,AN1,C32D,2.95,0.00,1.95,2.30,AN2,8A94,2.95,5.89,1.95,4.21,AN3,0323,-0.09,6.04,1.95,4.20,POS,1.44,1.94,1.39,90
DIST,4,AN0,189B,0.00,0.00,1.95,2.33,AN1,C32D,2.95,0.00,1.95,2.26,AN2,8A94,2.95,5.89,1.95,4.11,AN3,0323,-0.09,6.04,1.95,4.18,POS,1.41,1.92,1.36,83
DIST,4,AN0,189B,0.00,0.00,1.95,2.34,AN1,C32D,2.95,0.00,1.95,2.37,AN2,8A94,2.95,5.89,1.95,4.17,AN3,0323,-0.09,6.04,1.95,4.21,POS,1.38,1.91,1.38,87
DIST,4,AN0,189B,0.00,0.00,1.95,2.32,AN1,C32D,2.95,0.00,1.95,2.26,AN2,8A94,2.95,5.89,1.95,4.18,AN3,0323,-0.09,6.04,1.95,4.17,POS,1.41,1.93,1.45,93
DIST,4,AN0,189B,0.00,0.00,1.95,2.31,AN1,C32D,2.95,0.00,1.95,2.30,AN2,8A94,2.95,5.89,1.95,4.17,AN3,0323,-0.09,6.04,1.95,4.12,POS,1.43,1.95,1.53,95
DIST,4,AN0,189B,0.00,0.00,1.95,2.28,AN1,C32D,2.95,0.00,1.95,2.37,AN2,8A94,2.95,5.89,1.95,4.16,AN3,0323,-0.09,6.04,1.95,4.16,POS,1.38,1.94,1.57,89
DIST,4,AN0,189B,0.00,0.00,1.95,2.28,AN1,C32D,2.95,0.00,1.95,2.32,AN2,8A94,2.95,5.89,1.95,4.12,AN3,0323,-0.09,6.04,1.95,4.12,POS,1.34,1.92,1.50,83
DIST,4,AN0,189B,0.00,0.00,1.95,2.27,AN1,C32D,2.95,0.00,1.95,2.32,AN2,8A94,2.95,5.89,1.95,4.18,AN3,0323,-0.09,6.04,1.95,4.15,POS,1.30,1.90,1.45,81
DIST,4,AN0,189B,0.00,0.00,1.95,2.27,AN1,C32D,2.95,0.00,1.95,2.38,AN2,8A94,2.95,5.89,1.95,4.17,AN3,0323,-0.09,6.04,1.95,4.14,POS,1.32,1.92,1.45,90
DIST,4,AN0,189B,0.00,0.00,1.95,2.27,AN1,C32D,2.95,0.00,1.95,2.23,AN2,8A94,2.95,5.89,1.95,4.21,AN3,0323,-0.09,6.04,1.95,4.10,POS,1.37,1.94,1.42,88
DIST,4,AN0,189B,0.00,0.00,1.95,2.29,AN1,C32D,2.95,0.00,1.95,2.29,AN2,8A94,2.95,5.89,1.95,4.16,AN3,0323,-0.09,6.04,1.95,4.15,POS,1.39,1.95,1.50,95
DIST,4,AN0,189B,0.00,0.00,1.95,2.30,AN1,C32D,2.95,0.00,1.95,2.29,AN2,8A94,2.95,5.89,1.95,4.14,AN3,0323,-0.09,6.04,1.95,4.13,POS,1.42,1.96,1.42,84
DIST,4,AN0,189B,0.00,0.00,1.95,2.34,AN1,C32D,2.95,0.00,1.95,2.35,AN2,8A94,2.95,5.89,1.95,4.18,AN3,0323,-0.09,6.04,1.95,4.09,POS,1.43,1.98,1.47,94
DIST,4,AN0,189B,0.00,0.00,1.95,2.34,AN1,C32D,2.95,0.00,1.95,2.37,AN2,8A94,2.95,5.89,1.95,4.14,AN3,0323,-0.09,6.04,1.95,4.16,POS,1.39,1.96,1.51,89
DIST,4,AN0,189B,0.00,0.00,1.95,2.36,AN1,C32D,2.95,0.00,1.95,2.34,AN2,8A94,2.95,5.89,1.95,4.08,AN3,0323,-0.09,6.04,1.95,4.16,POS,1.37,1.95,1.54,91
DIST,4,AN0,189B,0.00,0.00,1.95,2.37,AN1,C32D,2.95,0.00,1.95,2.30,AN2,8A94,2.95,5.89,1.95,4.16,AN3,0323,-0.09,6.04,1.95,4.10,POS,1.41,1.98,1.63,95
DIST,4,AN0,189B,0.00,0.00,1.95,2.38,AN1,C32D,2.95,0.00,1.95,2.32,AN2,8A94,2.95,5.89,1.95,4.13,AN3,0323,-0.09,6.04,1.95,4.23,POS,1.41,1.96,1.58,88
DIST,4,AN0,189B,0.00,0.00,1.95,2.37,AN1,C32D,2.95,0.00,1.95,2.32,AN2,8A94,2.95,5.89,1.95,4.16,AN3,0323,-0.09,6.04,1.95,4.15,POS,1.43,1.97,1.56,92
DIST,4,AN0,189B,0.00,0.00,1.95,2.37,AN1,C32D,2.95,0.00,1.95,2.29,AN2,8A94,2.95,5.89,1.95,4.13,AN3,0323,-0.09,6.04,1.95,4.18,POS,1.40,1.94,1.47,81
DIST,4,AN0,189B,0.00,0.00,1.95,2.36,AN1,C32D,2.95,0.00,1.95,2.26,AN2,8A94,2.95,5.89,1.95,4.09,AN3,0323,-0.09,6.04,1.95,4.12,POS,1.44,1.96,1.40,84
DIST,4,AN0,189B,0.00,0.00,1.95,2.38,AN1,C32D,2.95,0.00,1.95,2.30,AN2,8A94,2.95,5.89,1.95,4.15,AN3,0323,-0.09,6.04,1.95,4.16,POS,1.46,1.97,1.43,91
DIST,4,AN0,189B,0.00,0.00,1.95,2.35,AN1,C32D,2.95,0.00,1.95,2.25,AN2,8A94,2.95,5.89,1.95,4.07,AN3,0323,-0.09,6.04,1.95,4.14,POS,1.43,1.95,1.41,86
DIST,4,AN0,189B,0.00,0.00,1.95,2.36,AN1,C32D,2.95,0.00,1.95,2.28,AN2,8A94,2.95,5.89,1.95,4.05,AN3,0323,-0.09,6.04,1.95,4.17,POS,1.43,1.95,1.51,94
DIST,4,AN0,189B,0.00,0.00,1.95,2.34,AN1,C32D,2.95,0.00,1.95,2.26,AN2,8A94,2.95,5.89,1.95,4.04,AN3,0323,-0.09,6.04,1.95,4.22,POS,1.45,1.94,1.52,91
DIST,4,AN0,189B,0.00,0.00,1.95,2.37,AN1,C32D,2.95,0.00,1.95,2.27,AN2,8A94,2.95,5.89,1.95,4.12,AN3,0323,-0.09,6.04,1.95,4.19,POS,1.42,1.92,1.44,82
DIST,4,AN0,189B,0.00,0.00,1.95,2.38,AN1,C32D,2.95,0.00,1.95,2.30,AN2,8A94,2.95,5.89,1.95,4.07,AN3,0323,-0.09,6.04,1.95,4.16,POS,1.41,1.92,1.54,93
DIST,4,AN0,189B,0.00,0.00,1.95,2.37,AN1,C32D,2.95,0.00,1.95,2.28,AN2,8A94,2.95,5.89,1.95,4.08,AN3,0323,-0.09,6.04,1.95,4.17,POS,1.44,1.94,1.54,91
DIST,4,AN0,189B,0.00,0.00,1.95,2.36,AN1,C32D,2.95,0.00,1.95,2.29,AN2,8A94,2.95,5.89,1.95,4.05,AN3,0323,-0.09,6.04,1.95,4.11,POS,1.41,1.93,1.48,85
DIST,4,AN0,189B,0.00,0.00,1.95,2.36,AN1,C32D,2.95,0.00,1.95,2.30,AN2,8A94,2.95,5.89,1.95,4.13,AN3,0323,-0.09,6.04,1.95,4.20,POS,1.39,1.92,1.54,91
DIST,4,AN0,189B,0.00,0.00,1.95,2.41,AN1,C32D,2.95,0.00,1.95,2.34,AN2,8A94,2.95,5.89,1.95,4.06,AN3,0323,-0.09,6.04,1.95,4.07,POS,1.43,1.96,1.58,95
DIST,4,AN0,189B,0.00,0.00,1.95,2.42,AN1,C32D,2.95,0.00,1.95,2.35,AN2,8A94,2.95,5.89,1.95,4.12,AN3,0323,-0.09,6.04,1.95,4.13,POS,1.45,1.99,1.55,91
DIST,4,AN0,189B,0.00,0.00,1.95,2.39,AN1,C32D,2.95,0.00,1.95,2.29,AN2,8A94,2.95,5.89,1.95,4.08,AN3,0323,-0.09,6.04,1.95,4.16,POS,1.48,2.00,1.55,91
DIST,4,AN0,C32D,2.95,0.00,1.95,2.32,AN1,189B,0.00,0.00,1.95,2.41,AN2,8A94,2.95,5.89,1.95,4.06,AN3,0323,-0.09,6.04,1.95,4.10,POS,1.43,1.98,1.48,84
DIST,4,AN0,189B,0.00,0.00,1.95,2.44,AN1,C32D,2.95,0.00,1.95,2.34,AN2,8A94,2.95,5.89,1.95,4.03,AN3,0323,-0.09,6.04,1.95,4.08,POS,1.40,1.97,1.43,84
DIST,4,AN0,189B,0.00,0.00,1.95,2.44,AN1,C32D,2.95,0.00,1.95,2.34,AN2,8A94,2.95,5.89,1.95,4.00,AN3,0323,-0.09,6.04,1.95,4.08,POS,1.44,2.00,1.48,94
DIST,4,AN0,189B,0.00,0.00,1.95,2.44,AN1,C32D,2.95,0.00,1.95,2.32,AN2,8A94,2.95,5.89,1.95,4.06,AN3,0323,-0.09,6.04,1.95,4.03,POS,1.48,2.03,1.42,86
DIST,4,AN0,C32D,2.95,0.00,1.95,2.34,AN1,189B,0.00,0.00,1.95,2.37,AN2,8A94,2.95,5.89,1.95,4.01,AN3,0323,-0.09,6.04,1.95,4.05,POS,1.43,2.01,1.40,86
DIST,4,AN0,189B,0.00,0.00,1.95,2.41,AN1,C32D,2.95,0.00,1.95,2.35,AN2,8A94,2.95,5.89,1.95,4.01,AN3,0323,-0.09,6.04,1.95,4.11,POS,1.42,2.01,1.49,94
DIST,4,AN0,189B,0.00,0.00,1.95,2.38,AN1,C32D,2.95,0.00,1.95,2.37,AN2,8A94,2.95,5.89,1.95,4.01,AN3,0323,-0.09,6.04,1.95,4.09,POS,1.40,2.01,1.54,93
DIST,4,AN0,189B,0.00,0.00,1.95,2.42,AN1,C32D,2.95,0.00,1.95,2.34,AN2,8A94,2.95,5.89,1.95,4.09,AN3,0323,-0.09,6.04,1.95,4.07,POS,1.44,2.03,1.59,95
DIST,4,AN0,189B,0.00,0.00,1.95,2.41,AN1,C32D,2.95,0.00,1.95,2.37,AN2,8A94,2.95,5.89,1.95,4.08,AN3,0323,-0.09,6.04,1.95,4.07,POS,1.45,2.05,1.59,94
DIST,4,AN0,189B,0.00,0.00,1.95,2.38,AN1,C32D,2.95,0.00,1.95,2.37,AN2,8A94,2.95,5.89,1.95,4.04,AN3,0323,-0.09,6.04,1.95,4.15,POS,1.45,2.03,1.56,91
DIST,4,AN0,189B,0.00,0.00,1.95,2.44,AN1,C32D,2.95,0.00,1.95,2.36,AN2,8A94,2.95,5.89,1.95,4.10,AN3,0323,-0.09,6.04,1.95,4.07,POS,1.47,2.05,1.56,93
DIST,4,AN0,189B,0.00,0.00,1.95,2.43,AN1,C32D,2.95,0.00,1.95,2.35,AN2,8A94,2.95,5.89,1.95,4.07,AN3,0323,-0.09,6.04,1.95,4.18,POS,1.45,2.03,1.53,89
DIST,4,AN0,189B,0.00,0.00,1.95,2.42,AN1,C32D,2.95,0.00,1.95,2.35,AN2,8A94,2.95,5.89,1.95,4.08,AN3,0323,-0.09,6.04,1.95,4.09,POS,1.47,2.04,1.54,93
DIST,4,AN0,189B,0.00,0.00,1.95,2.41,AN1,C32D,2.95,0.00,1.95,2.36,AN2,8A94,2.95,5.89,1.95,4.04,AN3,0323,-0.09,6.04,1.95,4.04,POS,1.49,2.06,1.60,96
DIST,4,AN0,C32D,2.95,0.00,1.95,2.33,AN1,189B,0.00,0.00,1.95,2.34,AN2,8A94,2.95,5.89,1.95,4.06,AN3,0323,-0.09,6.04,1.95,4.11,POS,1.44,2.03,1.51,83
DIST,4,AN0,189B,0.00,0.00,1.95,2.35,AN1,C32D,2.95,0.00,1.95,2.35,AN2,8A94,2.95,5.89,1.95,4.09,AN3,0323,-0.09,6.04,1.95,4.02,POS,1.45,2.04,1.44,87
DIST,4,AN0,189B,0.00,0.00,1.95,2.37,AN1,C32D,2.95,0.00,1.95,2.49,AN2,8A94,2.95,5.89,1.95,4.07,AN3,0323,-0.09,6.04,1.95,3.91,POS,1.43,2.07,1.38,85
DIST,4,AN0,189B,0.00,0.00,1.95,2.48,AN1,C32D,2.95,0.00,1.95,2.54,AN2,8A94,2.95,5.89,1.95,3.93,AN3,0323,-0.09,6.04,1.95,3.89,POS,1.43,2.12,1.44,96
DIST,4,AN0,189B,0.00,0.00,1.95,2.60,AN1,C32D,2.95,0.00,1.95,2.65,AN2,8A94,2.95,5.89,1.95,3.87,AN3,0323,-0.09,6.04,1.95,3.76,POS,1.43,2.18,1.51,97
DIST,4,AN0,189B,0.00,0.00,1.95,2.69,AN1,C32D,2.95,0.00,1.95,2.74,AN2,8A94,2.95,5.89,1.95,3.64,AN3,0323,-0.09,6.04,1.95,3.72,POS,1.42,2.25,1.51,94
DIST,4,AN0,189B,0.00,0.00,1.95,2.74,AN1,C32D,2.95,0.00,1.95,2.80,AN2,8A94,2.95,5.89,1.95,3.61,AN3,0323,-0.09,6.04,1.95,3.66,POS,1.41,2.30,1.50,94
DIST,4,AN0,189B,0.00,0.00,1.95,2.74,AN1,C32D,2.95,0.00,1.95,2.74,AN2,8A94,2.95,5.89,1.95,3.65,AN3,0323,-0.09,6.04,1.95,3.74,POS,1.41,2.33,1.48,93
DIST,4,AN0,189B,0.00,0.00,1.95,2.75,AN1,C32D,2.95,0.00,1.95,2.77,AN2,8A94,2.95,5.89,1.95,3.64,AN3,0323,-0.09,6.04,1.95,3.75,POS,1.41,2.36,1.44,91
DIST,4,AN0,189B,0.00,0.00,1.95,2.74,AN1,C32D,2.95,0.00,1.95,2.75,AN2,8A94,2.95,5.89,1.95,3.64,AN3,0323,-0.09,6.04,1.95,3.69,POS,1.39,2.38,1.47,95
DIST,4,AN0,189B,0.00,0.00,1.95,2.75,AN1,C32D,2.95,0.00,1.95,2.71,AN2,8A94,2.95,5.89,1.95,3.67,AN3,0323,-0.09,6.04,1.95,3.71,POS,1.37,2.38,1.54,96
DIST,4,AN0,189B,0.00,0.00,1.95,2.74,AN1,C32D,2.95,0.00,1.95,2.76,AN2,8A94,2.95,5.89,1.95,3.59,AN3,0323,-0.09,6.04,1.95,3.73,POS,1.39,2.40,1.49,92
DIST,4,AN0,189B,0.00,0.00,1.95,2.77,AN1,C32D,2.95,0.00,1.95,2.75,AN2,8A94,2.95,5.89,1.95,3.59,AN3,0323,-0.09,6.04,1.95,3.64,POS,1.37,2.41,1.41,87
DIST,4,AN0,189B,0.00,0.00,1.95,2.79,AN1,C32D,2.95,0.00,1.95,2.80,AN2,8A94,2.95,5.89,1.95,3.59,AN3,0323,-0.09,6.04,1.95,3.70,POS,1.38,2.43,1.39,92
DIST,4,AN0,189B,0.00,0.00,1.95,2.78,AN1,C32D,2.95,0.00,1.95,2.77,AN2,8A94,2.95,5.89,1.95,3.63,AN3,0323,-0.09,6.04,1.95,3.74,POS,1.40,2.44,1.37,91
DIST,4,AN0,189B,0.00,0.00,1.95,2.79,AN1,C32D,2.95,0.00,1.95,2.76,AN2,8A94,2.95,5.89,1.95,3.62,AN3,0323,-0.09,6.04,1.95,3.69,POS,1.39,2.44,1.41,94
DIST,4,AN0,189B,0.00,0.00,1.95,2.78,AN1,C32D,2.95,0.00,1.95,2.74,AN2,8A94,2.95,5.89,1.95,3.61,AN3,0323,-0.09,6.04,1.95,3.70,POS,1.38,2.44,1.44,95
DIST,4,AN0,189B,0.00,0.00,1.95,2.79,AN1,C32D,2.95,0.00,1.95,2.74,AN2,8A94,2.95,5.89,1.95,3.62,AN3,0323,-0.09,6.04,1.95,3.73,POS,1.39,2.44,1.44,93
DIST,4,AN0,189B,0.00,0.00,1.95,2.82,AN1,C32D,2.95,0.00,1.95,2.77,AN2,8A94,2.95,5.89,1.95,3.60,AN3,0323,-0.09,6.04,1.95,3.72,POS,1.41,2.45,1.42,92
DIST,4,AN0,189B,0.00,0.00,1.95,2.82,AN1,C32D,2.95,0.00,1.95,2.73,AN2,8A94,2.95,5.89,1.95,3.60,AN3,0323,-0.09,6.04,1.95,3.74,POS,1.43,2.45,1.41,93
DIST,4,AN0,189B,0.00,0.00,1.95,2.77,AN1,C32D,2.95,0.00,1.95,2.73,AN2,8A94,2.95,5.89,1.95,3.60,AN3,0323,-0.09,6.04,1.95,3.74,POS,1.44,2.45,1.41,93
DIST,4,AN0,189B,0.00,0.00,1.95,2.80,AN1,C32D,2.95,0.00,1.95,2.79,AN2,8A94,2.95,5.89,1.95,3.62,AN3,0323,-0.09,6.04,1.95,3.72,POS,1.44,2.45,1.38,91
DIST,4,AN0,189B,0.00,0.00,1.95,2.81,AN1,C32D,2.95,0.00,1.95,2.70,AN2,8A94,2.95,5.89,1.95,3.60,AN3,0323,-0.09,6.04,1.95,3.67,POS,1.48,2.48,1.48,98
DIST,4,AN0,C32D,2.95,0.00,1.95,2.73,AN1,189B,0.00,0.00,1.95,2.83,AN2,8A94,2.95,5.89,1.95,3.56,AN3,0323,-0.09,6.04,1.95,3.74,POS,1.49,2.48,1.46,92
DIST,4,AN0,C32D,2.95,0.00,1.95,2.71,AN1,189B,0.00,0.00,1.95,2.82,AN2,8A94,2.95,5.89,1.95,3.62,AN3,0323,-0.09,6.04,1.95,3.64,POS,1.44,2.46,1.41,88
DIST,4,AN0,189B,0.00,0.00,1.95,2.82,AN1,C32D,2.95,0.00,1.95,2.74,AN2,8A94,2.95,5.89,1.95,3.62,AN3,0323,-0.09,6.04,1.95,3.68,POS,1.42,2.45,1.47,96
DIST,4,AN0,189B,0.00,0.00,1.95,2.78,AN1,C32D,2.95,0.00,1.95,2.68,AN2,8A94,2.95,5.89,1.95,3.60,AN3,0323,-0.09,6.04,1.95,3.72,POS,1.42,2.45,1.53,97
DIST,4,AN0,189B,0.00,0.00,1.95,2.79,AN1,C32D,2.95,0.00,1.95,2.73,AN2,8A94,2.95,5.89,1.95,3.62,AN3,0323,-0.09,6.04,1.95,3.73,POS,1.41,2.44,1.51,94
DIST,4,AN0,189B,0.00,0.00,1.95,2.78,AN1,C32D,2.95,0.00,1.95,2.74,AN2,8A94,2.95,5.89,1.95,3.57,AN3,0323,-0.09,6.04,1.95,3.70,POS,1.42,2.45,1.51,95
DIST,4,AN0,189B,0.00,0.00,1.95,2.83,AN1,C32D,2.95,0.00,1.95,2.73,AN2,8A94,2.95,5.89,1.95,3.58,AN3,0323,-0.09,6.04,1.95,3.72,POS,1.42,2.45,1.51,95
DIST,4,AN0,189B,0.00,0.00,1.95,2.83,AN1,C32D,2.95,0.00,1.95,2.69,AN2,8A94,2.95,5.89,1.95,3.57,AN3,0323,-0.09,6.04,1.95,3.70,POS,1.42,2.45,1.58,98
DIST,4,AN0,189B,0.00,0.00,1.95,2.80,AN1,C32D,2.95,0.00,1.95,2.72,AN2,8A94,2.95,5.89,1.95,3.60,AN3,0323,-0.09,6.04,1.95,3.73,POS,1.44,2.45,1.55,94
DIST,4,AN0,189B,0.00,0.00,1.95,2.84,AN1,C32D,2.95,0.00,1.95,2.78,AN2,8A94,2.95,5.89,1.95,3.57,AN3,0323,-0.09,6.04,1.95,3.74,POS,1.46,2.46,1.47,90
DIST,4,AN0,189B,0.00,0.00,1.95,2.79,AN1,C32D,2.95,0.00,1.95,2.69,AN2,8A94,2.95,5.89,1.95,3.60,AN3,0323,-0.09,6.04,1.95,3.70,POS,1.49,2.48,1.52,97
DIST,4,AN0,C32D,2.95,0.00,1.95,2.69,AN1,189B,0.00,0.00,1.95,2.81,AN2,8A94,2.95,5.89,1.95,3.56,AN3,0323,-0.09,6.04,1.95,3.77,POS,1.50,2.47,1.49,92
DIST,4,AN0,C32D,2.95,0.00,1.95,2.74,AN1,189B,0.00,0.00,1.95,2.86,AN2,8A94,2.95,5.89,1.95,3.60,AN3,0323,-0.09,6.04,1.95,3.81,POS,1.52,2.47,1.41,87
DIST,4,AN0,C32D,2.95,0.00,1.95,2.74,AN1,189B,0.00,0.00,1.95,2.85,AN2,8A94,2.95,5.89,1.95,3.55,AN3,0323,-0.09,6.04,1.95,3.72,POS,1.52,2.47,1.41,93
DIST,4,AN0,C32D,2.95,0.00,1.95,2.71,AN1,189B,0.00,0.00,1.95,2.83,AN2,8A94,2.95,5.89,1.95,3.64,AN3,0323,-0.09,6.04,1.95,3.78,POS,1.50,2.46,1.40,92
DIST,4,AN0,C32D,2.95,0.00,1.95,2.69,AN1,189B,0.00,0.00,1.95,2.82,AN2,8A94,2.95,5.89,1.95,3.58,AN3,0323,-0.09,6.04,1.95,3.80,POS,1.52,2.45,1.37,90
DIST,4,AN0,C32D,2.95,0.00,1.95,2.73,AN1,189B,0.00,0.00,1.95,2.81,AN2,8A94,2.95,5.89,1.95,3.58,AN3,0323,-0.09,6.04,1.95,3.74,POS,1.52,2.45,1.37,92
DIST,4,AN0,C32D,2.95,0.00,1.95,2.74,AN1,189B,0.00,0.00,1.95,2.82,AN2,8A94,2.95,5.89,1.95,3.56,AN3,0323,-0.09,6.04,1.95,3.75,POS,1.52,2.46,1.36,91
DIST,4,AN0,C32D,2.95,0.00,1.95,2.73,AN1,189B,0.00,0.00,1.95,2.85,AN2,8A94,2.95,5.89,1.95,3.60,AN3,0323,-0.09,6.04,1.95,3.78,POS,1.53,2.46,1.34,90
DIST,4,AN0,C32D,2.95,0.00,1.95,2.72,AN1,189B,0.00,0.00,1.95,2.84,AN2,8A94,2.95,5.89,1.95,3.59,AN3,0323,-0.09,6.04,1.95,3.72,POS,1.50,2.45,1.38,95
DIST,4,AN0,C32D,2.95,0.00,1.95,2.74,AN1,189B,0.00,0.00,1.95,2.88,AN2,8A94,2.95,5.89,1.95,3.54,AN3,0323,-0.09,6.04,1.95,3.72,POS,1.50,2.46,1.39,93
DIST,4,AN0,C32D,2.95,0.00,1.95,2.74,AN1,189B,0.00,0.00,1.95,2.83,AN2,8A94,2.95,5.89,1.95,3.59,AN3,0323,-0.09,6.04,1.95,3.71,POS,1.47,2.46,1.42,95
DIST,4,AN0,189B,0.00,0.00,1.95,2.86,AN1,C32D,2.95,0.00,1.95,2.69,AN2,8A94,2.95,5.89,1.95,3.58,AN3,0323,-0.09,6.04,1.95,3.67,POS,1.45,2.45,1.37,88
DIST,4,AN0,189B,0.00,0.00,1.95,2.81,AN1,C32D,2.95,0.00,1.95,2.70,AN2,8A94,2.95,5.89,1.95,3.56,AN3,0323,-0.09,6.04,1.95,3.75,POS,1.47,2.45,1.39,93
DIST,4,AN0,189B,0.00,0.00,1.95,2.79,AN1,C32D,2.95,0.00,1.95,2.69,AN2,8A94,2.95,5.89,1.95,3.60,AN3,0323,-0.09,6.04,1.95,3.78,POS,1.48,2.45,1.39,92
DIST,4,AN0,C32D,2.95,0.00,1.95,2.70,AN1,189B,0.00,0.00,1.95,2.82,AN2,8A94,2.95,5.89,1.95,3.58,AN3,0323,-0.09,6.04,1.95,3.72,POS,1.47,2.45,1.44,96
DIST,4,AN0,189B,0.00,0.00,1.95,2.80,AN1,C32D,2.95,0.00,1.95,2.74,AN2,8A94,2.95,5.89,1.95,3.61,AN3,0323,-0.09,6.04,1.95,3.76,POS,1.48,2.45,1.41,91
DIST,4,AN0,C32D,2.95,0.00,1.95,2.68,AN1,189B,0.00,0.00,1.95,2.81,AN2,8A94,2.95,5.89,1.95,3.57,AN3,0323,-0.09,6.04,1.95,3.73,POS,1.47,2.44,1.48,97
DIST,4,AN0,189B,0.00,0.00,1.95,2.84,AN1,C32D,2.95,0.00,1.95,2.68,AN2,8A94,2.95,5.89,1.95,3.61,AN3,0323,-0.09,6.04,1.95,3.70,POS,1.51,2.47,1.52,96
DIST,4,AN0,C32D,2.95,0.00,1.95,2.74,AN1,189B,0.00,0.00,1.95,2.83,AN2,8A94,2.95,5.89,1.95,3.58,AN3,0323,-0.09,6.04,1.95,3.67,POS,1.48,2.47,1.56,96
DIST,4,AN0,C32D,2.95,0.00,1.95,2.74,AN1,189B,0.00,0.00,1.95,2.85,AN2,8A94,2.95,5.89,1.95,3.55,AN3,0323,-0.09,6.04,1.95,3.76,POS,1.50,2.47,1.49,90
DIST,4,AN0,C32D,2.95,0.00,1.95,2.71,AN1,189B,0.00,0.00,1.95,2.88,AN2,8A94,2.95,5.89,1.95,3.61,AN3,0323,-0.09,6.04,1.95,3.70,POS,1.54,2.50,1.50,95
DIST,4,AN0,C32D,2.95,0.00,1.95,2.73,AN1,189B,0.00,0.00,1.95,2.86,AN2,8A94,2.95,5.89,1.95,3.57,AN3,0323,-0.09,6.04,1.95,3.73,POS,1.52,2.49,1.49,94
DIST,4,AN0,C32D,2.95,0.00,1.95,2.71,AN1,189B,0.00,0.00,1.95,2.83,AN2,8A94,2.95,5.89,1.95,3.56,AN3,0323,-0.09,6.04,1.95,3.78,POS,1.53,2.48,1.44,90
DIST,4,AN0,C32D,2.95,0.00,1.95,2.74,AN1,189B,0.00,0.00,1.95,2.85,AN2,8A94,2.95,5.89,1.95,3.53,AN3,0323,-0.09,6.04,1.95,3.72,POS,1.53,2.49,1.44,93
DIST,4,AN0,C32D,2.95,0.00,1.95,2.73,AN1,189B,0.00,0.00,1.95,2.81,AN2,8A94,2.95,5.89,1.95,3.56,AN3,0323,-0.09,6.04,1.95,3.72,POS,1.52,2.48,1.44,94
DIST,4,AN0,C32D,2.95,0.00,1.95,2.74,AN1,189B,0.00,0.00,1.95,2.82,AN2,8A94,2.95,5.89,1.95,3.62,AN3,0323,-0.09,6.04,1.95,3.69,POS,1.48,2.47,1.49,96
DIST,4,AN0,C32D,2.95,0.00,1.95,2.73,AN1,189B,0.00,0.00,1.95,2.86,AN2,8A94,2.95,5.89,1.95,3.58,AN3,0323,-0.09,6.04,1.95,3.69,POS,1.51,2.50,1.50,95
DIST,4,AN0,C32D,2.95,0.00,1.95,2.71,AN1,189B,0.00,0.00,1.95,2.83,AN2,8A94,2.95,5.89,1.95,3.54,AN3,0323,-0.09,6.04,1.95,3.71,POS,1.50,2.49,1.52,96
DIST,4,AN0,C32D,2.95,0.00,1.95,2.74,AN1,189B,0.00,0.00,1.95,2.85,AN2,8A94,2.95,5.89,1.95,3.61,AN3,0323,-0.09,6.04,1.95,3.69,POS,1.47,2.48,1.53,95
DIST,4,AN0,189B,0.00,0.00,1.95,2.80,AN1,C32D,2.95,0.00,1.95,2.71,AN2,8A94,2.95,5.89,1.95,3.60,AN3,0323,-0.09,6.04,1.95,3.67,POS,1.49,2.50,1.57,97
DIST,3,AN0,C32D,2.95,0.00,1.95,2.75,AN1,8A94,2.95,5.89,1.95,3.56,AN2,0323,-0.09,6.04,1.95,3.66,POS,1.46,2.49,1.60,97
DIST,4,AN0,189B,0.00,0.00,1.95,2.83,AN1,C32D,2.95,0.00,1.95,2.74,AN2,8A94,2.95,5.89,1.95,3.51,AN3,0323,-0.09,6.04,1.95,3.65,POS,1.46,2.50,1.63,98
DIST,4,AN0,189B,0.00,0.00,1.95,2.83,AN1,C32D,2.95,0.00,1.95,2.72,AN2,8A94,2.95,5.89,1.95,3.54,AN3,0323,-0.09,6.04,1.95,3.69,POS,1.46,2.49,1.62,96
DIST,4,AN0,189B,0.00,0.00,1.95,2.89,AN1,C32D,2.95,0.00,1.95,2.79,AN2,8A94,2.95,5.89,1.95,3.58,AN3,0323,-0.09,6.04,1.95,3.66,POS,1.43,2.49,1.59,94
DIST,4,AN0,189B,0.00,0.00,1.95,2.79,AN1,C32D,2.95,0.00,1.95,2.83,AN2,8A94,2.95,5.89,1.95,3.63,AN3,0323,-0.09,6.04,1.95,3.58,POS,1.43,2.52,1.58,96
DIST,4,AN0,189B,0.00,0.00,1.95,2.86,AN1,C32D,2.95,0.00,1.95,2.95,AN2,8A94,2.95,5.89,1.95,3.54,AN3,0323,-0.09,6.04,1.95,3.53,POS,1.40,2.54,1.64,98
DIST,4,AN0,189B,0.00,0.00,1.95,2.97,AN1,C32D,2.95,0.00,1.95,3.07,AN2,8A94,2.95,5.89,1.95,3.44,AN3,0323,-0.09,6.04,1.95,3.38,POS,1.35,2.59,1.61,94
DIST,4,AN0,189B,0.00,0.00,1.95,3.11,AN1,C32D,2.95,0.00,1.95,3.12,AN2,8A94,2.95,5.89,1.95,3.30,AN3,0323,-0.09,6.04,1.95,3.27,POS,1.33,2.65,1.65,98
DIST,4,AN0,189B,0.00,0.00,1.95,3.15,AN1,C32D,2.95,0.00,1.95,3.22,AN2,8A94,2.95,5.89,1.95,3.20,AN3,0323,-0.09,6.04,1.95,3.26,POS,1.34,2.73,1.57,92
DIST,4,AN0,189B,0.00,0.00,1.95,3.16,AN1,C32D,2.95,0.00,1.95,3.21,AN2,8A94,2.95,5.89,1.95,3.22,AN3,0323,-0.09,6.04,1.95,3.23,POS,1.34,2.78,1.54,95
DIST,4,AN0,189B,0.00,0.00,1.95,3.19,AN1,C32D,2.95,0.00,1.95,3.13,AN2,8A94,2.95,5.89,1.95,3.19,AN3,0323,-0.09,6.04,1.95,3.24,POS,1.34,2.81,1.44,87
DIST,4,AN0,189B,0.00,0.00,1.95,3.23,AN1,C32D,2.95,0.00,1.95,3.13,AN2,8A94,2.95,5.89,1.95,3.18,AN3,0323,-0.09,6.04,1.95,3.31,POS,1.40,2.86,1.44,95
DIST,4,AN0,189B,0.00,0.00,1.95,3.25,AN1,C32D,2.95,0.00,1.95,3.11,AN2,8A94,2.95,5.89,1.95,3.17,AN3,0323,-0.09,6.04,1.95,3.23,POS,1.46,2.91,1.38,89
DIST,4,AN0,189B,0.00,0.00,1.95,3.23,AN1,C32D,2.95,0.00,1.95,3.13,AN2,8A94,2.95,5.89,1.95,3.13,AN3,0323,-0.09,6.04,1.95,3.26,POS,1.49,2.94,1.45,98
DIST,4,AN0,C32D,2.95,0.00,1.95,3.14,AN1,189B,0.00,0.00,1.95,3.26,AN2,8A94,2.95,5.89,1.95,3.13,AN3,0323,-0.09,6.04,1.95,3.36,POS,1.51,2.95,1.40,91
DIST,4,AN0,8A94,2.95,5.89,1.95,3.21,AN1,C32D,2.95,0.00,1.95,3.12,AN2,189B,0.00,0.00,1.95,3.20,AN3,0323,-0.09,6.04,1.95,3.29,POS,1.53,2.96,1.44,97
DIST,4,AN0,8A94,2.95,5.89,1.95,3.20,AN1,C32D,2.95,0.00,1.95,3.14,AN2,189B,0.00,0.00,1.95,3.27,AN3,0323,-0.09,6.04,1.95,3.20,POS,1.47,2.95,1.37,89
DIST,4,AN0,189B,0.00,0.00,1.95,3.24,AN1,8A94,2.95,5.89,1.95,3.20,AN2,C32D,2.95,0.00,1.95,3.17,AN3,0323,-0.09,6.04,1.95,3.40,POS,1.48,2.95,1.49,99
DIST,4,AN0,8A94,2.95,5.89,1.95,3.17,AN1,C32D,2.95,0.00,1.95,3.16,AN2,189B,0.00,0.00,1.95,3.26,AN3,0323,-0.09,6.04,1.95,3.21,POS,1.45,2.95,1.57,99
DIST,4,AN0,189B,0.00,0.00,1.95,3.24,AN1,8A94,2.95,5.89,1.95,3.10,AN2,C32D,2.95,0.00,1.95,3.17,AN3,0323,-0.09,6.04,1.95,3.25,POS,1.46,2.97,1.56,96
DIST,4,AN0,8A94,2.95,5.89,1.95,3.12,AN1,189B,0.00,0.00,1.95,3.25,AN2,C32D,2.95,0.00,1.95,3.20,AN3,0323,-0.09,6.04,1.95,3.28,POS,1.47,2.98,1.49,92
DIST,4,AN0,8A94,2.95,5.89,1.95,3.11,AN1,189B,0.00,0.00,1.95,3.26,AN2,C32D,2.95,0.00,1.95,3.14,AN3,0323,-0.09,6.04,1.95,3.32,POS,1.50,2.99,1.47,94
DIST,4,AN0,8A94,2.95,5.89,1.95,3.15,AN1,C32D,2.95,0.00,1.95,3.18,AN2,189B,0.00,0.00,1.95,3.25,AN3,0323,-0.09,6.04,1.95,3.30,POS,1.50,3.00,1.44,93
DIST,4,AN0,8A94,2.95,5.89,1.95,3.13,AN1,C32D,2.95,0.00,1.95,3.25,AN2,189B,0.00,0.00,1.95,3.29,AN3,0323,-0.09,6.04,1.95,3.29,POS,1.50,3.01,1.37,89
DIST,4,AN0,8A94,2.95,5.89,1.95,3.14,AN1,C32D,2.95,0.00,1.95,3.16,AN2,189B,0.00,0.00,1.95,3.26,AN3,0323,-0.09,6.04,1.95,3.24,POS,1.52,3.02,1.43,97
DIST,4,AN0,8A94,2.95,5.89,1.95,3.14,AN1,C32D,2.95,0.00,1.95,3.19,AN2,189B,0.00,0.00,1.95,3.25,AN3,0323,-0.09,6.04,1.95,3.23,POS,1.52,3.03,1.44,96
DIST,4,AN0,8A94,2.95,5.89,1.95,3.17,AN1,C32D,2.95,0.00,1.95,3.16,AN2,189B,0.00,0.00,1.95,3.24,AN3,0323,-0.09,6.04,1.95,3.26,POS,1.53,3.03,1.47,96
DIST,4,AN0,8A94,2.95,5.89,1.95,3.17,AN1,C32D,2.95,0.00,1.95,3.13,AN2,189B,0.00,0.00,1.95,3.24,AN3,0323,-0.09,6.04,1.95,3.23,POS,1.55,3.03,1.39,88
DIST,4,AN0,8A94,2.95,5.89,1.95,3.18,AN1,C32D,2.95,0.00,1.95,3.21,AN2,189B,0.00,0.00,1.95,3.24,AN3,0323,-0.09,6.04,1.95,3.25,POS,1.54,3.03,1.39,94
DIST,3,AN0,8A94,2.95,5.89,1.95,3.12,AN1,C32D,2.95,0.00,1.95,3.14,AN2,189B,0.00,0.00,1.95,3.25,POS,1.56,3.01,1.33,89
DIST,4,AN0,8A94,2.95,5.89,1.95,3.14,AN1,C32D,2.95,0.00,1.95,3.21,AN2,189B,0.00,0.00,1.95,3.24,AN3,0323,-0.09,6.04,1.95,3.25,POS,1.53,3.02,1.34,93
DIST,4,AN0,8A94,2.95,5.89,1.95,3.15,AN1,C32D,2.95,0.00,1.95,3.22,AN2,189B,0.00,0.00,1.95,3.19,AN3,0323,-0.09,6.04,1.95,3.14,POS,1.51,3.03,1.29,88
DIST,4,AN0,8A94,2.95,5.89,1.95,3.16,AN1,C32D,2.95,0.00,1.95,3.24,AN2,189B,0.00,0.00,1.95,3.23,AN3,0323,-0.09,6.04,1.95,3.08,POS,1.43,3.02,1.28,90
DIST,4,AN0,8A94,2.95,5.89,1.95,3.13,AN1,189B,0.00,0.00,1.95,3.34,AN2,0323,-0.09,6.04,1.95,3.14,AN3,C32D,2.95,0.00,1.95,3.23,POS,1.48,3.06,1.24,87
DIST,4,AN0,8A94,2.95,5.89,1.95,3.01,AN1,0323,-0.09,6.04,1.95,2.99,AN2,C32D,2.95,0.00,1.95,3.41,AN3,189B,0.00,0.00,1.95,3.38,POS,1.46,3.11,1.33,96
DIST,4,AN0,8A94,2.95,5.89,1.95,2.88,AN1,0323,-0.09,6.04,1.95,2.85,AN2,189B,0.00,0.00,1.95,3.55,AN3,C32D,2.95,0.00,1.95,3.52,POS,1.42,3.16,1.44,97
DIST,4,AN0,8A94,2.95,5.89,1.95,2.78,AN1,0323,-0.09,6.04,1.95,2.82,AN2,189B,0.00,0.00,1.95,3.63,AN3,C32D,2.95,0.00,1.95,3.66,POS,1.41,3.25,1.42,91
DIST,4,AN0,8A94,2.95,5.89,1.95,2.71,AN1,0323,-0.09,6.04,1.95,2.77,AN2,189B,0.00,0.00,1.95,3.61,AN3,C32D,2.95,0.00,1.95,3.64,POS,1.41,3.31,1.46,95
DIST,4,AN0,8A94,2.95,5.89,1.95,2.76,AN1,0323,-0.09,6.04,1.95,2.82,AN2,189B,0.00,0.00,1.95,3.68,AN3,C32D,2.95,0.00,1.95,3.70,POS,1.41,3.37,1.41,89
DIST,4,AN0,8A94,2.95,5.89,1.95,2.74,AN1,0323,-0.09,6.04,1.95,2.82,AN2,189B,0.00,0.00,1.95,3.70,AN3,C32D,2.95,0.00,1.95,3.68,POS,1.42,3.41,1.40,91
DIST,4,AN0,8A94,2.95,5.89,1.95,2.71,AN1,0323,-0.09,6.04,1.95,2.78,AN2,189B,0.00,0.00,1.95,3.65,AN3,C32D,2.95,0.00,1.95,3.63,POS,1.44,3.44,1.47,97
DIST,4,AN0,8A94,2.95,5.89,1.95,2.75,AN1,0323,-0.09,6.04,1.95,2.83,AN2,189B,0.00,0.00,1.95,3.69,AN3,C32D,2.95,0.00,1.95,3.65,POS,1.46,3.47,1.46,93
DIST,4,AN0,8A94,2.95,5.89,1.95,2.78,AN1,0323,-0.09,6.04,1.95,2.82,AN2,189B,0.00,0.00,1.95,3.62,AN3,C32D,2.95,0.00,1.95,3.68,POS,1.44,3.47,1.42,90
DIST,4,AN0,8A94,2.95,5.89,1.95,2.78,AN1,0323,-0.09,6.04,1.95,2.87,AN2,189B,0.00,0.00,1.95,3.65,AN3,C32D,2.95,0.00,1.95,3.62,POS,1.44,3.48,1.40,92
DIST,4,AN0,8A94,2.95,5.89,1.95,2.75,AN1,0323,-0.09,6.04,1.95,2.87,AN2,189B,0.00,0.00,1.95,3.64,AN3,C32D,2.95,0.00,1.95,3.61,POS,1.45,3.48,1.40,93
DIST,4,AN0,8A94,2.95,5.89,1.95,2.74,AN1,0323,-0.09,6.04,1.95,2.87,AN2,189B,0.00,0.00,1.95,3.64,AN3,C32D,2.95,0.00,1.95,3.64,POS,1.45,3.48,1.37,90
DIST,4,AN0,8A94,2.95,5.89,1.95,2.73,AN1,0323,-0.09,6.04,1.95,2.87,AN2,189B,0.00,0.00,1.95,3.65,AN3,C32D,2.95,0.00,1.95,3.62,POS,1.46,3.48,1.37,92
DIST,4,AN0,8A94,2.95,5.89,1.95,2.75,AN1,0323,-0.09,6.04,1.95,2.84,AN2,189B,0.00,0.00,1.95,3.65,AN3,C32D,2.95,0.00,1.95,3.63,POS,1.46,3.49,1.38,93
DIST,4,AN0,8A94,2.95,5.89,1.95,2.74,AN1,0323,-0.09,6.04,1.95,2.86,AN2,189B,0.00,0.00,1.95,3.62,AN3,C32D,2.95,0.00,1.95,3.60,POS,1.46,3.49,1.40,94
DIST,4,AN0,8A94,2.95,5.89,1.95,2.77,AN1,0323,-0.09,6.04,1.95,2.86,AN2,189B,0.00,0.00,1.95,3.64,AN3,C32D,2.95,0.00,1.95,3.59,POS,1.48,3.49,1.43,95
DIST,4,AN0,8A94,2.95,5.89,1.95,2.74,AN1,0323,-0.09,6.04,1.95,2.86,AN2,C32D,2.95,0.00,1.95,3.59,AN3,189B,0.00,0.00,1.95,3.60,POS,1.47,3.48,1.44,94
DIST,4,AN0,8A94,2.95,5.89,1.95,2.74,AN1,0323,-0.09,6.04,1.95,2.89,AN2,189B,0.00,0.00,1.95,3.68,AN3,C32D,2.95,0.00,1.95,3.61,POS,1.49,3.49,1.42,92
DIST,4,AN0,8A94,2.95,5.89,1.95,2.75,AN1,0323,-0.09,6.04,1.95,2.86,AN2,C32D,2.95,0.00,1.95,3.64,AN3,189B,0.00,0.00,1.95,3.64,POS,1.47,3.49,1.40,91
DIST,4,AN0,8A94,2.95,5.89,1.95,2.73,AN1,0323,-0.09,6.04,1.95,2.94,AN2,189B,0.00,0.00,1.95,3.65,AN3,C32D,2.95,0.00,1.95,3.59,POS,1.49,3.48,1.36,90
DIST,4,AN0,8A94,2.95,5.89,1.95,2.74,AN1,0323,-0.09,6.04,1.95,2.91,AN2,C32D,2.95,0.00,1.95,3.65,AN3,189B,0.00,0.00,1.95,3.62,POS,1.48,3.48,1.34,90
DIST,4,AN0,8A94,2.95,5.89,1.95,2.74,AN1,0323,-0.09,6.04,1.95,2.87,AN2,C32D,2.95,0.00,1.95,3.61,AN3,189B,0.00,0.00,1.95,3.59,POS,1.47,3.47,1.34,92
DIST,4,AN0,8A94,2.95,5.89,1.95,2.75,AN1,0323,-0.09,6.04,1.95,2.89,AN2,189B,0.00,0.00,1.95,3.65,AN3,C32D,2.95,0.00,1.95,3.60,POS,1.48,3.48,1.35,93
DIST,4,AN0,8A94,2.95,5.89,1.95,2.71,AN1,0323,-0.09,6.04,1.95,2.85,AN2,C32D,2.95,0.00,1.95,3.58,AN3,189B,0.00,0.00,1.95,3.65,POS,1.50,3.48,1.42,96
DIST,4,AN0,8A94,2.95,5.89,1.95,2.75,AN1,0323,-0.09,6.04,1.95,2.84,AN2,C32D,2.95,0.00,1.95,3.65,AN3,189B,0.00,0.00,1.95,3.68,POS,1.49,3.49,1.41,92
DIST,4,AN0,8A94,2.95,5.89,1.95,2.81,AN1,0323,-0.09,6.04,1.95,2.86,AN2,C32D,2.95,0.00,1.95,3.62,AN3,189B,0.00,0.00,1.95,3.67,POS,1.50,3.50,1.41,93
DIST,4,AN0,8A94,2.95,5.89,1.95,2.71,AN1,0323,-0.09,6.04,1.95,2.83,AN2,C32D,2.95,0.00,1.95,3.68,AN3,189B,0.00,0.00,1.95,3.66,POS,1.49,3.50,1.38,90
DIST,4,AN0,8A94,2.95,5.89,1.95,2.74,AN1,0323,-0.09,6.04,1.95,2.85,AN2,C32D,2.95,0.00,1.95,3.68,AN3,189B,0.00,0.00,1.95,3.62,POS,1.47,3.50,1.36,90
DIST,4,AN0,8A94,2.95,5.89,1.95,2.71,AN1,0323,-0.09,6.04,1.95,2.88,AN2,189B,0.00,0.00,1.95,3.65,AN3,C32D,2.95,0.00,1.95,3.67,POS,1.47,3.50,1.33,89
DIST,4,AN0,8A94,2.95,5.89,1.95,2.74,AN1,0323,-0.09,6.04,1.95,2.89,AN2,189B,0.00,0.00,1.95,3.66,AN3,C32D,2.95,0.00,1.95,3.65,POS,1.47,3.50,1.30,89
DIST,4,AN0,8A94,2.95,5.89,1.95,2.73,AN1,0323,-0.09,6.04,1.95,2.82,AN2,189B,0.00,0.00,1.95,3.66,AN3,C32D,2.95,0.00,1.95,3.68,POS,1.46,3.50,1.31,91
DIST,4,AN0,8A94,2.95,5.89,1.95,2.74,AN1,0323,-0.09,6.04,1.95,2.82,AN2,189B,0.00,0.00,1.95,3.70,AN3,C32D,2.95,0.00,1.95,3.69,POS,1.45,3.51,1.31,90
DIST,4,AN0,8A94,2.95,5.89,1.95,2.69,AN1,0323,-0.09,6.04,1.95,2.71,AN2,189B,0.00,0.00,1.95,3.68,AN3,C32D,2.95,0.00,1.95,3.71,POS,1.43,3.53,1.38,95
DIST,4,AN0,8A94,2.95,5.89,1.95,2.65,AN1,0323,-0.09,6.04,1.95,2.65,AN2,189B,0.00,0.00,1.95,3.80,AN3,C32D,2.95,0.00,1.95,3.85,POS,1.42,3.57,1.37,89
DIST,4,AN0,8A94,2.95,5.89,1.95,2.54,AN1,0323,-0.09,6.04,1.95,2.51,AN2,189B,0.00,0.00,1.95,3.85,AN3,C32D,2.95,0.00,1.95,3.85,POS,1.43,3.63,1.34,87
DIST,4,AN0,8A94,2.95,5.89,1.95,2.50,AN1,0323,-0.09,6.04,1.95,2.43,AN2,189B,0.00,0.00,1.95,3.97,AN3,C32D,2.95,0.00,1.95,4.01,POS,1.43,3.70,1.42,93
DIST,4,AN0,8A94,2.95,5.89,1.95,2.41,AN1,0323,-0.09,6.04,1.95,2.34,AN2,189B,0.00,0.00,1.95,3.96,AN3,C32D,2.95,0.00,1.95,4.10,POS,1.39,3.76,1.45,89
DIST,4,AN0,8A94,2.95,5.89,1.95,2.40,AN1,0323,-0.09,6.04,1.95,2.34,AN2,189B,0.00,0.00,1.95,4.11,AN3,C32D,2.95,0.00,1.95,4.18,POS,1.37,3.83,1.43,85
DIST,4,AN0,8A94,2.95,5.89,1.95,2.34,AN1,0323,-0.09,6.04,1.95,2.33,AN2,189B,0.00,0.00,1.95,4.07,AN3,C32D,2.95,0.00,1.95,4.17,POS,1.36,3.88,1.43,86
DIST,4,AN0,8A94,2.95,5.89,1.95,2.30,AN1,0323,-0.09,6.04,1.95,2.28,AN2,189B,0.00,0.00,1.95,4.04,AN3,C32D,2.95,0.00,1.95,4.10,POS,1.36,3.92,1.38,83
DIST,4,AN0,8A94,2.95,5.89,1.95,2.31,AN1,0323,-0.09,6.04,1.95,2.29,AN2,189B,0.00,0.00,1.95,4.04,AN3,C32D,2.95,0.00,1.95,4.13,POS,1.35,3.95,1.47,91
DIST,4,AN0,8A94,2.95,5.89,1.95,2.34,AN1,0323,-0.09,6.04,1.95,2.34,AN2,189B,0.00,0.00,1.95,4.08,AN3,C32D,2.95,0.00,1.95,4.06,POS,1.39,3.97,1.42,85
DIST,4,AN0,8A94,2.95,5.89,1.95,2.31,AN1,0323,-0.09,6.04,1.95,2.34,AN2,189B,0.00,0.00,1.95,4.14,AN3,C32D,2.95,0.00,1.95,4.08,POS,1.43,4.01,1.38,84
DIST,4,AN0,8A94,2.95,5.89,1.95,2.33,AN1,0323,-0.09,6.04,1.95,2.34,AN2,189B,0.00,0.00,1.95,4.09,AN3,C32D,2.95,0.00,1.95,4.11,POS,1.44,4.01,1.46,92
DIST,4,AN0,8A94,2.95,5.89,1.95,2.35,AN1,0323,-0.09,6.04,1.95,2.30,AN2,189B,0.00,0.00,1.95,4.15,AN3,C32D,2.95,0.00,1.95,4.11,POS,1.46,4.04,1.41,84
DIST,4,AN0,8A94,2.95,5.89,1.95,2.35,AN1,0323,-0.09,6.04,1.95,2.34,AN2,189B,0.00,0.00,1.95,4.13,AN3,C32D,2.95,0.00,1.95,3.99,POS,1.42,4.01,1.38,85
DIST,4,AN0,8A94,2.95,5.89,1.95,2.38,AN1,0323,-0.09,6.04,1.95,2.35,AN2,189B,0.00,0.00,1.95,4.10,AN3,C32D,2.95,0.00,1.95,4.02,POS,1.39,3.98,1.33,82
DIST,4,AN0,8A94,2.95,5.89,1.95,2.33,AN1,0323,-0.09,6.04,1.95,2.37,AN2,189B,0.00,0.00,1.95,4.10,AN3,C32D,2.95,0.00,1.95,4.08,POS,1.42,4.00,1.43,93
DIST,4,AN0,8A94,2.95,5.89,1.95,2.35,AN1,0323,-0.09,6.04,1.95,2.45,AN2,189B,0.00,0.00,1.95,4.08,AN3,C32D,2.95,0.00,1.95,4.07,POS,1.43,3.99,1.43,89
DIST,4,AN0,8A94,2.95,5.89,1.95,2.33,AN1,0323,-0.09,6.04,1.95,2.42,AN2,189B,0.00,0.00,1.95,4.10,AN3,C32D,2.95,0.00,1.95,4.10,POS,1.43,3.99,1.43,89
DIST,4,AN0,8A94,2.95,5.89,1.95,2.30,AN1,0323,-0.09,6.04,1.95,2.40,AN2,189B,0.00,0.00,1.95,4.10,AN3,C32D,2.95,0.00,1.95,4.09,POS,1.44,4.00,1.45,91
DIST,4,AN0,8A94,2.95,5.89,1.95,2.28,AN1,0323,-0.09,6.04,1.95,2.41,AN2,189B,0.00,0.00,1.95,4.12,AN3,C32D,2.95,0.00,1.95,4.05,POS,1.47,4.01,1.38,82
DIST,4,AN0,8A94,2.95,5.89,1.95,2.25,AN1,0323,-0.09,6.04,1.95,2.42,AN2,189B,0.00,0.00,1.95,4.06,AN3,C32D,2.95,0.00,1.95,4.04,POS,1.48,4.00,1.45,93
DIST,4,AN0,8A94,2.95,5.89,1.95,2.28,AN1,0323,-0.09,6.04,1.95,2.41,AN2,C32D,2.95,0.00,1.95,4.00,AN3,189B,0.00,0.00,1.95,4.07,POS,1.50,4.01,1.40,85
DIST,4,AN0,8A94,2.95,5.89,1.95,2.26,AN1,0323,-0.09,6.04,1.95,2.46,AN2,C32D,2.95,0.00,1.95,4.01,AN3,189B,0.00,0.00,1.95,4.09,POS,1.51,4.00,1.40,88
DIST,4,AN0,8A94,2.95,5.89,1.95,2.31,AN1,0323,-0.09,6.04,1.95,2.44,AN2,C32D,2.95,0.00,1.95,4.01,AN3,189B,0.00,0.00,1.95,4.09,POS,1.53,4.01,1.34,83
DIST,4,AN0,8A94,2.95,5.89,1.95,2.27,AN1,0323,-0.09,6.04,1.95,2.48,AN2,C32D,2.95,0.00,1.95,4.07,AN3,189B,0.00,0.00,1.95,4.08,POS,1.53,4.00,1.36,89
DIST,4,AN0,8A94,2.95,5.89,1.95,2.24,AN1,0323,-0.09,6.04,1.95,2.48,AN2,C32D,2.95,0.00,1.95,4.04,AN3,189B,0.00,0.00,1.95,4.12,POS,1.54,4.00,1.40,90
DIST,4,AN0,8A94,2.95,5.89,1.95,2.24,AN1,0323,-0.09,6.04,1.95,2.41,AN2,C32D,2.95,0.00,1.95,4.12,AN3,189B,0.00,0.00,1.95,4.16,POS,1.52,4.01,1.41,89
DIST,4,AN0,8A94,2.95,5.89,1.95,2.26,AN1,0323,-0.09,6.04,1.95,2.43,AN2,C32D,2.95,0.00,1.95,4.09,AN3,189B,0.00,0.00,1.95,4.08,POS,1.51,4.01,1.42,90
DIST,4,AN0,8A94,2.95,5.89,1.95,2.26,AN1,0323,-0.09,6.04,1.95,2.39,AN2,C32D,2.95,0.00,1.95,4.12,AN3,189B,0.00,0.00,1.95,4.06,POS,1.49,4.01,1.48,92
DIST,4,AN0,8A94,2.95,5.89,1.95,2.26,AN1,0323,-0.09,6.04,1.95,2.39,AN2,C32D,2.95,0.00,1.95,4.16,AN3,189B,0.00,0.00,1.95,4.16,POS,1.48,4.02,1.45,87
DIST,4,AN0,8A94,2.95,5.89,1.95,2.25,AN1,0323,-0.09,6.04,1.95,2.35,AN2,C32D,2.95,0.00,1.95,4.13,AN3,189B,0.00,0.00,1.95,4.09,POS,1.46,4.02,1.47,90
DIST,4,AN0,8A94,2.95,5.89,1.95,2.25,AN1,0323,-0.09,6.04,1.95,2.36,AN2,189B,0.00,0.00,1.95,4.15,AN3,C32D,2.95,0.00,1.95,4.07,POS,1.50,4.04,1.42,84
DIST,4,AN0,8A94,2.95,5.89,1.95,2.24,AN1,0323,-0.09,6.04,1.95,2.36,AN2,C32D,2.95,0.00,1.95,4.18,AN3,189B,0.00,0.00,1.95,4.10,POS,1.46,4.05,1.48,90
DIST,4,AN0,8A94,2.95,5.89,1.95,2.23,AN1,0323,-0.09,6.04,1.95,2.39,AN2,189B,0.00,0.00,1.95,4.16,AN3,C32D,2.95,0.00,1.95,4.15,POS,1.46,4.05,1.46,88
DIST,4,AN0,8A94,2.95,5.89,1.95,2.24,AN1,0323,-0.09,6.04,1.95,2.38,AN2,189B,0.00,0.00,1.95,4.15,AN3,C32D,2.95,0.00,1.95,4.12,POS,1.47,4.05,1.48,91
DIST,4,AN0,8A94,2.95,5.89,1.95,2.22,AN1,0323,-0.09,6.04,1.95,2.37,AN2,189B,0.00,0.00,1.95,4.17,AN3,C32D,2.95,0.00,1.95,4.17,POS,1.47,4.06,1.46,88
DIST,4,AN0,8A94,2.95,5.89,1.95,2.20,AN1,0323,-0.09,6.04,1.95,2.37,AN2,189B,0.00,0.00,1.95,4.16,AN3,C32D,2.95,0.00,1.95,4.17,POS,1.47,4.06,1.46,89
DIST,4,AN0,8A94,2.95,5.89,1.95,2.24,AN1,0323,-0.09,6.04,1.95,2.35,AN2,189B,0.00,0.00,1.95,4.16,AN3,C32D,2.95,0.00,1.95,4.12,POS,1.49,4.07,1.58,93
DIST,4,AN0,8A94,2.95,5.89,1.95,2.24,AN1,0323,-0.09,6.04,1.95,2.41,AN2,C32D,2.95,0.00,1.95,4.15,AN3,189B,0.00,0.00,1.95,4.12,POS,1.48,4.06,1.54,89
DIST,4,AN0,8A94,2.95,5.89,1.95,2.26,AN1,0323,-0.09,6.04,1.95,2.42,AN2,C32D,2.95,0.00,1.95,4.15,AN3,189B,0.00,0.00,1.95,4.15,POS,1.48,4.05,1.48,86
DIST,4,AN0,8A94,2.95,5.89,1.95,2.27,AN1,0323,-0.09,6.04,1.95,2.38,AN2,C32D,2.95,0.00,1.95,4.13,AN3,189B,0.00,0.00,1.95,4.11,POS,1.47,4.05,1.48,89
DIST,4,AN0,8A94,2.95,5.89,1.95,2.28,AN1,0323,-0.09,6.04,1.95,2.35,AN2,189B,0.00,0.00,1.95,4.11,AN3,C32D,2.95,0.00,1.95,4.16,POS,1.45,4.05,1.47,88
DIST,4,AN0,8A94,2.95,5.89,1.95,2.24,AN1,0323,-0.09,6.04,1.95,2.39,AN2,189B,0.00,0.00,1.95,4.14,AN3,C32D,2.95,0.00,1.95,4.14,POS,1.46,4.05,1.46,89
DIST,4,AN0,8A94,2.95,5.89,1.95,2.26,AN1,0323,-0.09,6.04,1.95,2.34,AN2,189B,0.00,0.00,1.95,4.10,AN3,C32D,2.95,0.00,1.95,4.14,POS,1.44,4.05,1.47,90
DIST,4,AN0,8A94,2.95,5.89,1.95,2.23,AN1,0323,-0.09,6.04,1.95,2.36,AN2,189B,0.00,0.00,1.95,4.14,AN3,C32D,2.95,0.00,1.95,4.13,POS,1.45,4.05,1.51,92
DIST,4,AN0,8A94,2.95,5.89,1.95,2.24,AN1,0323,-0.09,6.04,1.95,2.39,AN2,189B,0.00,0.00,1.95,4.17,AN3,C32D,2.95,0.00,1.95,4.15,POS,1.46,4.05,1.49,89
DIST,4,AN0,8A94,2.95,5.89,1.95,2.26,AN1,0323,-0.09,6.04,1.95,2.40,AN2,189B,0.00,0.00,1.95,4.16,AN3,C32D,2.95,0.00,1.95,4.18,POS,1.46,4.06,1.44,85
DIST,4,AN0,8A94,2.95,5.89,1.95,2.26,AN1,0323,-0.09,6.04,1.95,2.36,AN2,189B,0.00,0.00,1.95,4.14,AN3,C32D,2.95,0.00,1.95,4.19,POS,1.44,4.06,1.42,86
DIST,4,AN0,8A94,2.95,5.89,1.95,2.27,AN1,0323,-0.09,6.04,1.95,2.38,AN2,189B,0.00,0.00,1.95,4.12,AN3,C32D,2.95,0.00,1.95,4.19,POS,1.43,4.06,1.43,88
DIST,4,AN0,8A94,2.95,5.89,1.95,2.25,AN1,0323,-0.09,6.04,1.95,2.34,AN2,189B,0.00,0.00,1.95,4.16,AN3,C32D,2.95,0.00,1.95,4.22,POS,1.42,4.07,1.42,86
DIST,4,AN0,8A94,2.95,5.89,1.95,2.26,AN1,0323,-0.09,6.04,1.95,2.33,AN2,189B,0.00,0.00,1.95,4.13,AN3,C32D,2.95,0.00,1.95,4.20,POS,1.41,4.07,1.42,87
DIST,4,AN0,8A94,2.95,5.89,1.95,2.25,AN1,0323,-0.09,6.04,1.95,2.40,AN2,189B,0.00,0.00,1.95,4.11,AN3,C32D,2.95,0.00,1.95,4.14,POS,1.42,4.06,1.43,89
DIST,4,AN0,8A94,2.95,5.89,1.95,2.25,AN1,0323,-0.09,6.04,1.95,2.37,AN2,189B,0.00,0.00,1.95,4.12,AN3,C32D,2.95,0.00,1.95,4.08,POS,1.45,4.05,1.52,93
DIST,4,AN0,8A94,2.95,5.89,1.95,2.26,AN1,0323,-0.09,6.04,1.95,2.38,AN2,189B,0.00,0.00,1.95,4.10,AN3,C32D,2.95,0.00,1.95,4.15,POS,1.44,4.05,1.51,89
DIST,4,AN0,8A94,2.95,5.89,1.95,2.28,AN1,0323,-0.09,6.04,1.95,2.37,AN2,189B,0.00,0.00,1.95,4.06,AN3,C32D,2.95,0.00,1.95,4.08,POS,1.44,4.04,1.55,93
DIST,4,AN0,8A94,2.95,5.89,1.95,2.26,AN1,0323,-0.09,6.04,1.95,2.33,AN2,189B,0.00,0.00,1.95,4.15,AN3,C32D,2.95,0.00,1.95,4.16,POS,1.43,4.05,1.55,89
DIST,4,AN0,8A94,2.95,5.89,1.95,2.29,AN1,0323,-0.09,6.04,1.95,2.34,AN2,189B,0.00,0.00,1.95,4.08,AN3,C32D,2.95,0.00,1.95,4.16,POS,1.42,4.04,1.53,88
DIST,4,AN0,8A94,2.95,5.89,1.95,2.30,AN1,0323,-0.09,6.04,1.95,2.29,AN2,189B,0.00,0.00,1.95,4.14,AN3,C32D,2.95,0.00,1.95,4.17,POS,1.42,4.05,1.57,92
DIST,4,AN0,8A94,2.95,5.89,1.95,2.25,AN1,0323,-0.09,6.04,1.95,2.35,AN2,189B,0.00,0.00,1.95,4.15,AN3,C32D,2.95,0.00,1.95,4.12,POS,1.44,4.06,1.61,93
DIST,4,AN0,8A94,2.95,5.89,1.95,2.28,AN1,0323,-0.09,6.04,1.95,2.36,AN2,189B,0.00,0.00,1.95,4.12,AN3,C32D,2.95,0.00,1.95,4.12,POS,1.44,4.05,1.60,91
DIST,4,AN0,8A94,2.95,5.89,1.95,2.28,AN1,0323,-0.09,6.04,1.95,2.40,AN2,189B,0.00,0.00,1.95,4.05,AN3,C32D,2.95,0.00,1.95,4.12,POS,1.43,4.04,1.61,91
DIST,4,AN0,8A94,2.95,5.89,1.95,2.30,AN1,0323,-0.09,6.04,1.95,2.41,AN2,189B,0.00,0.00,1.95,4.14,AN3,C32D,2.95,0.00,1.95,4.17,POS,1.43,4.04,1.52,84
DIST,4,AN0,8A94,2.95,5.89,1.95,2.28,AN1,0323,-0.09,6.04,1.95,2.42,AN2,189B,0.00,0.00,1.95,4.13,AN3,C32D,2.95,0.00,1.95,4.17,POS,1.43,4.04,1.47,86
DIST,4,AN0,8A94,2.95,5.89,1.95,2.24,AN1,0323,-0.09,6.04,1.95,2.41,AN2,189B,0.00,0.00,1.95,4.17,AN3,C32D,2.95,0.00,1.95,4.12,POS,1.45,4.05,1.48,90
DIST,4,AN0,8A94,2.95,5.89,1.95,2.26,AN1,0323,-0.09,6.04,1.95,2.40,AN2,189B,0.00,0.00,1.95,4.14,AN3,C32D,2.95,0.00,1.95,4.12,POS,1.46,4.05,1.48,89
DIST,4,AN0,8A94,2.95,5.89,1.95,2.26,AN1,0323,-0.09,6.04,1.95,2.43,AN2,189B,0.00,0.00,1.95,4.08,AN3,C32D,2.95,0.00,1.95,4.15,POS,1.44,4.04,1.50,90
DIST,4,AN0,8A94,2.95,5.89,1.95,2.27,AN1,0323,-0.09,6.04,1.95,2.45,AN2,189B,0.00,0.00,1.95,4.13,AN3,C32D,2.95,0.00,1.95,4.16,POS,1.44,4.04,1.46,87
DIST,4,AN0,8A94,2.95,5.89,1.95,2.26,AN1,0323,-0.09,6.04,1.95,2.38,AN2,189B,0.00,0.00,1.95,4.13,AN3,C32D,2.95,0.00,1.95,4.13,POS,1.44,4.04,1.47,90
