DIST,3,AN0,189B,0.00,0.00,1.95,1.45,AN1,C32D,2.95,0.00,1.95,2.24,AN2,0323,-0.09,6.04,1.95,5.38,POS,0.92,0.83,1.17,48
DIST,4,AN0,189B,0.00,0.00,1.95,1.48,AN1,C32D,2.95,0.00,1.95,2.00,AN2,0323,-0.09,6.04,1.95,5.30,AN3,8A94,2.95,5.89,1.95,5.42,POS,0.98,0.85,1.34,64
DIST,4,AN0,189B,0.00,0.00,1.95,1.45,AN1,C32D,2.95,0.00,1.95,2.35,AN2,0323,-0.09,6.04,1.95,5.33,AN3,8A94,2.95,5.89,1.95,5.41,POS,0.96,0.85,1.30,47
DIST,4,AN0,189B,0.00,0.00,1.95,1.48,AN1,C32D,2.95,0.00,1.95,2.52,AN2,0323,-0.09,6.04,1.95,5.37,AN3,8A94,2.95,5.89,1.95,5.45,POS,0.91,0.84,1.22,38
DIST,4,AN0,189B,0.00,0.00,1.95,1.47,AN1,C32D,2.95,0.00,1.95,2.56,AN2,0323,-0.09,6.04,1.95,5.28,AN3,8A94,2.95,5.89,1.95,5.48,POS,0.87,0.86,1.18,42
DIST,4,AN0,189B,0.00,0.00,1.95,1.48,AN1,C32D,2.95,0.00,1.95,2.06,AN2,0323,-0.09,6.04,1.95,5.35,AN3,8A94,2.95,5.89,1.95,5.46,POS,0.94,0.85,1.26,58
DIST,4,AN0,189B,0.00,0.00,1.95,1.46,AN1,C32D,2.95,0.00,1.95,2.42,AN2,0323,-0.09,6.04,1.95,5.36,AN3,8A94,2.95,5.89,1.95,5.37,POS,0.91,0.85,1.22,42
DIST,4,AN0,189B,0.00,0.00,1.95,1.48,AN1,C32D,2.95,0.00,1.95,2.50,AN2,0323,-0.09,6.04,1.95,5.33,AN3,8A94,2.95,5.89,1.95,5.31,POS,0.88,0.85,1.17,41
DIST,4,AN0,189B,0.00,0.00,1.95,1.49,AN1,C32D,2.95,0.00,1.95,2.56,AN2,0323,-0.09,6.04,1.95,5.34,AN3,8A94,2.95,5.89,1.95,5.42,POS,0.85,0.85,1.13,39
DIST,4,AN0,189B,0.00,0.00,1.95,1.48,AN1,C32D,2.95,0.00,1.95,2.22,AN2,0323,-0.09,6.04,1.95,5.35,AN3,8A94,2.95,5.89,1.95,5.43,POS,0.89,0.85,1.16,51
DIST,4,AN0,189B,0.00,0.00,1.95,1.48,AN1,C32D,2.95,0.00,1.95,2.15,AN2,0323,-0.09,6.04,1.95,5.39,AN3,8A94,2.95,5.89,1.95,5.36,POS,0.93,0.84,1.20,52
DIST,4,AN0,189B,0.00,0.00,1.95,1.44,AN1,C32D,2.95,0.00,1.95,2.17,AN2,0323,-0.09,6.04,1.95,5.32,AN3,8A94,2.95,5.89,1.95,5.45,POS,0.96,0.85,1.26,55
DIST,4,AN0,189B,0.00,0.00,1.95,1.46,AN1,C32D,2.95,0.00,1.95,2.12,AN2,0323,-0.09,6.04,1.95,5.34,AN3,8A94,2.95,5.89,1.95,5.44,POS,0.98,0.85,1.30,55
DIST,4,AN0,189B,0.00,0.00,1.95,1.47,AN1,C32D,2.95,0.00,1.95,2.17,AN2,0323,-0.09,6.04,1.95,5.29,AN3,8A94,2.95,5.89,1.95,5.41,POS,0.99,0.86,1.34,56
DIST,4,AN0,189B,0.00,0.00,1.95,1.47,AN1,C32D,2.95,0.00,1.95,2.15,AN2,0323,-0.09,6.04,1.95,5.32,AN3,8A94,2.95,5.89,1.95,5.43,POS,1.00,0.86,1.36,55
DIST,4,AN0,189B,0.00,0.00,1.95,1.41,AN1,C32D,2.95,0.00,1.95,2.37,AN2,0323,-0.09,6.04,1.95,5.33,AN3,8A94,2.95,5.89,1.95,5.40,POS,0.97,0.86,1.32,46
DIST,4,AN0,189B,0.00,0.00,1.95,1.40,AN1,C32D,2.95,0.00,1.95,1.99,AN2,0323,-0.09,6.04,1.95,5.33,AN3,8A94,2.95,5.89,1.95,5.39,POS,0.99,0.83,1.36,52
DIST,4,AN0,189B,0.00,0.00,1.95,1.43,AN1,C32D,2.95,0.00,1.95,1.99,AN2,0323,-0.09,6.04,1.95,5.33,AN3,8A94,2.95,5.89,1.95,5.31,POS,1.04,0.82,1.38,56
DIST,4,AN0,189B,0.00,0.00,1.95,1.47,AN1,C32D,2.95,0.00,1.95,2.16,AN2,0323,-0.09,6.04,1.95,5.34,AN3,8A94,2.95,5.89,1.95,5.42,POS,1.04,0.83,1.38,54
DIST,4,AN0,189B,0.00,0.00,1.95,1.45,AN1,C32D,2.95,0.00,1.95,2.20,AN2,0323,-0.09,6.04,1.95,5.33,AN3,8A94,2.95,5.89,1.95,5.44,POS,1.03,0.84,1.38,52
DIST,4,AN0,189B,0.00,0.00,1.95,1.41,AN1,C32D,2.95,0.00,1.95,2.16,AN2,0323,-0.09,6.04,1.95,5.35,AN3,8A94,2.95,5.89,1.95,5.39,POS,1.02,0.84,1.40,53
DIST,4,AN0,189B,0.00,0.00,1.95,1.42,AN1,C32D,2.95,0.00,1.95,2.08,AN2,0323,-0.09,6.04,1.95,5.32,AN3,8A94,2.95,5.89,1.95,5.45,POS,1.04,0.84,1.46,59
DIST,4,AN0,189B,0.00,0.00,1.95,1.49,AN1,C32D,2.95,0.00,1.95,2.23,AN2,0323,-0.09,6.04,1.95,5.33,AN3,8A94,2.95,5.89,1.95,5.41,POS,1.03,0.85,1.41,52
DIST,4,AN0,189B,0.00,0.00,1.95,1.45,AN1,C32D,2.95,0.00,1.95,2.23,AN2,0323,-0.09,6.04,1.95,5.33,AN3,8A94,2.95,5.89,1.95,5.44,POS,1.02,0.85,1.39,51
DIST,4,AN0,189B,0.00,0.00,1.95,1.48,AN1,C32D,2.95,0.00,1.95,2.20,AN2,0323,-0.09,6.04,1.95,5.33,AN3,8A94,2.95,5.89,1.95,5.46,POS,1.02,0.86,1.37,52
DIST,4,AN0,189B,0.00,0.00,1.95,1.44,AN1,C32D,2.95,0.00,1.95,2.20,AN2,0323,-0.09,6.04,1.95,5.33,AN3,8A94,2.95,5.89,1.95,5.44,POS,1.01,0.86,1.37,52
DIST,4,AN0,189B,0.00,0.00,1.95,1.45,AN1,C32D,2.95,0.00,1.95,2.22,AN2,0323,-0.09,6.04,1.95,5.33,AN3,8A94,2.95,5.89,1.95,5.44,POS,1.01,0.86,1.36,51
DIST,4,AN0,189B,0.00,0.00,1.95,1.40,AN1,C32D,2.95,0.00,1.95,2.21,AN2,0323,-0.09,6.04,1.95,5.35,AN3,8A94,2.95,5.89,1.95,5.40,POS,1.00,0.85,1.37,51
DIST,4,AN0,189B,0.00,0.00,1.95,1.48,AN1,C32D,2.95,0.00,1.95,2.12,AN2,0323,-0.09,6.04,1.95,5.36,AN3,8A94,2.95,5.89,1.95,5.42,POS,1.02,0.84,1.38,54
DIST,4,AN0,189B,0.00,0.00,1.95,1.43,AN1,C32D,2.95,0.00,1.95,2.19,AN2,0323,-0.09,6.04,1.95,5.30,AN3,8A94,2.95,5.89,1.95,5.49,POS,1.02,0.85,1.39,55
DIST,4,AN0,189B,0.00,0.00,1.95,1.42,AN1,C32D,2.95,0.00,1.95,2.23,AN2,0323,-0.09,6.04,1.95,5.38,AN3,8A94,2.95,5.89,1.95,5.49,POS,1.01,0.84,1.37,49
DIST,4,AN0,189B,0.00,0.00,1.95,1.48,AN1,C32D,2.95,0.00,1.95,2.24,AN2,0323,-0.09,6.04,1.95,5.33,AN3,8A94,2.95,5.89,1.95,5.57,POS,1.00,0.85,1.34,51
DIST,4,AN0,189B,0.00,0.00,1.95,1.41,AN1,C32D,2.95,0.00,1.95,2.28,AN2,0323,-0.09,6.04,1.95,5.35,AN3,8A94,2.95,5.89,1.95,5.49,POS,0.98,0.84,1.33,48
DIST,4,AN0,189B,0.00,0.00,1.95,1.40,AN1,C32D,2.95,0.00,1.95,2.29,AN2,0323,-0.09,6.04,1.95,5.35,AN3,8A94,2.95,5.89,1.95,5.51,POS,0.97,0.84,1.32,48
DIST,4,AN0,189B,0.00,0.00,1.95,1.41,AN1,C32D,2.95,0.00,1.95,2.30,AN2,0323,-0.09,6.04,1.95,5.35,AN3,8A94,2.95,5.89,1.95,5.43,POS,0.95,0.84,1.31,47
DIST,4,AN0,189B,0.00,0.00,1.95,1.40,AN1,C32D,2.95,0.00,1.95,2.29,AN2,0323,-0.09,6.04,1.95,5.44,AN3,8A94,2.95,5.89,1.95,5.48,POS,0.94,0.81,1.28,43
DIST,4,AN0,189B,0.00,0.00,1.95,1.42,AN1,C32D,2.95,0.00,1.95,2.26,AN2,0323,-0.09,6.04,1.95,5.34,AN3,8A94,2.95,5.89,1.95,5.54,POS,0.95,0.82,1.29,50
DIST,4,AN0,189B,0.00,0.00,1.95,1.46,AN1,C32D,2.95,0.00,1.95,2.22,AN2,0323,-0.09,6.04,1.95,5.38,AN3,8A94,2.95,5.89,1.95,5.48,POS,0.96,0.82,1.28,49
DIST,4,AN0,189B,0.00,0.00,1.95,1.47,AN1,C32D,2.95,0.00,1.95,2.14,AN2,0323,-0.09,6.04,1.95,5.38,AN3,8A94,2.95,5.89,1.95,5.52,POS,0.98,0.82,1.30,53
DIST,4,AN0,189B,0.00,0.00,1.95,1.45,AN1,C32D,2.95,0.00,1.95,2.26,AN2,0323,-0.09,6.04,1.95,5.37,AN3,8A94,2.95,5.89,1.95,5.52,POS,0.98,0.82,1.29,48
DIST,4,AN0,189B,0.00,0.00,1.95,1.44,AN1,C32D,2.95,0.00,1.95,2.20,AN2,0323,-0.09,6.04,1.95,5.38,AN3,8A94,2.95,5.89,1.95,5.43,POS,0.99,0.82,1.30,51
DIST,4,AN0,189B,0.00,0.00,1.95,1.42,AN1,C32D,2.95,0.00,1.95,2.28,AN2,0323,-0.09,6.04,1.95,5.39,AN3,8A94,2.95,5.89,1.95,5.46,POS,0.98,0.81,1.28,46
DIST,4,AN0,189B,0.00,0.00,1.95,1.41,AN1,C32D,2.95,0.00,1.95,2.27,AN2,0323,-0.09,6.04,1.95,5.34,AN3,8A94,2.95,5.89,1.95,5.53,POS,0.97,0.82,1.29,49
DIST,4,AN0,189B,0.00,0.00,1.95,1.39,AN1,C32D,2.95,0.00,1.95,1.97,AN2,0323,-0.09,6.04,1.95,5.34,AN3,8A94,2.95,5.89,1.95,5.53,POS,1.01,0.81,1.31,52
DIST,4,AN0,189B,0.00,0.00,1.95,1.41,AN1,C32D,2.95,0.00,1.95,1.98,AN2,0323,-0.09,6.04,1.95,5.38,AN3,8A94,2.95,5.89,1.95,5.53,POS,1.04,0.81,1.43,60
DIST,4,AN0,189B,0.00,0.00,1.95,1.41,AN1,C32D,2.95,0.00,1.95,2.45,AN2,0323,-0.09,6.04,1.95,5.31,AN3,8A94,2.95,5.89,1.95,5.57,POS,0.97,0.82,1.36,43
DIST,4,AN0,189B,0.00,0.00,1.95,1.39,AN1,C32D,2.95,0.00,1.95,2.07,AN2,0323,-0.09,6.04,1.95,5.40,AN3,8A94,2.95,5.89,1.95,5.53,POS,1.00,0.81,1.42,55
DIST,4,AN0,189B,0.00,0.00,1.95,1.42,AN1,C32D,2.95,0.00,1.95,2.11,AN2,0323,-0.09,6.04,1.95,5.37,AN3,8A94,2.95,5.89,1.95,5.56,POS,1.02,0.81,1.43,54
DIST,4,AN0,189B,0.00,0.00,1.95,1.41,AN1,C32D,2.95,0.00,1.95,2.30,AN2,0323,-0.09,6.04,1.95,5.42,AN3,8A94,2.95,5.89,1.95,5.54,POS,1.00,0.80,1.37,44
DIST,4,AN0,189B,0.00,0.00,1.95,1.41,AN1,C32D,2.95,0.00,1.95,2.29,AN2,0323,-0.09,6.04,1.95,5.37,AN3,8A94,2.95,5.89,1.95,5.54,POS,0.97,0.80,1.34,46
DIST,4,AN0,189B,0.00,0.00,1.95,1.41,AN1,C32D,2.95,0.00,1.95,2.28,AN2,0323,-0.09,6.04,1.95,5.37,AN3,8A94,2.95,5.89,1.95,5.50,POS,0.97,0.81,1.32,47
DIST,4,AN0,189B,0.00,0.00,1.95,1.47,AN1,C32D,2.95,0.00,1.95,2.18,AN2,0323,-0.09,6.04,1.95,5.41,AN3,8A94,2.95,5.89,1.95,5.58,POS,0.98,0.80,1.31,49
DIST,4,AN0,189B,0.00,0.00,1.95,1.43,AN1,C32D,2.95,0.00,1.95,1.92,AN2,0323,-0.09,6.04,1.95,5.37,AN3,8A94,2.95,5.89,1.95,5.61,POS,1.03,0.79,1.32,52
DIST,4,AN0,189B,0.00,0.00,1.95,1.41,AN1,C32D,2.95,0.00,1.95,2.09,AN2,0323,-0.09,6.04,1.95,5.37,AN3,8A94,2.95,5.89,1.95,5.44,POS,1.04,0.80,1.37,55
DIST,4,AN0,189B,0.00,0.00,1.95,1.48,AN1,C32D,2.95,0.00,1.95,2.30,AN2,0323,-0.09,6.04,1.95,5.42,AN3,8A94,2.95,5.89,1.95,5.69,POS,1.02,0.79,1.31,44
DIST,4,AN0,189B,0.00,0.00,1.95,1.51,AN1,C32D,2.95,0.00,1.95,1.94,AN2,0323,-0.09,6.04,1.95,5.39,AN3,8A94,2.95,5.89,1.95,5.84,POS,1.07,0.80,1.39,61
DIST,4,AN0,189B,0.00,0.00,1.95,1.53,AN1,C32D,2.95,0.00,1.95,1.82,AN2,0323,-0.09,6.04,1.95,5.54,AN3,8A94,2.95,5.89,1.95,5.88,POS,1.13,0.77,1.43,57
DIST,4,AN0,189B,0.00,0.00,1.95,1.47,AN1,C32D,2.95,0.00,1.95,1.94,AN2,0323,-0.09,6.04,1.95,5.49,AN3,8A94,2.95,5.89,1.95,5.83,POS,1.15,0.76,1.45,55
DIST,4,AN0,189B,0.00,0.00,1.95,1.42,AN1,C32D,2.95,0.00,1.95,1.82,AN2,0323,-0.09,6.04,1.95,5.51,AN3,8A94,2.95,5.89,1.95,6.64,POS,1.17,0.73,1.42,49
DIST,4,AN0,189B,0.00,0.00,1.95,1.36,AN1,C32D,2.95,0.00,1.95,1.70,AN2,0323,-0.09,6.04,1.95,5.54,AN3,8A94,2.95,5.89,1.95,5.75,POS,1.20,0.69,1.46,62
DIST,4,AN0,189B,0.00,0.00,1.95,1.36,AN1,C32D,2.95,0.00,1.95,1.59,AN2,8A94,2.95,5.89,1.95,5.61,AN3,0323,-0.09,6.04,1.95,5.49,POS,1.24,0.66,1.44,54
DIST,4,AN0,189B,0.00,0.00,1.95,1.42,AN1,C32D,2.95,0.00,1.95,1.51,AN2,8A94,2.95,5.89,1.95,5.56,AN3,0323,-0.09,6.04,1.95,5.54,POS,1.28,0.63,1.43,56
DIST,4,AN0,189B,0.00,0.00,1.95,1.50,AN1,C32D,2.95,0.00,1.95,1.40,AN2,8A94,2.95,5.89,1.95,5.57,AN3,0323,-0.09,6.04,1.95,5.47,POS,1.35,0.63,1.46,59
DIST,4,AN0,189B,0.00,0.00,1.95,1.52,AN1,C32D,2.95,0.00,1.95,1.38,AN2,8A94,2.95,5.89,1.95,5.49,AN3,0323,-0.09,6.04,1.95,5.51,POS,1.40,0.62,1.47,59
DIST,4,AN0,189B,0.00,0.00,1.95,1.49,AN1,C32D,2.95,0.00,1.95,1.41,AN2,8A94,2.95,5.89,1.95,5.46,AN3,0323,-0.09,6.04,1.95,5.37,POS,1.43,0.64,1.54,64
DIST,4,AN0,189B,0.00,0.00,1.95,1.56,AN1,C32D,2.95,0.00,1.95,1.37,AN2,8A94,2.95,5.89,1.95,5.42,AN3,0323,-0.09,6.04,1.95,5.50,POS,1.47,0.63,1.52,56
DIST,4,AN0,189B,0.00,0.00,1.95,1.58,AN1,C32D,2.95,0.00,1.95,1.40,AN2,8A94,2.95,5.89,1.95,5.42,AN3,0323,-0.09,6.04,1.95,5.46,POS,1.50,0.64,1.50,54
DIST,4,AN0,C32D,2.95,0.00,1.95,1.42,AN1,189B,0.00,0.00,1.95,1.60,AN2,8A94,2.95,5.89,1.95,5.44,AN3,0323,-0.09,6.04,1.95,5.49,POS,1.52,0.64,1.47,51
DIST,4,AN0,C32D,2.95,0.00,1.95,1.46,AN1,189B,0.00,0.00,1.95,1.57,AN2,8A94,2.95,5.89,1.95,5.37,AN3,0323,-0.09,6.04,1.95,5.41,POS,1.52,0.65,1.46,57
DIST,4,AN0,C32D,2.95,0.00,1.95,1.35,AN1,189B,0.00,0.00,1.95,1.56,AN2,8A94,2.95,5.89,1.95,5.40,AN3,0323,-0.09,6.04,1.95,5.47,POS,1.54,0.65,1.48,58
DIST,4,AN0,C32D,2.95,0.00,1.95,1.48,AN1,189B,0.00,0.00,1.95,1.60,AN2,8A94,2.95,5.89,1.95,5.38,AN3,0323,-0.09,6.04,1.95,5.43,POS,1.54,0.66,1.45,55
DIST,4,AN0,C32D,2.95,0.00,1.95,1.41,AN1,189B,0.00,0.00,1.95,1.56,AN2,8A94,2.95,5.89,1.95,5.40,AN3,0323,-0.09,6.04,1.95,5.51,POS,1.50,0.60,1.45,65
DIST,4,AN0,C32D,2.95,0.00,1.95,1.36,AN1,189B,0.00,0.00,1.95,1.61,AN2,8A94,2.95,5.89,1.95,5.38,AN3,0323,-0.09,6.04,1.95,5.43,POS,1.53,0.63,1.46,57
DIST,4,AN0,C32D,2.95,0.00,1.95,1.44,AN1,189B,0.00,0.00,1.95,1.60,AN2,8A94,2.95,5.89,1.95,5.37,AN3,0323,-0.09,6.04,1.95,5.42,POS,1.54,0.64,1.45,56
DIST,4,AN0,C32D,2.95,0.00,1.95,1.40,AN1,189B,0.00,0.00,1.95,1.60,AN2,8A94,2.95,5.89,1.95,5.37,AN3,0323,-0.09,6.04,1.95,5.51,POS,1.51,0.60,1.43,59
DIST,4,AN0,C32D,2.95,0.00,1.95,1.42,AN1,189B,0.00,0.00,1.95,1.58,AN2,8A94,2.95,5.89,1.95,5.36,AN3,0323,-0.09,6.04,1.95,5.48,POS,1.48,0.57,1.42,61
DIST,4,AN0,C32D,2.95,0.00,1.95,1.41,AN1,189B,0.00,0.00,1.95,1.60,AN2,8A94,2.95,5.89,1.95,5.42,AN3,0323,-0.09,6.04,1.95,5.42,POS,1.51,0.60,1.43,57
DIST,4,AN0,C32D,2.95,0.00,1.95,1.39,AN1,189B,0.00,0.00,1.95,1.57,AN2,8A94,2.95,5.89,1.95,5.44,AN3,0323,-0.09,6.04,1.95,5.50,POS,1.52,0.61,1.43,53
DIST,4,AN0,C32D,2.95,0.00,1.95,1.43,AN1,189B,0.00,0.00,1.95,1.57,AN2,8A94,2.95,5.89,1.95,5.41,AN3,0323,-0.09,6.04,1.95,5.51,POS,1.48,0.56,1.43,65
DIST,4,AN0,C32D,2.95,0.00,1.95,1.37,AN1,189B,0.00,0.00,1.95,1.57,AN2,8A94,2.95,5.89,1.95,5.42,AN3,0323,-0.09,6.04,1.95,5.54,POS,1.51,0.57,1.43,55
DIST,4,AN0,C32D,2.95,0.00,1.95,1.33,AN1,189B,0.00,0.00,1.95,1.60,AN2,8A94,2.95,5.89,1.95,5.44,AN3,0323,-0.09,6.04,1.95,5.49,POS,1.54,0.58,1.45,56
DIST,4,AN0,C32D,2.95,0.00,1.95,1.41,AN1,189B,0.00,0.00,1.95,1.56,AN2,8A94,2.95,5.89,1.95,5.42,AN3,0323,-0.09,6.04,1.95,5.50,POS,1.54,0.59,1.44,52
DIST,4,AN0,C32D,2.95,0.00,1.95,1.35,AN1,189B,0.00,0.00,1.95,1.60,AN2,8A94,2.95,5.89,1.95,5.46,AN3,0323,-0.09,6.04,1.95,5.48,POS,1.56,0.60,1.45,55
DIST,4,AN0,C32D,2.95,0.00,1.95,1.41,AN1,189B,0.00,0.00,1.95,1.50,AN2,8A94,2.95,5.89,1.95,5.53,AN3,0323,-0.09,6.04,1.95,5.49,POS,1.55,0.60,1.47,58
DIST,4,AN0,C32D,2.95,0.00,1.95,1.38,AN1,189B,0.00,0.00,1.95,1.56,AN2,8A94,2.95,5.89,1.95,5.56,AN3,0323,-0.09,6.04,1.95,5.58,POS,1.56,0.59,1.44,55
DIST,4,AN0,C32D,2.95,0.00,1.95,1.43,AN1,189B,0.00,0.00,1.95,1.60,AN2,8A94,2.95,5.89,1.95,5.61,AN3,0323,-0.09,6.04,1.95,5.65,POS,1.56,0.58,1.48,66
DIST,4,AN0,C32D,2.95,0.00,1.95,1.61,AN1,189B,0.00,0.00,1.95,1.83,AN2,8A94,2.95,5.89,1.95,6.03,AN3,0323,-0.09,6.04,1.95,5.62,POS,1.57,0.61,1.47,56
DIST,4,AN0,C32D,2.95,0.00,1.95,1.93,AN1,189B,0.00,0.00,1.95,1.61,AN2,8A94,2.95,5.89,1.95,5.76,AN3,0323,-0.09,6.04,1.95,5.50,POS,1.50,0.64,1.43,55
DIST,4,AN0,C32D,2.95,0.00,1.95,2.20,AN1,189B,0.00,0.00,1.95,1.85,AN2,8A94,2.95,5.89,1.95,5.71,AN3,0323,-0.09,6.04,1.95,5.58,POS,1.43,0.67,1.27,39
DIST,4,AN0,189B,0.00,0.00,1.95,1.47,AN1,C32D,2.95,0.00,1.95,2.02,AN2,8A94,2.95,5.89,1.95,5.78,AN3,0323,-0.09,6.04,1.95,5.45,POS,1.36,0.69,1.31,53
DIST,4,AN0,189B,0.00,0.00,1.95,1.55,AN1,C32D,2.95,0.00,1.95,2.06,AN2,8A94,2.95,5.89,1.95,5.76,AN3,0323,-0.09,6.04,1.95,5.48,POS,1.31,0.71,1.30,51
DIST,4,AN0,189B,0.00,0.00,1.95,1.46,AN1,C32D,2.95,0.00,1.95,2.07,AN2,8A94,2.95,5.89,1.95,5.80,AN3,0323,-0.09,6.04,1.95,5.49,POS,1.26,0.71,1.31,49
DIST,4,AN0,189B,0.00,0.00,1.95,1.46,AN1,C32D,2.95,0.00,1.95,2.09,AN2,8A94,2.95,5.89,1.95,5.81,AN3,0323,-0.09,6.04,1.95,5.48,POS,1.22,0.71,1.31,49
DIST,4,AN0,189B,0.00,0.00,1.95,1.48,AN1,C32D,2.95,0.00,1.95,2.00,AN2,8A94,2.95,5.89,1.95,5.75,AN3,0323,-0.09,6.04,1.95,5.57,POS,1.21,0.70,1.32,48
DIST,4,AN0,189B,0.00,0.00,1.95,1.46,AN1,C32D,2.95,0.00,1.95,1.98,AN2,8A94,2.95,5.89,1.95,5.80,AN3,0323,-0.09,6.04,1.95,5.56,POS,1.20,0.69,1.33,49
DIST,4,AN0,189B,0.00,0.00,1.95,1.51,AN1,C32D,2.95,0.00,1.95,1.98,AN2,8A94,2.95,5.89,1.95,5.78,AN3,0323,-0.09,6.04,1.95,5.57,POS,1.20,0.68,1.33,48
DIST,4,AN0,189B,0.00,0.00,1.95,1.54,AN1,C32D,2.95,0.00,1.95,2.02,AN2,8A94,2.95,5.89,1.95,5.73,AN3,0323,-0.09,6.04,1.95,5.51,POS,1.20,0.69,1.31,50
DIST,4,AN0,189B,0.00,0.00,1.95,1.55,AN1,C32D,2.95,0.00,1.95,1.99,AN2,8A94,2.95,5.89,1.95,5.75,AN3,0323,-0.09,6.04,1.95,5.54,POS,1.20,0.69,1.31,50
DIST,4,AN0,189B,0.00,0.00,1.95,1.57,AN1,C32D,2.95,0.00,1.95,2.04,AN2,8A94,2.95,5.89,1.95,5.66,AN3,0323,-0.09,6.04,1.95,5.55,POS,1.20,0.69,1.28,47
DIST,4,AN0,189B,0.00,0.00,1.95,1.56,AN1,C32D,2.95,0.00,1.95,2.00,AN2,8A94,2.95,5.89,1.95,5.71,AN3,0323,-0.09,6.04,1.95,5.53,POS,1.20,0.70,1.27,50
DIST,4,AN0,189B,0.00,0.00,1.95,1.60,AN1,C32D,2.95,0.00,1.95,2.01,AN2,8A94,2.95,5.89,1.95,5.68,AN3,0323,-0.09,6.04,1.95,5.58,POS,1.21,0.69,1.25,47
DIST,4,AN0,189B,0.00,0.00,1.95,1.52,AN1,C32D,2.95,0.00,1.95,1.98,AN2,8A94,2.95,5.89,1.95,5.70,AN3,0323,-0.09,6.04,1.95,5.57,POS,1.21,0.68,1.26,48
DIST,4,AN0,189B,0.00,0.00,1.95,1.56,AN1,C32D,2.95,0.00,1.95,2.02,AN2,8A94,2.95,5.89,1.95,5.68,AN3,0323,-0.09,6.04,1.95,5.51,POS,1.20,0.69,1.26,50
DIST,4,AN0,189B,0.00,0.00,1.95,1.52,AN1,C32D,2.95,0.00,1.95,2.02,AN2,8A94,2.95,5.89,1.95,5.68,AN3,0323,-0.09,6.04,1.95,5.51,POS,1.20,0.70,1.27,50
DIST,4,AN0,189B,0.00,0.00,1.95,1.46,AN1,C32D,2.95,0.00,1.95,2.00,AN2,8A94,2.95,5.89,1.95,5.69,AN3,0323,-0.09,6.04,1.95,5.57,POS,1.19,0.69,1.29,48
DIST,4,AN0,189B,0.00,0.00,1.95,1.42,AN1,C32D,2.95,0.00,1.95,2.02,AN2,8A94,2.95,5.89,1.95,5.68,AN3,0323,-0.09,6.04,1.95,5.55,POS,1.17,0.68,1.31,48
DIST,4,AN0,189B,0.00,0.00,1.95,1.42,AN1,C32D,2.95,0.00,1.95,2.00,AN2,8A94,2.95,5.89,1.95,5.76,AN3,0323,-0.09,6.04,1.95,5.50,POS,1.16,0.68,1.35,51
DIST,4,AN0,C32D,2.95,0.00,1.95,1.47,AN1,189B,0.00,0.00,1.95,1.48,AN2,8A94,2.95,5.89,1.95,5.48,AN3,0323,-0.09,6.04,1.95,5.46,POS,1.53,0.67,1.49,56
DIST,4,AN0,C32D,2.95,0.00,1.95,1.46,AN1,189B,0.00,0.00,1.95,1.57,AN2,8A94,2.95,5.89,1.95,5.46,AN3,0323,-0.09,6.04,1.95,5.52,POS,1.53,0.65,1.45,50
DIST,4,AN0,C32D,2.95,0.00,1.95,1.39,AN1,189B,0.00,0.00,1.95,1.50,AN2,8A94,2.95,5.89,1.95,5.46,AN3,0323,-0.09,6.04,1.95,5.49,POS,1.54,0.64,1.47,60
DIST,4,AN0,C32D,2.95,0.00,1.95,1.45,AN1,189B,0.00,0.00,1.95,1.47,AN2,8A94,2.95,5.89,1.95,5.45,AN3,0323,-0.09,6.04,1.95,5.44,POS,1.52,0.64,1.49,58
DIST,4,AN0,C32D,2.95,0.00,1.95,1.42,AN1,189B,0.00,0.00,1.95,1.55,AN2,8A94,2.95,5.89,1.95,5.46,AN3,0323,-0.09,6.04,1.95,5.44,POS,1.53,0.64,1.49,57
DIST,4,AN0,C32D,2.95,0.00,1.95,1.42,AN1,189B,0.00,0.00,1.95,1.53,AN2,8A94,2.95,5.89,1.95,5.47,AN3,0323,-0.09,6.04,1.95,5.48,POS,1.53,0.64,1.48,54
DIST,4,AN0,C32D,2.95,0.00,1.95,1.44,AN1,189B,0.00,0.00,1.95,1.43,AN2,8A94,2.95,5.89,1.95,5.44,AN3,0323,-0.09,6.04,1.95,5.47,POS,1.52,0.63,1.50,62
DIST,4,AN0,C32D,2.95,0.00,1.95,1.44,AN1,189B,0.00,0.00,1.95,1.50,AN2,8A94,2.95,5.89,1.95,5.46,AN3,0323,-0.09,6.04,1.95,5.50,POS,1.52,0.62,1.49,55
DIST,4,AN0,C32D,2.95,0.00,1.95,1.41,AN1,189B,0.00,0.00,1.95,1.56,AN2,8A94,2.95,5.89,1.95,5.42,AN3,0323,-0.09,6.04,1.95,5.47,POS,1.53,0.63,1.47,54
DIST,4,AN0,C32D,2.95,0.00,1.95,1.45,AN1,189B,0.00,0.00,1.95,1.49,AN2,8A94,2.95,5.89,1.95,5.41,AN3,0323,-0.09,6.04,1.95,5.51,POS,1.52,0.61,1.46,55
DIST,4,AN0,C32D,2.95,0.00,1.95,1.48,AN1,189B,0.00,0.00,1.95,1.58,AN2,8A94,2.95,5.89,1.95,5.42,AN3,0323,-0.09,6.04,1.95,5.48,POS,1.52,0.62,1.42,52
DIST,4,AN0,C32D,2.95,0.00,1.95,1.48,AN1,189B,0.00,0.00,1.95,1.51,AN2,8A94,2.95,5.89,1.95,5.43,AN3,0323,-0.09,6.04,1.95,5.50,POS,1.47,0.57,1.43,66
DIST,4,AN0,189B,0.00,0.00,1.95,1.51,AN1,C32D,2.95,0.00,1.95,1.44,AN2,8A94,2.95,5.89,1.95,5.47,AN3,0323,-0.09,6.04,1.95,5.47,POS,1.48,0.59,1.44,55
DIST,4,AN0,C32D,2.95,0.00,1.95,1.39,AN1,189B,0.00,0.00,1.95,1.45,AN2,8A94,2.95,5.89,1.95,5.50,AN3,0323,-0.09,6.04,1.95,5.57,POS,1.43,0.50,1.42,66
DIST,4,AN0,189B,0.00,0.00,1.95,1.54,AN1,C32D,2.95,0.00,1.95,1.45,AN2,8A94,2.95,5.89,1.95,5.49,AN3,0323,-0.09,6.04,1.95,5.51,POS,1.45,0.53,1.41,52
DIST,4,AN0,189B,0.00,0.00,1.95,1.51,AN1,C32D,2.95,0.00,1.95,1.39,AN2,8A94,2.95,5.89,1.95,5.46,AN3,0323,-0.09,6.04,1.95,5.54,POS,1.42,0.47,1.39,63
DIST,4,AN0,189B,0.00,0.00,1.95,1.54,AN1,C32D,2.95,0.00,1.95,1.36,AN2,8A94,2.95,5.89,1.95,5.51,AN3,0323,-0.09,6.04,1.95,5.55,POS,1.46,0.49,1.41,60
DIST,4,AN0,189B,0.00,0.00,1.95,1.55,AN1,C32D,2.95,0.00,1.95,1.42,AN2,8A94,2.95,5.89,1.95,5.52,AN3,0323,-0.09,6.04,1.95,5.56,POS,1.48,0.51,1.39,53
DIST,4,AN0,C32D,2.95,0.00,1.95,1.42,AN1,189B,0.00,0.00,1.95,1.50,AN2,8A94,2.95,5.89,1.95,5.43,AN3,0323,-0.09,6.04,1.95,5.54,POS,1.49,0.52,1.40,57
DIST,4,AN0,C32D,2.95,0.00,1.95,1.41,AN1,189B,0.00,0.00,1.95,1.47,AN2,8A94,2.95,5.89,1.95,5.56,AN3,0323,-0.09,6.04,1.95,5.57,POS,1.49,0.52,1.42,62
DIST,4,AN0,C32D,2.95,0.00,1.95,1.47,AN1,189B,0.00,0.00,1.95,1.49,AN2,8A94,2.95,5.89,1.95,5.55,AN3,0323,-0.09,6.04,1.95,5.48,POS,1.49,0.54,1.42,55
DIST,4,AN0,C32D,2.95,0.00,1.95,1.49,AN1,189B,0.00,0.00,1.95,1.43,AN2,8A94,2.95,5.89,1.95,5.57,AN3,0323,-0.09,6.04,1.95,5.53,POS,1.48,0.54,1.42,58
DIST,4,AN0,C32D,2.95,0.00,1.95,1.59,AN1,189B,0.00,0.00,1.95,1.40,AN2,8A94,2.95,5.89,1.95,5.51,AN3,0323,-0.09,6.04,1.95,5.49,POS,1.45,0.55,1.40,51
DIST,4,AN0,189B,0.00,0.00,1.95,1.43,AN1,C32D,2.95,0.00,1.95,1.54,AN2,8A94,2.95,5.89,1.95,5.52,AN3,0323,-0.09,6.04,1.95,5.46,POS,1.44,0.57,1.40,54
DIST,4,AN0,189B,0.00,0.00,1.95,1.39,AN1,C32D,2.95,0.00,1.95,1.58,AN2,8A94,2.95,5.89,1.95,5.49,AN3,0323,-0.09,6.04,1.95,5.54,POS,1.40,0.54,1.45,72
DIST,4,AN0,189B,0.00,0.00,1.95,1.39,AN1,C32D,2.95,0.00,1.95,1.59,AN2,8A94,2.95,5.89,1.95,5.55,AN3,0323,-0.09,6.04,1.95,5.43,POS,1.39,0.56,1.45,53
DIST,4,AN0,189B,0.00,0.00,1.95,1.43,AN1,C32D,2.95,0.00,1.95,1.57,AN2,8A94,2.95,5.89,1.95,5.58,AN3,0323,-0.09,6.04,1.95,5.55,POS,1.39,0.57,1.53,69
DIST,4,AN0,189B,0.00,0.00,1.95,1.43,AN1,C32D,2.95,0.00,1.95,1.53,AN2,8A94,2.95,5.89,1.95,5.52,AN3,0323,-0.09,6.04,1.95,5.54,POS,1.40,0.56,1.48,54
DIST,4,AN0,189B,0.00,0.00,1.95,1.43,AN1,C32D,2.95,0.00,1.95,1.41,AN2,8A94,2.95,5.89,1.95,5.54,AN3,0323,-0.09,6.04,1.95,5.58,POS,1.36,0.48,1.47,72
DIST,4,AN0,189B,0.00,0.00,1.95,1.43,AN1,C32D,2.95,0.00,1.95,1.48,AN2,8A94,2.95,5.89,1.95,5.57,AN3,0323,-0.09,6.04,1.95,5.49,POS,1.38,0.51,1.47,58
DIST,4,AN0,189B,0.00,0.00,1.95,1.43,AN1,C32D,2.95,0.00,1.95,1.50,AN2,8A94,2.95,5.89,1.95,5.56,AN3,0323,-0.09,6.04,1.95,5.56,POS,1.39,0.51,1.45,57
DIST,4,AN0,189B,0.00,0.00,1.95,1.45,AN1,C32D,2.95,0.00,1.95,1.50,AN2,8A94,2.95,5.89,1.95,5.56,AN3,0323,-0.09,6.04,1.95,5.55,POS,1.41,0.52,1.43,55
DIST,4,AN0,189B,0.00,0.00,1.95,1.37,AN1,C32D,2.95,0.00,1.95,1.50,AN2,8A94,2.95,5.89,1.95,5.54,AN3,0323,-0.09,6.04,1.95,5.49,POS,1.41,0.53,1.45,62
DIST,4,AN0,189B,0.00,0.00,1.95,1.38,AN1,C32D,2.95,0.00,1.95,1.48,AN2,8A94,2.95,5.89,1.95,5.53,AN3,0323,-0.09,6.04,1.95,5.47,POS,1.41,0.54,1.48,64
DIST,4,AN0,189B,0.00,0.00,1.95,1.40,AN1,C32D,2.95,0.00,1.95,1.54,AN2,8A94,2.95,5.89,1.95,5.52,AN3,0323,-0.09,6.04,1.95,5.51,POS,1.41,0.54,1.46,56
DIST,4,AN0,189B,0.00,0.00,1.95,1.43,AN1,C32D,2.95,0.00,1.95,1.51,AN2,8A94,2.95,5.89,1.95,5.50,AN3,0323,-0.09,6.04,1.95,5.48,POS,1.41,0.56,1.46,56
DIST,4,AN0,189B,0.00,0.00,1.95,1.41,AN1,C32D,2.95,0.00,1.95,1.51,AN2,8A94,2.95,5.89,1.95,5.57,AN3,0323,-0.09,6.04,1.95,5.46,POS,1.41,0.57,1.47,58
DIST,4,AN0,189B,0.00,0.00,1.95,1.54,AN1,C32D,2.95,0.00,1.95,1.61,AN2,8A94,2.95,5.89,1.95,5.33,AN3,0323,-0.09,6.04,1.95,5.34,POS,1.42,0.62,1.43,59
DIST,4,AN0,189B,0.00,0.00,1.95,1.50,AN1,C32D,2.95,0.00,1.95,1.56,AN2,8A94,2.95,5.89,1.95,5.28,AN3,0323,-0.09,6.04,1.95,5.30,POS,1.42,0.66,1.44,63
DIST,4,AN0,189B,0.00,0.00,1.95,1.64,AN1,C32D,2.95,0.00,1.95,1.56,AN2,8A94,2.95,5.89,1.95,5.13,AN3,0323,-0.09,6.04,1.95,5.15,POS,1.45,0.73,1.47,70
DIST,4,AN0,189B,0.00,0.00,1.95,1.73,AN1,C32D,2.95,0.00,1.95,1.50,AN2,8A94,2.95,5.89,1.95,5.12,AN3,0323,-0.09,6.04,1.95,5.13,POS,1.49,0.80,1.51,70
DIST,4,AN0,C32D,2.95,0.00,1.95,1.54,AN1,189B,0.00,0.00,1.95,1.71,AN2,8A94,2.95,5.89,1.95,5.06,AN3,0323,-0.09,6.04,1.95,5.12,POS,1.51,0.85,1.52,71
DIST,4,AN0,C32D,2.95,0.00,1.95,1.57,AN1,189B,0.00,0.00,1.95,1.72,AN2,8A94,2.95,5.89,1.95,5.08,AN3,0323,-0.09,6.04,1.95,5.01,POS,1.53,0.91,1.60,77
DIST,4,AN0,C32D,2.95,0.00,1.95,1.53,AN1,189B,0.00,0.00,1.95,1.75,AN2,8A94,2.95,5.89,1.95,5.10,AN3,0323,-0.09,6.04,1.95,5.16,POS,1.55,0.93,1.57,67
DIST,4,AN0,C32D,2.95,0.00,1.95,1.56,AN1,189B,0.00,0.00,1.95,1.76,AN2,8A94,2.95,5.89,1.95,5.01,AN3,0323,-0.09,6.04,1.95,5.12,POS,1.56,0.95,1.54,69
DIST,4,AN0,C32D,2.95,0.00,1.95,1.54,AN1,189B,0.00,0.00,1.95,1.71,AN2,8A94,2.95,5.89,1.95,5.11,AN3,0323,-0.09,6.04,1.95,5.16,POS,1.57,0.96,1.53,68
DIST,4,AN0,C32D,2.95,0.00,1.95,1.57,AN1,189B,0.00,0.00,1.95,1.76,AN2,8A94,2.95,5.89,1.95,5.07,AN3,0323,-0.09,6.04,1.95,5.10,POS,1.57,0.98,1.52,70
DIST,4,AN0,C32D,2.95,0.00,1.95,1.57,AN1,189B,0.00,0.00,1.95,1.70,AN2,8A94,2.95,5.89,1.95,5.09,AN3,0323,-0.09,6.04,1.95,5.04,POS,1.57,1.00,1.57,76
DIST,4,AN0,C32D,2.95,0.00,1.95,1.61,AN1,189B,0.00,0.00,1.95,1.72,AN2,8A94,2.95,5.89,1.95,5.10,AN3,0323,-0.09,6.04,1.95,5.04,POS,1.56,1.02,1.57,74
DIST,4,AN0,C32D,2.95,0.00,1.95,1.56,AN1,189B,0.00,0.00,1.95,1.70,AN2,8A94,2.95,5.89,1.95,5.08,AN3,0323,-0.09,6.04,1.95,4.96,POS,1.56,1.04,1.52,69
DIST,4,AN0,C32D,2.95,0.00,1.95,1.60,AN1,189B,0.00,0.00,1.95,1.66,AN2,8A94,2.95,5.89,1.95,5.14,AN3,0323,-0.09,6.04,1.95,5.02,POS,1.55,1.05,1.59,78
DIST,4,AN0,C32D,2.95,0.00,1.95,1.60,AN1,189B,0.00,0.00,1.95,1.71,AN2,8A94,2.95,5.89,1.95,5.14,AN3,0323,-0.09,6.04,1.95,5.09,POS,1.55,1.04,1.57,71
DIST,4,AN0,C32D,2.95,0.00,1.95,1.56,AN1,189B,0.00,0.00,1.95,1.72,AN2,8A94,2.95,5.89,1.95,5.07,AN3,0323,-0.09,6.04,1.95,5.04,POS,1.56,1.05,1.61,75
DIST,4,AN0,C32D,2.95,0.00,1.95,1.54,AN1,189B,0.00,0.00,1.95,1.68,AN2,8A94,2.95,5.89,1.95,5.09,AN3,0323,-0.09,6.04,1.95,5.07,POS,1.56,1.05,1.65,75
DIST,4,AN0,C32D,2.95,0.00,1.95,1.56,AN1,189B,0.00,0.00,1.95,1.72,AN2,8A94,2.95,5.89,1.95,5.04,AN3,0323,-0.09,6.04,1.95,5.05,POS,1.56,1.05,1.66,74
DIST,4,AN0,C32D,2.95,0.00,1.95,1.51,AN1,189B,0.00,0.00,1.95,1.72,AN2,8A94,2.95,5.89,1.95,5.10,AN3,0323,-0.09,6.04,1.95,5.13,POS,1.57,1.04,1.64,70
DIST,4,AN0,C32D,2.95,0.00,1.95,1.54,AN1,189B,0.00,0.00,1.95,1.74,AN2,8A94,2.95,5.89,1.95,5.03,AN3,0323,-0.09,6.04,1.95,5.10,POS,1.58,1.04,1.62,71
DIST,4,AN0,C32D,2.95,0.00,1.95,1.53,AN1,189B,0.00,0.00,1.95,1.76,AN2,8A94,2.95,5.89,1.95,5.10,AN3,0323,-0.09,6.04,1.95,5.15,POS,1.59,1.02,1.59,68
DIST,4,AN0,C32D,2.95,0.00,1.95,1.55,AN1,189B,0.00,0.00,1.95,1.83,AN2,8A94,2.95,5.89,1.95,5.05,AN3,0323,-0.09,6.04,1.95,5.09,POS,1.61,1.04,1.56,69
DIST,4,AN0,C32D,2.95,0.00,1.95,1.56,AN1,189B,0.00,0.00,1.95,1.72,AN2,8A94,2.95,5.89,1.95,5.08,AN3,0323,-0.09,6.04,1.95,5.19,POS,1.55,0.97,1.51,59
DIST,4,AN0,C32D,2.95,0.00,1.95,1.56,AN1,189B,0.00,0.00,1.95,1.76,AN2,8A94,2.95,5.89,1.95,5.12,AN3,0323,-0.09,6.04,1.95,5.08,POS,1.56,0.99,1.51,71
DIST,4,AN0,C32D,2.95,0.00,1.95,1.56,AN1,189B,0.00,0.00,1.95,1.78,AN2,8A94,2.95,5.89,1.95,5.06,AN3,0323,-0.09,6.04,1.95,5.14,POS,1.57,1.00,1.49,67
DIST,4,AN0,C32D,2.95,0.00,1.95,1.55,AN1,189B,0.00,0.00,1.95,1.75,AN2,8A94,2.95,5.89,1.95,5.09,AN3,0323,-0.09,6.04,1.95,5.03,POS,1.58,1.02,1.55,75
DIST,4,AN0,C32D,2.95,0.00,1.95,1.55,AN1,189B,0.00,0.00,1.95,1.74,AN2,8A94,2.95,5.89,1.95,5.10,AN3,0323,-0.09,6.04,1.95,5.17,POS,1.58,1.01,1.52,66
DIST,4,AN0,C32D,2.95,0.00,1.95,1.55,AN1,189B,0.00,0.00,1.95,1.73,AN2,8A94,2.95,5.89,1.95,5.13,AN3,0323,-0.09,6.04,1.95,5.06,POS,1.58,1.02,1.55,74
DIST,4,AN0,C32D,2.95,0.00,1.95,1.57,AN1,189B,0.00,0.00,1.95,1.70,AN2,8A94,2.95,5.89,1.95,5.05,AN3,0323,-0.09,6.04,1.95,5.05,POS,1.58,1.03,1.59,75
DIST,4,AN0,C32D,2.95,0.00,1.95,1.61,AN1,189B,0.00,0.00,1.95,1.66,AN2,8A94,2.95,5.89,1.95,5.01,AN3,0323,-0.09,6.04,1.95,5.01,POS,1.56,1.05,1.65,78
DIST,4,AN0,C32D,2.95,0.00,1.95,1.64,AN1,189B,0.00,0.00,1.95,1.62,AN2,8A94,2.95,5.89,1.95,5.12,AN3,0323,-0.09,6.04,1.95,5.05,POS,1.53,1.04,1.64,76
DIST,4,AN0,C32D,2.95,0.00,1.95,1.62,AN1,189B,0.00,0.00,1.95,1.62,AN2,8A94,2.95,5.89,1.95,5.20,AN3,0323,-0.09,6.04,1.95,4.99,POS,1.52,1.04,1.55,68
DIST,4,AN0,C32D,2.95,0.00,1.95,1.73,AN1,189B,0.00,0.00,1.95,1.70,AN2,8A94,2.95,5.89,1.95,5.06,AN3,0323,-0.09,6.04,1.95,4.98,POS,1.50,1.06,1.53,75
DIST,4,AN0,C32D,2.95,0.00,1.95,1.72,AN1,189B,0.00,0.00,1.95,1.67,AN2,8A94,2.95,5.89,1.95,4.98,AN3,0323,-0.09,6.04,1.95,4.89,POS,1.49,1.09,1.63,82
DIST,4,AN0,C32D,2.95,0.00,1.95,1.80,AN1,189B,0.00,0.00,1.95,1.80,AN2,8A94,2.95,5.89,1.95,4.79,AN3,0323,-0.09,6.04,1.95,4.84,POS,1.43,1.10,1.56,68
DIST,4,AN0,189B,0.00,0.00,1.95,1.88,AN1,C32D,2.95,0.00,1.95,1.91,AN2,8A94,2.95,5.89,1.95,4.62,AN3,0323,-0.09,6.04,1.95,4.73,POS,1.44,1.17,1.53,81
DIST,4,AN0,189B,0.00,0.00,1.95,1.96,AN1,C32D,2.95,0.00,1.95,1.91,AN2,8A94,2.95,5.89,1.95,4.59,AN3,0323,-0.09,6.04,1.95,4.65,POS,1.40,1.21,1.48,74
DIST,4,AN0,189B,0.00,0.00,1.95,1.96,AN1,C32D,2.95,0.00,1.95,1.99,AN2,8A94,2.95,5.89,1.95,4.55,AN3,0323,-0.09,6.04,1.95,4.58,POS,1.37,1.26,1.44,74
DIST,4,AN0,189B,0.00,0.00,1.95,1.93,AN1,C32D,2.95,0.00,1.95,1.97,AN2,8A94,2.95,5.89,1.95,4.59,AN3,0323,-0.09,6.04,1.95,4.51,POS,1.39,1.33,1.39,79
DIST,4,AN0,189B,0.00,0.00,1.95,1.99,AN1,C32D,2.95,0.00,1.95,1.96,AN2,8A94,2.95,5.89,1.95,4.55,AN3,0323,-0.09,6.04,1.95,4.47,POS,1.41,1.39,1.36,81
DIST,4,AN0,189B,0.00,0.00,1.95,1.92,AN1,C32D,2.95,0.00,1.95,1.94,AN2,8A94,2.95,5.89,1.95,4.58,AN3,0323,-0.09,6.04,1.95,4.47,POS,1.42,1.44,1.36,84
DIST,4,AN0,189B,0.00,0.00,1.95,1.98,AN1,C32D,2.95,0.00,1.95,1.96,AN2,8A94,2.95,5.89,1.95,4.60,AN3,0323,-0.09,6.04,1.95,4.57,POS,1.44,1.47,1.42,87
DIST,4,AN0,189B,0.00,0.00,1.95,1.97,AN1,C32D,2.95,0.00,1.95,1.95,AN2,8A94,2.95,5.89,1.95,4.57,AN3,0323,-0.09,6.04,1.95,4.58,POS,1.45,1.48,1.46,87
DIST,4,AN0,189B,0.00,0.00,1.95,2.00,AN1,C32D,2.95,0.00,1.95,1.87,AN2,8A94,2.95,5.89,1.95,4.55,AN3,0323,-0.09,6.04,1.95,4.56,POS,1.48,1.49,1.41,78
DIST,4,AN0,C32D,2.95,0.00,1.95,1.95,AN1,189B,0.00,0.00,1.95,2.01,AN2,8A94,2.95,5.89,1.95,4.57,AN3,0323,-0.09,6.04,1.95,4.56,POS,1.49,1.51,1.46,87
DIST,4,AN0,C32D,2.95,0.00,1.95,1.95,AN1,189B,0.00,0.00,1.95,1.99,AN2,8A94,2.95,5.89,1.95,4.56,AN3,0323,-0.09,6.04,1.95,4.54,POS,1.50,1.53,1.53,89
DIST,4,AN0,C32D,2.95,0.00,1.95,1.93,AN1,189B,0.00,0.00,1.95,1.93,AN2,8A94,2.95,5.89,1.95,4.56,AN3,0323,-0.09,6.04,1.95,4.50,POS,1.49,1.53,1.47,81
DIST,4,AN0,C32D,2.95,0.00,1.95,1.96,AN1,189B,0.00,0.00,1.95,1.98,AN2,8A94,2.95,5.89,1.95,4.62,AN3,0323,-0.09,6.04,1.95,4.55,POS,1.49,1.54,1.52,89
DIST,4,AN0,C32D,2.95,0.00,1.95,1.92,AN1,189B,0.00,0.00,1.95,1.91,AN2,8A94,2.95,5.89,1.95,4.55,AN3,0323,-0.09,6.04,1.95,4.49,POS,1.49,1.54,1.49,83
DIST,4,AN0,C32D,2.95,0.00,1.95,1.91,AN1,189B,0.00,0.00,1.95,2.00,AN2,8A94,2.95,5.89,1.95,4.59,AN3,0323,-0.09,6.04,1.95,4.50,POS,1.50,1.55,1.44,80
DIST,4,AN0,C32D,2.95,0.00,1.95,1.89,AN1,189B,0.00,0.00,1.95,1.90,AN2,8A94,2.95,5.89,1.95,4.58,AN3,0323,-0.09,6.04,1.95,4.51,POS,1.50,1.54,1.43,83
DIST,4,AN0,C32D,2.95,0.00,1.95,1.91,AN1,189B,0.00,0.00,1.95,2.00,AN2,8A94,2.95,5.89,1.95,4.59,AN3,0323,-0.09,6.04,1.95,4.52,POS,1.51,1.55,1.39,80
DIST,4,AN0,C32D,2.95,0.00,1.95,1.91,AN1,189B,0.00,0.00,1.95,2.00,AN2,8A94,2.95,5.89,1.95,4.50,AN3,0323,-0.09,6.04,1.95,4.61,POS,1.48,1.51,1.37,77
DIST,4,AN0,C32D,2.95,0.00,1.95,1.99,AN1,189B,0.00,0.00,1.95,1.96,AN2,8A94,2.95,5.89,1.95,4.56,AN3,0323,-0.09,6.04,1.95,4.53,POS,1.47,1.53,1.45,89
DIST,4,AN0,189B,0.00,0.00,1.95,1.94,AN1,C32D,2.95,0.00,1.95,2.02,AN2,8A94,2.95,5.89,1.95,4.65,AN3,0323,-0.09,6.04,1.95,4.51,POS,1.46,1.54,1.51,88
DIST,4,AN0,189B,0.00,0.00,1.95,1.88,AN1,C32D,2.95,0.00,1.95,2.00,AN2,8A94,2.95,5.89,1.95,4.60,AN3,0323,-0.09,6.04,1.95,4.58,POS,1.38,1.49,1.50,74
DIST,4,AN0,189B,0.00,0.00,1.95,1.94,AN1,C32D,2.95,0.00,1.95,1.98,AN2,8A94,2.95,5.89,1.95,4.59,AN3,0323,-0.09,6.04,1.95,4.52,POS,1.40,1.51,1.43,79
DIST,4,AN0,189B,0.00,0.00,1.95,1.88,AN1,C32D,2.95,0.00,1.95,1.97,AN2,8A94,2.95,5.89,1.95,4.62,AN3,0323,-0.09,6.04,1.95,4.60,POS,1.40,1.50,1.48,86
DIST,4,AN0,189B,0.00,0.00,1.95,1.96,AN1,C32D,2.95,0.00,1.95,1.96,AN2,8A94,2.95,5.89,1.95,4.62,AN3,0323,-0.09,6.04,1.95,4.54,POS,1.42,1.52,1.56,90
DIST,4,AN0,189B,0.00,0.00,1.95,1.90,AN1,C32D,2.95,0.00,1.95,2.04,AN2,8A94,2.95,5.89,1.95,4.55,AN3,0323,-0.09,6.04,1.95,4.53,POS,1.36,1.49,1.52,74
DIST,4,AN0,189B,0.00,0.00,1.95,1.97,AN1,C32D,2.95,0.00,1.95,2.05,AN2,8A94,2.95,5.89,1.95,4.53,AN3,0323,-0.09,6.04,1.95,4.44,POS,1.37,1.52,1.44,79
DIST,4,AN0,189B,0.00,0.00,1.95,2.09,AN1,C32D,2.95,0.00,1.95,2.12,AN2,8A94,2.95,5.89,1.95,4.41,AN3,0323,-0.09,6.04,1.95,4.35,POS,1.39,1.58,1.52,93
DIST,4,AN0,189B,0.00,0.00,1.95,2.17,AN1,C32D,2.95,0.00,1.95,2.24,AN2,8A94,2.95,5.89,1.95,4.27,AN3,0323,-0.09,6.04,1.95,4.24,POS,1.34,1.62,1.48,80
DIST,4,AN0,189B,0.00,0.00,1.95,2.25,AN1,C32D,2.95,0.00,1.95,2.27,AN2,8A94,2.95,5.89,1.95,4.23,AN3,0323,-0.09,6.04,1.95,4.13,POS,1.37,1.70,1.41,85
DIST,4,AN0,189B,0.00,0.00,1.95,2.31,AN1,C32D,2.95,0.00,1.95,2.40,AN2,8A94,2.95,5.89,1.95,4.16,AN3,0323,-0.09,6.04,1.95,4.16,POS,1.33,1.75,1.45,88
DIST,4,AN0,189B,0.00,0.00,1.95,2.27,AN1,C32D,2.95,0.00,1.95,2.40,AN2,8A94,2.95,5.89,1.95,4.20,AN3,0323,-0.09,6.04,1.95,4.17,POS,1.30,1.78,1.49,87
DIST,4,AN0,189B,0.00,0.00,1.95,2.28,AN1,C32D,2.95,0.00,1.95,2.38,AN2,8A94,2.95,5.89,1.95,4.19,AN3,0323,-0.09,6.04,1.95,4.10,POS,1.32,1.84,1.50,92
DIST,4,AN0,189B,0.00,0.00,1.95,2.24,AN1,C32D,2.95,0.00,1.95,2.38,AN2,8A94,2.95,5.89,1.95,4.16,AN3,0323,-0.09,6.04,1.95,4.03,POS,1.33,1.89,1.43,85
DIST,4,AN0,189B,0.00,0.00,1.95,2.33,AN1,C32D,2.95,0.00,1.95,2.35,AN2,8A94,2.95,5.89,1.95,4.11,AN3,0323,-0.09,6.04,1.95,4.02,POS,1.36,1.93,1.38,87
DIST,4,AN0,189B,0.00,0.00,1.95,2.30,AN1,C32D,2.95,0.00,1.95,2.33,AN2,8A94,2.95,5.89,1.95,4.13,AN3,0323,-0.09,6.04,1.95,4.14,POS,1.33,1.92,1.35,82
DIST,4,AN0,189B,0.00,0.00,1.95,2.34,AN1,C32D,2.95,0.00,1.95,2.37,AN2,8A94,2.95,5.89,1.95,4.11,AN3,0323,-0.09,6.04,1.95,4.04,POS,1.36,1.95,1.30,85
DIST,4,AN0,189B,0.00,0.00,1.95,2.33,AN1,C32D,2.95,0.00,1.95,2.36,AN2,8A94,2.95,5.89,1.95,4.11,AN3,0323,-0.09,6.04,1.95,4.17,POS,1.35,1.94,1.35,89
DIST,4,AN0,189B,0.00,0.00,1.95,2.33,AN1,C32D,2.95,0.00,1.95,2.33,AN2,8A94,2.95,5.89,1.95,4.13,AN3,0323,-0.09,6.04,1.95,4.11,POS,1.31,1.93,1.34,83
DIST,4,AN0,189B,0.00,0.00,1.95,2.27,AN1,C32D,2.95,0.00,1.95,2.26,AN2,8A94,2.95,5.89,1.95,4.14,AN3,0323,-0.09,6.04,1.95,4.09,POS,1.36,1.94,1.33,87
DIST,4,AN0,189B,0.00,0.00,1.95,2.31,AN1,C32D,2.95,0.00,1.95,2.37,AN2,8A94,2.95,5.89,1.95,4.12,AN3,0323,-0.09,6.04,1.95,4.06,POS,1.37,1.97,1.43,95
DIST,4,AN0,189B,0.00,0.00,1.95,2.29,AN1,C32D,2.95,0.00,1.95,2.33,AN2,8A94,2.95,5.89,1.95,4.16,AN3,0323,-0.09,6.04,1.95,4.12,POS,1.32,1.94,1.41,82
DIST,4,AN0,189B,0.00,0.00,1.95,2.33,AN1,C32D,2.95,0.00,1.95,2.29,AN2,8A94,2.95,5.89,1.95,4.16,AN3,0323,-0.09,6.04,1.95,4.12,POS,1.37,1.96,1.35,83
DIST,4,AN0,189B,0.00,0.00,1.95,2.30,AN1,C32D,2.95,0.00,1.95,2.39,AN2,8A94,2.95,5.89,1.95,4.12,AN3,0323,-0.09,6.04,1.95,4.07,POS,1.32,1.94,1.34,82
DIST,4,AN0,189B,0.00,0.00,1.95,2.28,AN1,C32D,2.95,0.00,1.95,2.33,AN2,8A94,2.95,5.89,1.95,4.08,AN3,0323,-0.09,6.04,1.95,4.12,POS,1.31,1.93,1.31,82
DIST,4,AN0,189B,0.00,0.00,1.95,2.33,AN1,C32D,2.95,0.00,1.95,2.38,AN2,8A94,2.95,5.89,1.95,4.07,AN3,0323,-0.09,6.04,1.95,4.13,POS,1.31,1.94,1.37,90
DIST,4,AN0,189B,0.00,0.00,1.95,2.33,AN1,C32D,2.95,0.00,1.95,2.29,AN2,8A94,2.95,5.89,1.95,4.12,AN3,0323,-0.09,6.04,1.95,4.12,POS,1.36,1.96,1.48,95
DIST,4,AN0,189B,0.00,0.00,1.95,2.27,AN1,C32D,2.95,0.00,1.95,2.37,AN2,8A94,2.95,5.89,1.95,4.16,AN3,0323,-0.09,6.04,1.95,4.16,POS,1.33,1.94,1.53,89
DIST,4,AN0,189B,0.00,0.00,1.95,2.27,AN1,C32D,2.95,0.00,1.95,2.41,AN2,8A94,2.95,5.89,1.95,4.18,AN3,0323,-0.09,6.04,1.95,4.14,POS,1.29,1.93,1.57,88
DIST,4,AN0,189B,0.00,0.00,1.95,2.26,AN1,C32D,2.95,0.00,1.95,2.34,AN2,8A94,2.95,5.89,1.95,4.18,AN3,0323,-0.09,6.04,1.95,4.08,POS,1.32,1.95,1.47,84
DIST,4,AN0,189B,0.00,0.00,1.95,2.36,AN1,C32D,2.95,0.00,1.95,2.43,AN2,8A94,2.95,5.89,1.95,4.12,AN3,0323,-0.09,6.04,1.95,4.02,POS,1.34,1.99,1.50,94
DIST,4,AN0,189B,0.00,0.00,1.95,2.41,AN1,C32D,2.95,0.00,1.95,2.46,AN2,8A94,2.95,5.89,1.95,4.10,AN3,0323,-0.09,6.04,1.95,3.91,POS,1.36,2.04,1.43,87
DIST,4,AN0,189B,0.00,0.00,1.95,2.54,AN1,C32D,2.95,0.00,1.95,2.62,AN2,8A94,2.95,5.89,1.95,3.95,AN3,0323,-0.09,6.04,1.95,3.73,POS,1.37,2.12,1.38,88
DIST,4,AN0,189B,0.00,0.00,1.95,2.64,AN1,C32D,2.95,0.00,1.95,2.78,AN2,8A94,2.95,5.89,1.95,3.68,AN3,0323,-0.09,6.04,1.95,3.70,POS,1.36,2.19,1.40,93
DIST,4,AN0,189B,0.00,0.00,1.95,2.75,AN1,C32D,2.95,0.00,1.95,2.83,AN2,8A94,2.95,5.89,1.95,3.63,AN3,0323,-0.09,6.04,1.95,3.65,POS,1.35,2.27,1.40,93
DIST,4,AN0,189B,0.00,0.00,1.95,2.76,AN1,C32D,2.95,0.00,1.95,2.79,AN2,8A94,2.95,5.89,1.95,3.61,AN3,0323,-0.09,6.04,1.95,3.63,POS,1.33,2.32,1.48,96
DIST,4,AN0,189B,0.00,0.00,1.95,2.74,AN1,C32D,2.95,0.00,1.95,2.77,AN2,8A94,2.95,5.89,1.95,3.69,AN3,0323,-0.09,6.04,1.95,3.58,POS,1.28,2.34,1.45,89
DIST,4,AN0,189B,0.00,0.00,1.95,2.73,AN1,C32D,2.95,0.00,1.95,2.80,AN2,8A94,2.95,5.89,1.95,3.65,AN3,0323,-0.09,6.04,1.95,3.64,POS,1.27,2.36,1.52,95
DIST,4,AN0,189B,0.00,0.00,1.95,2.71,AN1,C32D,2.95,0.00,1.95,2.80,AN2,8A94,2.95,5.89,1.95,3.69,AN3,0323,-0.09,6.04,1.95,3.58,POS,1.30,2.41,1.62,98
DIST,4,AN0,189B,0.00,0.00,1.95,2.72,AN1,C32D,2.95,0.00,1.95,2.83,AN2,8A94,2.95,5.89,1.95,3.66,AN3,0323,-0.09,6.04,1.95,3.67,POS,1.30,2.42,1.56,92
DIST,4,AN0,189B,0.00,0.00,1.95,2.68,AN1,C32D,2.95,0.00,1.95,2.85,AN2,8A94,2.95,5.89,1.95,3.69,AN3,0323,-0.09,6.04,1.95,3.62,POS,1.27,2.43,1.58,93
DIST,4,AN0,189B,0.00,0.00,1.95,2.67,AN1,C32D,2.95,0.00,1.95,2.87,AN2,8A94,2.95,5.89,1.95,3.67,AN3,0323,-0.09,6.04,1.95,3.72,POS,1.27,2.44,1.50,89
DIST,4,AN0,189B,0.00,0.00,1.95,2.72,AN1,C32D,2.95,0.00,1.95,2.80,AN2,8A94,2.95,5.89,1.95,3.72,AN3,0323,-0.09,6.04,1.95,3.58,POS,1.23,2.42,1.45,87
DIST,4,AN0,189B,0.00,0.00,1.95,2.69,AN1,C32D,2.95,0.00,1.95,2.80,AN2,0323,-0.09,6.04,1.95,3.65,AN3,8A94,2.95,5.89,1.95,3.76,POS,1.26,2.44,1.46,94
DIST,4,AN0,189B,0.00,0.00,1.95,2.68,AN1,C32D,2.95,0.00,1.95,2.78,AN2,8A94,2.95,5.89,1.95,3.66,AN3,0323,-0.09,6.04,1.95,3.60,POS,1.24,2.44,1.41,87
DIST,4,AN0,189B,0.00,0.00,1.95,2.68,AN1,C32D,2.95,0.00,1.95,2.74,AN2,0323,-0.09,6.04,1.95,3.65,AN3,8A94,2.95,5.89,1.95,3.66,POS,1.24,2.43,1.35,86
DIST,4,AN0,189B,0.00,0.00,1.95,2.69,AN1,C32D,2.95,0.00,1.95,2.80,AN2,0323,-0.09,6.04,1.95,3.70,AN3,8A94,2.95,5.89,1.95,3.70,POS,1.24,2.43,1.37,92
DIST,4,AN0,189B,0.00,0.00,1.95,2.70,AN1,C32D,2.95,0.00,1.95,2.77,AN2,0323,-0.09,6.04,1.95,3.63,AN3,8A94,2.95,5.89,1.95,3.62,POS,1.28,2.45,1.45,97
DIST,4,AN0,189B,0.00,0.00,1.95,2.68,AN1,C32D,2.95,0.00,1.95,2.81,AN2,8A94,2.95,5.89,1.95,3.70,AN3,0323,-0.09,6.04,1.95,3.66,POS,1.26,2.44,1.48,93
DIST,4,AN0,189B,0.00,0.00,1.95,2.70,AN1,C32D,2.95,0.00,1.95,2.80,AN2,8A94,2.95,5.89,1.95,3.70,AN3,0323,-0.09,6.04,1.95,3.65,POS,1.25,2.44,1.52,94
DIST,4,AN0,189B,0.00,0.00,1.95,2.68,AN1,C32D,2.95,0.00,1.95,2.77,AN2,0323,-0.09,6.04,1.95,3.66,AN3,8A94,2.95,5.89,1.95,3.66,POS,1.25,2.43,1.57,95
DIST,4,AN0,189B,0.00,0.00,1.95,2.73,AN1,C32D,2.95,0.00,1.95,2.77,AN2,0323,-0.09,6.04,1.95,3.63,AN3,8A94,2.95,5.89,1.95,3.66,POS,1.30,2.46,1.60,98
DIST,4,AN0,189B,0.00,0.00,1.95,2.69,AN1,C32D,2.95,0.00,1.95,2.80,AN2,8A94,2.95,5.89,1.95,3.65,AN3,0323,-0.09,6.04,1.95,3.68,POS,1.30,2.46,1.56,93
DIST,4,AN0,189B,0.00,0.00,1.95,2.69,AN1,C32D,2.95,0.00,1.95,2.81,AN2,8A94,2.95,5.89,1.95,3.69,AN3,0323,-0.09,6.04,1.95,3.56,POS,1.32,2.48,1.46,88
DIST,4,AN0,189B,0.00,0.00,1.95,2.72,AN1,C32D,2.95,0.00,1.95,2.84,AN2,8A94,2.95,5.89,1.95,3.61,AN3,0323,-0.09,6.04,1.95,3.56,POS,1.29,2.48,1.39,86
DIST,4,AN0,189B,0.00,0.00,1.95,2.84,AN1,C32D,2.95,0.00,1.95,2.93,AN2,8A94,2.95,5.89,1.95,3.56,AN3,0323,-0.09,6.04,1.95,3.39,POS,1.22,2.50,1.41,90
DIST,4,AN0,189B,0.00,0.00,1.95,2.98,AN1,C32D,2.95,0.00,1.95,3.03,AN2,0323,-0.09,6.04,1.95,3.49,AN3,8A94,2.95,5.89,1.95,3.49,POS,1.23,2.54,1.38,91
DIST,4,AN0,189B,0.00,0.00,1.95,3.01,AN1,C32D,2.95,0.00,1.95,3.12,AN2,0323,-0.09,6.04,1.95,3.34,AN3,8A94,2.95,5.89,1.95,3.35,POS,1.25,2.61,1.39,94
DIST,4,AN0,189B,0.00,0.00,1.95,3.09,AN1,C32D,2.95,0.00,1.95,3.15,AN2,0323,-0.09,6.04,1.95,3.22,AN3,8A94,2.95,5.89,1.95,3.28,POS,1.24,2.68,1.33,88
DIST,4,AN0,189B,0.00,0.00,1.95,3.06,AN1,C32D,2.95,0.00,1.95,3.18,AN2,0323,-0.09,6.04,1.95,3.28,AN3,8A94,2.95,5.89,1.95,3.31,POS,1.26,2.72,1.35,94
DIST,4,AN0,189B,0.00,0.00,1.95,3.09,AN1,C32D,2.95,0.00,1.95,3.24,AN2,0323,-0.09,6.04,1.95,3.26,AN3,8A94,2.95,5.89,1.95,3.37,POS,1.23,2.76,1.35,92
DIST,4,AN0,189B,0.00,0.00,1.95,3.07,AN1,C32D,2.95,0.00,1.95,3.22,AN2,0323,-0.09,6.04,1.95,3.19,AN3,8A94,2.95,5.89,1.95,3.31,POS,1.21,2.79,1.44,97
DIST,4,AN0,189B,0.00,0.00,1.95,3.12,AN1,C32D,2.95,0.00,1.95,3.23,AN2,0323,-0.09,6.04,1.95,3.18,AN3,8A94,2.95,5.89,1.95,3.33,POS,1.25,2.85,1.47,96
DIST,4,AN0,189B,0.00,0.00,1.95,3.15,AN1,C32D,2.95,0.00,1.95,3.20,AN2,0323,-0.09,6.04,1.95,3.17,AN3,8A94,2.95,5.89,1.95,3.24,POS,1.29,2.89,1.56,99
DIST,4,AN0,189B,0.00,0.00,1.95,3.18,AN1,C32D,2.95,0.00,1.95,3.26,AN2,8A94,2.95,5.89,1.95,3.26,AN3,0323,-0.09,6.04,1.95,3.22,POS,1.28,2.91,1.51,92
DIST,4,AN0,189B,0.00,0.00,1.95,3.15,AN1,C32D,2.95,0.00,1.95,3.22,AN2,0323,-0.09,6.04,1.95,3.24,AN3,8A94,2.95,5.89,1.95,3.26,POS,1.27,2.91,1.49,94
DIST,4,AN0,189B,0.00,0.00,1.95,3.16,AN1,C32D,2.95,0.00,1.95,3.24,AN2,0323,-0.09,6.04,1.95,3.30,AN3,8A94,2.95,5.89,1.95,3.26,POS,1.29,2.92,1.54,98
DIST,4,AN0,189B,0.00,0.00,1.95,3.15,AN1,C32D,2.95,0.00,1.95,3.23,AN2,8A94,2.95,5.89,1.95,3.22,AN3,0323,-0.09,6.04,1.95,3.26,POS,1.31,2.93,1.48,92
DIST,4,AN0,189B,0.00,0.00,1.95,3.18,AN1,C32D,2.95,0.00,1.95,3.23,AN2,8A94,2.95,5.89,1.95,3.24,AN3,0323,-0.09,6.04,1.95,3.25,POS,1.30,2.93,1.45,93
DIST,4,AN0,189B,0.00,0.00,1.95,3.16,AN1,C32D,2.95,0.00,1.95,3.24,AN2,8A94,2.95,5.89,1.95,3.27,AN3,0323,-0.09,6.04,1.95,3.24,POS,1.29,2.93,1.43,93
DIST,4,AN0,189B,0.00,0.00,1.95,3.16,AN1,C32D,2.95,0.00,1.95,3.24,AN2,8A94,2.95,5.89,1.95,3.27,AN3,0323,-0.09,6.04,1.95,3.16,POS,1.26,2.93,1.50,97
DIST,4,AN0,189B,0.00,0.00,1.95,3.15,AN1,C32D,2.95,0.00,1.95,3.20,AN2,0323,-0.09,6.04,1.95,3.27,AN3,8A94,2.95,5.89,1.95,3.25,POS,1.28,2.93,1.46,93
DIST,4,AN0,189B,0.00,0.00,1.95,3.15,AN1,C32D,2.95,0.00,1.95,3.19,AN2,8A94,2.95,5.89,1.95,3.21,AN3,0323,-0.09,6.04,1.95,3.19,POS,1.28,2.93,1.55,98
DIST,4,AN0,189B,0.00,0.00,1.95,3.17,AN1,C32D,2.95,0.00,1.95,3.19,AN2,0323,-0.09,6.04,1.95,3.20,AN3,8A94,2.95,5.89,1.95,3.19,POS,1.28,2.93,1.59,98
DIST,4,AN0,189B,0.00,0.00,1.95,3.12,AN1,C32D,2.95,0.00,1.95,3.19,AN2,0323,-0.09,6.04,1.95,3.25,AN3,8A94,2.95,5.89,1.95,3.21,POS,1.30,2.93,1.56,95
DIST,4,AN0,189B,0.00,0.00,1.95,3.18,AN1,C32D,2.95,0.00,1.95,3.18,AN2,8A94,2.95,5.89,1.95,3.22,AN3,0323,-0.09,6.04,1.95,3.27,POS,1.31,2.93,1.53,94
DIST,4,AN0,189B,0.00,0.00,1.95,3.15,AN1,C32D,2.95,0.00,1.95,3.18,AN2,8A94,2.95,5.89,1.95,3.21,AN3,0323,-0.09,6.04,1.95,3.28,POS,1.33,2.93,1.49,94
DIST,4,AN0,189B,0.00,0.00,1.95,3.15,AN1,C32D,2.95,0.00,1.95,3.21,AN2,8A94,2.95,5.89,1.95,3.22,AN3,0323,-0.09,6.04,1.95,3.25,POS,1.34,2.93,1.47,94
DIST,4,AN0,189B,0.00,0.00,1.95,3.16,AN1,C32D,2.95,0.00,1.95,3.17,AN2,8A94,2.95,5.89,1.95,3.24,AN3,0323,-0.09,6.04,1.95,3.25,POS,1.33,2.92,1.50,97
DIST,4,AN0,189B,0.00,0.00,1.95,3.15,AN1,C32D,2.95,0.00,1.95,3.14,AN2,8A94,2.95,5.89,1.95,3.23,AN3,0323,-0.09,6.04,1.95,3.19,POS,1.31,2.92,1.43,89
DIST,4,AN0,189B,0.00,0.00,1.95,3.14,AN1,C32D,2.95,0.00,1.95,3.20,AN2,8A94,2.95,5.89,1.95,3.17,AN3,0323,-0.09,6.04,1.95,3.21,POS,1.32,2.93,1.46,97
DIST,4,AN0,189B,0.00,0.00,1.95,3.17,AN1,C32D,2.95,0.00,1.95,3.20,AN2,8A94,2.95,5.89,1.95,3.22,AN3,0323,-0.09,6.04,1.95,3.27,POS,1.34,2.93,1.43,93
DIST,4,AN0,189B,0.00,0.00,1.95,3.16,AN1,C32D,2.95,0.00,1.95,3.18,AN2,8A94,2.95,5.89,1.95,3.20,AN3,0323,-0.09,6.04,1.95,3.26,POS,1.35,2.93,1.44,95
DIST,4,AN0,189B,0.00,0.00,1.95,3.16,AN1,C32D,2.95,0.00,1.95,3.16,AN2,8A94,2.95,5.89,1.95,3.19,AN3,0323,-0.09,6.04,1.95,3.24,POS,1.35,2.93,1.49,98
DIST,4,AN0,189B,0.00,0.00,1.95,3.19,AN1,C32D,2.95,0.00,1.95,3.15,AN2,8A94,2.95,5.89,1.95,3.19,AN3,0323,-0.09,6.04,1.95,3.20,POS,1.39,2.96,1.41,89
DIST,4,AN0,189B,0.00,0.00,1.95,3.16,AN1,8A94,2.95,5.89,1.95,3.16,AN2,C32D,2.95,0.00,1.95,3.21,AN3,0323,-0.09,6.04,1.95,3.25,POS,1.39,2.96,1.40,93
DIST,4,AN0,189B,0.00,0.00,1.95,3.18,AN1,8A94,2.95,5.89,1.95,3.19,AN2,C32D,2.95,0.00,1.95,3.16,AN3,0323,-0.09,6.04,1.95,3.20,POS,1.42,2.98,1.33,88
DIST,4,AN0,8A94,2.95,5.89,1.95,3.18,AN1,189B,0.00,0.00,1.95,3.24,AN2,C32D,2.95,0.00,1.95,3.19,AN3,0323,-0.09,6.04,1.95,3.17,POS,1.45,3.01,1.29,88
DIST,4,AN0,8A94,2.95,5.89,1.95,3.16,AN1,189B,0.00,0.00,1.95,3.19,AN2,C32D,2.95,0.00,1.95,3.22,AN3,0323,-0.09,6.04,1.95,3.27,POS,1.44,3.00,1.29,92
DIST,4,AN0,8A94,2.95,5.89,1.95,3.18,AN1,189B,0.00,0.00,1.95,3.21,AN2,C32D,2.95,0.00,1.95,3.22,AN3,0323,-0.09,6.04,1.95,3.26,POS,1.44,3.01,1.30,93
DIST,4,AN0,8A94,2.95,5.89,1.95,3.20,AN1,189B,0.00,0.00,1.95,3.20,AN2,C32D,2.95,0.00,1.95,3.19,AN3,0323,-0.09,6.04,1.95,3.26,POS,1.43,3.01,1.32,93
DIST,3,AN0,8A94,2.95,5.89,1.95,3.17,AN1,189B,0.00,0.00,1.95,3.19,AN2,C32D,2.95,0.00,1.95,3.14,POS,1.46,2.99,1.29,89
DIST,4,AN0,8A94,2.95,5.89,1.95,3.19,AN1,189B,0.00,0.00,1.95,3.20,AN2,C32D,2.95,0.00,1.95,3.18,AN3,0323,-0.09,6.04,1.95,3.27,POS,1.45,2.99,1.32,94
DIST,4,AN0,8A94,2.95,5.89,1.95,3.18,AN1,189B,0.00,0.00,1.95,3.21,AN2,C32D,2.95,0.00,1.95,3.19,AN3,0323,-0.09,6.04,1.95,3.29,POS,1.45,2.99,1.32,92
DIST,4,AN0,8A94,2.95,5.89,1.95,3.14,AN1,189B,0.00,0.00,1.95,3.21,AN2,C32D,2.95,0.00,1.95,3.11,AN3,0323,-0.09,6.04,1.95,3.19,POS,1.49,3.01,1.30,91
DIST,4,AN0,8A94,2.95,5.89,1.95,3.21,AN1,C32D,2.95,0.00,1.95,3.15,AN2,189B,0.00,0.00,1.95,3.19,AN3,0323,-0.09,6.04,1.95,3.30,POS,1.46,2.98,1.33,94
DIST,4,AN0,8A94,2.95,5.89,1.95,3.17,AN1,189B,0.00,0.00,1.95,3.17,AN2,C32D,2.95,0.00,1.95,3.17,AN3,0323,-0.09,6.04,1.95,3.33,POS,1.46,2.98,1.32,92
DIST,4,AN0,8A94,2.95,5.89,1.95,3.20,AN1,189B,0.00,0.00,1.95,3.17,AN2,C32D,2.95,0.00,1.95,3.12,AN3,0323,-0.09,6.04,1.95,3.24,POS,1.43,2.96,1.28,88
DIST,4,AN0,189B,0.00,0.00,1.95,3.20,AN1,8A94,2.95,5.89,1.95,3.20,AN2,C32D,2.95,0.00,1.95,3.11,AN3,0323,-0.09,6.04,1.95,3.30,POS,1.47,2.97,1.35,97
DIST,4,AN0,8A94,2.95,5.89,1.95,3.17,AN1,189B,0.00,0.00,1.95,3.19,AN2,C32D,2.95,0.00,1.95,3.17,AN3,0323,-0.09,6.04,1.95,3.32,POS,1.47,2.97,1.33,92
DIST,4,AN0,8A94,2.95,5.89,1.95,3.19,AN1,189B,0.00,0.00,1.95,3.14,AN2,C32D,2.95,0.00,1.95,3.18,AN3,0323,-0.09,6.04,1.95,3.34,POS,1.46,2.96,1.31,91
DIST,4,AN0,8A94,2.95,5.89,1.95,3.22,AN1,189B,0.00,0.00,1.95,3.22,AN2,C32D,2.95,0.00,1.95,3.15,AN3,0323,-0.09,6.04,1.95,3.29,POS,1.48,2.97,1.35,95
DIST,4,AN0,8A94,2.95,5.89,1.95,3.18,AN1,C32D,2.95,0.00,1.95,3.16,AN2,189B,0.00,0.00,1.95,3.16,AN3,0323,-0.09,6.04,1.95,3.30,POS,1.48,2.96,1.35,93
DIST,4,AN0,8A94,2.95,5.89,1.95,3.22,AN1,C32D,2.95,0.00,1.95,3.23,AN2,189B,0.00,0.00,1.95,3.14,AN3,0323,-0.09,6.04,1.95,3.28,POS,1.45,2.96,1.33,91
DIST,4,AN0,189B,0.00,0.00,1.95,3.17,AN1,8A94,2.95,5.89,1.95,3.16,AN2,C32D,2.95,0.00,1.95,3.21,AN3,0323,-0.09,6.04,1.95,3.31,POS,1.45,2.96,1.31,92
DIST,4,AN0,8A94,2.95,5.89,1.95,3.18,AN1,189B,0.00,0.00,1.95,3.20,AN2,C32D,2.95,0.00,1.95,3.11,AN3,0323,-0.09,6.04,1.95,3.27,POS,1.48,2.97,1.42,98
DIST,4,AN0,8A94,2.95,5.89,1.95,3.17,AN1,C32D,2.95,0.00,1.95,3.15,AN2,189B,0.00,0.00,1.95,3.16,AN3,0323,-0.09,6.04,1.95,3.27,POS,1.47,2.97,1.44,96
DIST,4,AN0,8A94,2.95,5.89,1.95,3.16,AN1,189B,0.00,0.00,1.95,3.22,AN2,C32D,2.95,0.00,1.95,3.14,AN3,0323,-0.09,6.04,1.95,3.27,POS,1.49,2.98,1.47,97
DIST,4,AN0,8A94,2.95,5.89,1.95,3.18,AN1,C32D,2.95,0.00,1.95,3.19,AN2,189B,0.00,0.00,1.95,3.21,AN3,0323,-0.09,6.04,1.95,3.19,POS,1.50,3.00,1.52,98
DIST,4,AN0,8A94,2.95,5.89,1.95,3.14,AN1,C32D,2.95,0.00,1.95,3.20,AN2,189B,0.00,0.00,1.95,3.16,AN3,0323,-0.09,6.04,1.95,3.25,POS,1.48,3.00,1.49,94
DIST,4,AN0,8A94,2.95,5.89,1.95,3.18,AN1,C32D,2.95,0.00,1.95,3.20,AN2,189B,0.00,0.00,1.95,3.16,AN3,0323,-0.09,6.04,1.95,3.28,POS,1.46,2.99,1.45,92
DIST,4,AN0,8A94,2.95,5.89,1.95,3.18,AN1,189B,0.00,0.00,1.95,3.17,AN2,C32D,2.95,0.00,1.95,3.15,AN3,0323,-0.09,6.04,1.95,3.24,POS,1.47,2.99,1.49,98
DIST,4,AN0,8A94,2.95,5.89,1.95,3.20,AN1,189B,0.00,0.00,1.95,3.21,AN2,C32D,2.95,0.00,1.95,3.19,AN3,0323,-0.09,6.04,1.95,3.25,POS,1.48,3.00,1.48,95
DIST,4,AN0,8A94,2.95,5.89,1.95,3.20,AN1,C32D,2.95,0.00,1.95,3.26,AN2,189B,0.00,0.00,1.95,3.18,AN3,0323,-0.09,6.04,1.95,3.13,POS,1.41,3.00,1.55,97
DIST,4,AN0,8A94,2.95,5.89,1.95,3.14,AN1,189B,0.00,0.00,1.95,3.23,AN2,C32D,2.95,0.00,1.95,3.37,AN3,0323,-0.09,6.04,1.95,3.05,POS,1.37,3.03,1.53,94
DIST,4,AN0,8A94,2.95,5.89,1.95,2.99,AN1,189B,0.00,0.00,1.95,3.40,AN2,0323,-0.09,6.04,1.95,2.92,AN3,C32D,2.95,0.00,1.95,3.50,POS,1.35,3.10,1.53,94
DIST,4,AN0,8A94,2.95,5.89,1.95,2.91,AN1,0323,-0.09,6.04,1.95,2.82,AN2,189B,0.00,0.00,1.95,3.43,AN3,C32D,2.95,0.00,1.95,3.57,POS,1.33,3.17,1.54,95
DIST,4,AN0,8A94,2.95,5.89,1.95,2.81,AN1,0323,-0.09,6.04,1.95,2.77,AN2,189B,0.00,0.00,1.95,3.61,AN3,C32D,2.95,0.00,1.95,3.72,POS,1.32,3.26,1.48,89
DIST,4,AN0,8A94,2.95,5.89,1.95,2.78,AN1,0323,-0.09,6.04,1.95,2.66,AN2,189B,0.00,0.00,1.95,3.63,AN3,C32D,2.95,0.00,1.95,3.65,POS,1.29,3.31,1.42,86
DIST,4,AN0,0323,-0.09,6.04,1.95,2.71,AN1,8A94,2.95,5.89,1.95,2.74,AN2,189B,0.00,0.00,1.95,3.62,AN3,C32D,2.95,0.00,1.95,3.68,POS,1.30,3.37,1.49,95
DIST,4,AN0,0323,-0.09,6.04,1.95,2.74,AN1,8A94,2.95,5.89,1.95,2.74,AN2,189B,0.00,0.00,1.95,3.68,AN3,C32D,2.95,0.00,1.95,3.68,POS,1.35,3.42,1.53,96
DIST,4,AN0,8A94,2.95,5.89,1.95,2.77,AN1,0323,-0.09,6.04,1.95,2.75,AN2,189B,0.00,0.00,1.95,3.63,AN3,C32D,2.95,0.00,1.95,3.67,POS,1.36,3.45,1.54,95
DIST,4,AN0,8A94,2.95,5.89,1.95,2.77,AN1,0323,-0.09,6.04,1.95,2.77,AN2,189B,0.00,0.00,1.95,3.62,AN3,C32D,2.95,0.00,1.95,3.59,POS,1.40,3.47,1.45,87
DIST,4,AN0,8A94,2.95,5.89,1.95,2.76,AN1,0323,-0.09,6.04,1.95,2.79,AN2,189B,0.00,0.00,1.95,3.69,AN3,C32D,2.95,0.00,1.95,3.68,POS,1.42,3.49,1.44,93
DIST,4,AN0,8A94,2.95,5.89,1.95,2.77,AN1,0323,-0.09,6.04,1.95,2.83,AN2,189B,0.00,0.00,1.95,3.67,AN3,C32D,2.95,0.00,1.95,3.70,POS,1.42,3.50,1.39,88
DIST,4,AN0,8A94,2.95,5.89,1.95,2.74,AN1,0323,-0.09,6.04,1.95,2.83,AN2,189B,0.00,0.00,1.95,3.59,AN3,C32D,2.95,0.00,1.95,3.63,POS,1.42,3.49,1.39,93
DIST,4,AN0,8A94,2.95,5.89,1.95,2.79,AN1,0323,-0.09,6.04,1.95,2.86,AN2,189B,0.00,0.00,1.95,3.62,AN3,C32D,2.95,0.00,1.95,3.61,POS,1.42,3.49,1.40,93
DIST,4,AN0,8A94,2.95,5.89,1.95,2.79,AN1,0323,-0.09,6.04,1.95,2.87,AN2,189B,0.00,0.00,1.95,3.63,AN3,C32D,2.95,0.00,1.95,3.61,POS,1.43,3.48,1.39,92
DIST,4,AN0,8A94,2.95,5.89,1.95,2.78,AN1,0323,-0.09,6.04,1.95,2.90,AN2,189B,0.00,0.00,1.95,3.59,AN3,C32D,2.95,0.00,1.95,3.61,POS,1.43,3.47,1.36,90
DIST,4,AN0,8A94,2.95,5.89,1.95,2.82,AN1,0323,-0.09,6.04,1.95,2.91,AN2,189B,0.00,0.00,1.95,3.60,AN3,C32D,2.95,0.00,1.95,3.66,POS,1.42,3.46,1.50,98
DIST,4,AN0,8A94,2.95,5.89,1.95,2.84,AN1,0323,-0.09,6.04,1.95,2.91,AN2,189B,0.00,0.00,1.95,3.56,AN3,C32D,2.95,0.00,1.95,3.56,POS,1.42,3.45,1.47,93
DIST,4,AN0,8A94,2.95,5.89,1.95,2.79,AN1,0323,-0.09,6.04,1.95,2.91,AN2,189B,0.00,0.00,1.95,3.57,AN3,C32D,2.95,0.00,1.95,3.56,POS,1.43,3.44,1.45,93
DIST,4,AN0,8A94,2.95,5.89,1.95,2.79,AN1,0323,-0.09,6.04,1.95,2.96,AN2,189B,0.00,0.00,1.95,3.55,AN3,C32D,2.95,0.00,1.95,3.59,POS,1.44,3.43,1.41,90
DIST,4,AN0,8A94,2.95,5.89,1.95,2.82,AN1,0323,-0.09,6.04,1.95,2.94,AN2,189B,0.00,0.00,1.95,3.60,AN3,C32D,2.95,0.00,1.95,3.57,POS,1.44,3.43,1.38,91
DIST,4,AN0,8A94,2.95,5.89,1.95,2.79,AN1,0323,-0.09,6.04,1.95,2.89,AN2,189B,0.00,0.00,1.95,3.64,AN3,C32D,2.95,0.00,1.95,3.57,POS,1.47,3.44,1.40,93
DIST,4,AN0,8A94,2.95,5.89,1.95,2.75,AN1,0323,-0.09,6.04,1.95,2.92,AN2,189B,0.00,0.00,1.95,3.60,AN3,C32D,2.95,0.00,1.95,3.49,POS,1.51,3.44,1.47,96
DIST,4,AN0,8A94,2.95,5.89,1.95,2.77,AN1,0323,-0.09,6.04,1.95,2.93,AN2,C32D,2.95,0.00,1.95,3.61,AN3,189B,0.00,0.00,1.95,3.58,POS,1.49,3.44,1.42,90
DIST,4,AN0,8A94,2.95,5.89,1.95,2.80,AN1,0323,-0.09,6.04,1.95,2.85,AN2,C32D,2.95,0.00,1.95,3.58,AN3,189B,0.00,0.00,1.95,3.57,POS,1.47,3.44,1.45,95
DIST,4,AN0,8A94,2.95,5.89,1.95,2.73,AN1,0323,-0.09,6.04,1.95,2.86,AN2,189B,0.00,0.00,1.95,3.62,AN3,C32D,2.95,0.00,1.95,3.67,POS,1.46,3.45,1.41,90
DIST,4,AN0,8A94,2.95,5.89,1.95,2.82,AN1,0323,-0.09,6.04,1.95,2.84,AN2,189B,0.00,0.00,1.95,3.66,AN3,C32D,2.95,0.00,1.95,3.72,POS,1.44,3.47,1.34,86
DIST,4,AN0,8A94,2.95,5.89,1.95,2.70,AN1,0323,-0.09,6.04,1.95,2.78,AN2,189B,0.00,0.00,1.95,3.76,AN3,C32D,2.95,0.00,1.95,3.69,POS,1.47,3.50,1.38,93
DIST,4,AN0,8A94,2.95,5.89,1.95,2.73,AN1,0323,-0.09,6.04,1.95,2.82,AN2,189B,0.00,0.00,1.95,3.73,AN3,C32D,2.95,0.00,1.95,3.70,POS,1.47,3.52,1.36,90
DIST,4,AN0,8A94,2.95,5.89,1.95,2.69,AN1,0323,-0.09,6.04,1.95,2.78,AN2,189B,0.00,0.00,1.95,3.69,AN3,C32D,2.95,0.00,1.95,3.69,POS,1.46,3.53,1.38,92
DIST,4,AN0,8A94,2.95,5.89,1.95,2.69,AN1,0323,-0.09,6.04,1.95,2.73,AN2,189B,0.00,0.00,1.95,3.69,AN3,C32D,2.95,0.00,1.95,3.70,POS,1.44,3.54,1.43,95
DIST,4,AN0,8A94,2.95,5.89,1.95,2.67,AN1,0323,-0.09,6.04,1.95,2.75,AN2,189B,0.00,0.00,1.95,3.66,AN3,C32D,2.95,0.00,1.95,3.69,POS,1.44,3.55,1.44,93
DIST,4,AN0,8A94,2.95,5.89,1.95,2.65,AN1,0323,-0.09,6.04,1.95,2.76,AN2,189B,0.00,0.00,1.95,3.73,AN3,C32D,2.95,0.00,1.95,3.78,POS,1.43,3.56,1.39,88
DIST,4,AN0,8A94,2.95,5.89,1.95,2.70,AN1,0323,-0.09,6.04,1.95,2.78,AN2,189B,0.00,0.00,1.95,3.77,AN3,C32D,2.95,0.00,1.95,3.65,POS,1.42,3.54,1.42,94
DIST,4,AN0,8A94,2.95,5.89,1.95,2.70,AN1,0323,-0.09,6.04,1.95,2.79,AN2,189B,0.00,0.00,1.95,3.75,AN3,C32D,2.95,0.00,1.95,3.68,POS,1.46,3.56,1.44,93
DIST,4,AN0,8A94,2.95,5.89,1.95,2.66,AN1,0323,-0.09,6.04,1.95,2.81,AN2,189B,0.00,0.00,1.95,3.70,AN3,C32D,2.95,0.00,1.95,3.69,POS,1.46,3.55,1.41,91
DIST,4,AN0,8A94,2.95,5.89,1.95,2.71,AN1,0323,-0.09,6.04,1.95,2.77,AN2,189B,0.00,0.00,1.95,3.70,AN3,C32D,2.95,0.00,1.95,3.65,POS,1.48,3.56,1.48,96
DIST,4,AN0,8A94,2.95,5.89,1.95,2.73,AN1,0323,-0.09,6.04,1.95,2.79,AN2,C32D,2.95,0.00,1.95,3.68,AN3,189B,0.00,0.00,1.95,3.75,POS,1.50,3.57,1.48,93
DIST,4,AN0,8A94,2.95,5.89,1.95,2.68,AN1,0323,-0.09,6.04,1.95,2.76,AN2,C32D,2.95,0.00,1.95,3.68,AN3,189B,0.00,0.00,1.95,3.64,POS,1.48,3.56,1.48,94
DIST,4,AN0,8A94,2.95,5.89,1.95,2.73,AN1,0323,-0.09,6.04,1.95,2.74,AN2,C32D,2.95,0.00,1.95,3.70,AN3,189B,0.00,0.00,1.95,3.65,POS,1.45,3.56,1.49,93
DIST,4,AN0,8A94,2.95,5.89,1.95,2.73,AN1,0323,-0.09,6.04,1.95,2.74,AN2,189B,0.00,0.00,1.95,3.70,AN3,C32D,2.95,0.00,1.95,3.67,POS,1.47,3.57,1.56,97
DIST,4,AN0,8A94,2.95,5.89,1.95,2.75,AN1,0323,-0.09,6.04,1.95,2.74,AN2,189B,0.00,0.00,1.95,3.65,AN3,C32D,2.95,0.00,1.95,3.66,POS,1.47,3.56,1.61,97
DIST,4,AN0,8A94,2.95,5.89,1.95,2.82,AN1,0323,-0.09,6.04,1.95,2.74,AN2,189B,0.00,0.00,1.95,3.64,AN3,C32D,2.95,0.00,1.95,3.73,POS,1.42,3.56,1.55,90
DIST,4,AN0,8A94,2.95,5.89,1.95,2.83,AN1,0323,-0.09,6.04,1.95,2.73,AN2,189B,0.00,0.00,1.95,3.56,AN3,C32D,2.95,0.00,1.95,3.65,POS,1.41,3.54,1.60,96
DIST,4,AN0,8A94,2.95,5.89,1.95,2.83,AN1,0323,-0.09,6.04,1.95,2.73,AN2,189B,0.00,0.00,1.95,3.70,AN3,C32D,2.95,0.00,1.95,3.76,POS,1.40,3.56,1.54,90
DIST,4,AN0,8A94,2.95,5.89,1.95,2.81,AN1,0323,-0.09,6.04,1.95,2.68,AN2,189B,0.00,0.00,1.95,3.66,AN3,C32D,2.95,0.00,1.95,3.68,POS,1.35,3.53,1.44,84
DIST,4,AN0,8A94,2.95,5.89,1.95,2.74,AN1,0323,-0.09,6.04,1.95,2.63,AN2,189B,0.00,0.00,1.95,3.75,AN3,C32D,2.95,0.00,1.95,3.78,POS,1.37,3.57,1.50,95
DIST,4,AN0,8A94,2.95,5.89,1.95,2.60,AN1,0323,-0.09,6.04,1.95,2.52,AN2,189B,0.00,0.00,1.95,3.92,AN3,C32D,2.95,0.00,1.95,3.90,POS,1.34,3.60,1.50,91
DIST,4,AN0,8A94,2.95,5.89,1.95,2.48,AN1,0323,-0.09,6.04,1.95,2.37,AN2,189B,0.00,0.00,1.95,4.01,AN3,C32D,2.95,0.00,1.95,4.08,POS,1.35,3.69,1.53,91
DIST,4,AN0,8A94,2.95,5.89,1.95,2.39,AN1,0323,-0.09,6.04,1.95,2.40,AN2,189B,0.00,0.00,1.95,4.00,AN3,C32D,2.95,0.00,1.95,4.04,POS,1.36,3.75,1.55,92
DIST,4,AN0,8A94,2.95,5.89,1.95,2.37,AN1,0323,-0.09,6.04,1.95,2.33,AN2,189B,0.00,0.00,1.95,4.04,AN3,C32D,2.95,0.00,1.95,4.09,POS,1.37,3.82,1.63,93
DIST,3,AN0,8A94,2.95,5.89,1.95,2.39,AN1,0323,-0.09,6.04,1.95,2.36,AN2,189B,0.00,0.00,1.95,4.01,POS,1.35,3.85,1.58,87
DIST,4,AN0,8A94,2.95,5.89,1.95,2.39,AN1,0323,-0.09,6.04,1.95,2.37,AN2,189B,0.00,0.00,1.95,4.10,AN3,C32D,2.95,0.00,1.95,4.01,POS,1.34,3.87,1.47,82
DIST,3,AN0,8A94,2.95,5.89,1.95,2.38,AN1,0323,-0.09,6.04,1.95,2.35,AN2,C32D,2.95,0.00,1.95,4.01,POS,1.33,3.88,1.40,88
DIST,4,AN0,8A94,2.95,5.89,1.95,2.35,AN1,0323,-0.09,6.04,1.95,2.37,AN2,189B,0.00,0.00,1.95,4.04,AN3,C32D,2.95,0.00,1.95,4.11,POS,1.34,3.90,1.42,89
DIST,4,AN0,8A94,2.95,5.89,1.95,2.30,AN1,0323,-0.09,6.04,1.95,2.39,AN2,189B,0.00,0.00,1.95,4.09,AN3,C32D,2.95,0.00,1.95,4.04,POS,1.39,3.94,1.37,84
DIST,4,AN0,8A94,2.95,5.89,1.95,2.28,AN1,0323,-0.09,6.04,1.95,2.42,AN2,189B,0.00,0.00,1.95,4.13,AN3,C32D,2.95,0.00,1.95,4.05,POS,1.44,3.97,1.31,82
DIST,4,AN0,8A94,2.95,5.89,1.95,2.29,AN1,0323,-0.09,6.04,1.95,2.38,AN2,189B,0.00,0.00,1.95,4.09,AN3,C32D,2.95,0.00,1.95,4.10,POS,1.44,3.98,1.37,90
DIST,4,AN0,8A94,2.95,5.89,1.95,2.32,AN1,0323,-0.09,6.04,1.95,2.40,AN2,189B,0.00,0.00,1.95,4.09,AN3,C32D,2.95,0.00,1.95,4.10,POS,1.44,3.99,1.39,89
DIST,4,AN0,8A94,2.95,5.89,1.95,2.32,AN1,0323,-0.09,6.04,1.95,2.38,AN2,189B,0.00,0.00,1.95,4.12,AN3,C32D,2.95,0.00,1.95,4.06,POS,1.42,3.98,1.45,92
DIST,4,AN0,8A94,2.95,5.89,1.95,2.27,AN1,0323,-0.09,6.04,1.95,2.39,AN2,189B,0.00,0.00,1.95,4.14,AN3,C32D,2.95,0.00,1.95,4.11,POS,1.44,3.99,1.47,91
DIST,4,AN0,8A94,2.95,5.89,1.95,2.24,AN1,0323,-0.09,6.04,1.95,2.36,AN2,189B,0.00,0.00,1.95,4.12,AN3,C32D,2.95,0.00,1.95,4.08,POS,1.43,3.99,1.54,93
DIST,4,AN0,8A94,2.95,5.89,1.95,2.27,AN1,0323,-0.09,6.04,1.95,2.36,AN2,189B,0.00,0.00,1.95,4.10,AN3,C32D,2.95,0.00,1.95,4.14,POS,1.43,4.00,1.52,88
DIST,4,AN0,8A94,2.95,5.89,1.95,2.27,AN1,0323,-0.09,6.04,1.95,2.40,AN2,189B,0.00,0.00,1.95,4.15,AN3,C32D,2.95,0.00,1.95,4.20,POS,1.43,4.02,1.47,85
DIST,4,AN0,8A94,2.95,5.89,1.95,2.26,AN1,0323,-0.09,6.04,1.95,2.37,AN2,189B,0.00,0.00,1.95,4.11,AN3,C32D,2.95,0.00,1.95,4.16,POS,1.43,4.03,1.47,89
DIST,4,AN0,8A94,2.95,5.89,1.95,2.26,AN1,0323,-0.09,6.04,1.95,2.32,AN2,189B,0.00,0.00,1.95,4.10,AN3,C32D,2.95,0.00,1.95,4.09,POS,1.42,4.02,1.57,93
DIST,4,AN0,8A94,2.95,5.89,1.95,2.28,AN1,0323,-0.09,6.04,1.95,2.36,AN2,189B,0.00,0.00,1.95,4.13,AN3,C32D,2.95,0.00,1.95,4.21,POS,1.41,4.03,1.53,86
DIST,4,AN0,8A94,2.95,5.89,1.95,2.29,AN1,0323,-0.09,6.04,1.95,2.37,AN2,189B,0.00,0.00,1.95,4.13,AN3,C32D,2.95,0.00,1.95,4.16,POS,1.41,4.04,1.49,87
DIST,4,AN0,8A94,2.95,5.89,1.95,2.27,AN1,0323,-0.09,6.04,1.95,2.35,AN2,189B,0.00,0.00,1.95,4.15,AN3,C32D,2.95,0.00,1.95,4.11,POS,1.44,4.05,1.41,82
DIST,4,AN0,8A94,2.95,5.89,1.95,2.28,AN1,0323,-0.09,6.04,1.95,2.31,AN2,189B,0.00,0.00,1.95,4.08,AN3,C32D,2.95,0.00,1.95,4.13,POS,1.43,4.05,1.48,91
DIST,4,AN0,8A94,2.95,5.89,1.95,2.29,AN1,0323,-0.09,6.04,1.95,2.38,AN2,189B,0.00,0.00,1.95,4.10,AN3,C32D,2.95,0.00,1.95,4.10,POS,1.43,4.04,1.50,91
DIST,4,AN0,8A94,2.95,5.89,1.95,2.31,AN1,0323,-0.09,6.04,1.95,2.38,AN2,189B,0.00,0.00,1.95,4.08,AN3,C32D,2.95,0.00,1.95,4.14,POS,1.42,4.03,1.47,87
DIST,4,AN0,8A94,2.95,5.89,1.95,2.30,AN1,0323,-0.09,6.04,1.95,2.35,AN2,189B,0.00,0.00,1.95,4.13,AN3,C32D,2.95,0.00,1.95,4.11,POS,1.44,4.04,1.54,93
DIST,4,AN0,8A94,2.95,5.89,1.95,2.28,AN1,0323,-0.09,6.04,1.95,2.34,AN2,189B,0.00,0.00,1.95,4.13,AN3,C32D,2.95,0.00,1.95,4.14,POS,1.44,4.04,1.55,91
DIST,4,AN0,8A94,2.95,5.89,1.95,2.26,AN1,0323,-0.09,6.04,1.95,2.31,AN2,189B,0.00,0.00,1.95,4.13,AN3,C32D,2.95,0.00,1.95,4.12,POS,1.45,4.06,1.46,83
DIST,4,AN0,8A94,2.95,5.89,1.95,2.30,AN1,0323,-0.09,6.04,1.95,2.32,AN2,189B,0.00,0.00,1.95,4.09,AN3,C32D,2.95,0.00,1.95,4.13,POS,1.44,4.05,1.52,91
DIST,4,AN0,8A94,2.95,5.89,1.95,2.32,AN1,0323,-0.09,6.04,1.95,2.36,AN2,189B,0.00,0.00,1.95,4.13,AN3,C32D,2.95,0.00,1.95,4.11,POS,1.45,4.05,1.56,93
DIST,4,AN0,8A94,2.95,5.89,1.95,2.35,AN1,0323,-0.09,6.04,1.95,2.32,AN2,189B,0.00,0.00,1.95,4.11,AN3,C32D,2.95,0.00,1.95,4.11,POS,1.42,4.03,1.56,89
DIST,4,AN0,8A94,2.95,5.89,1.95,2.28,AN1,0323,-0.09,6.04,1.95,2.35,AN2,189B,0.00,0.00,1.95,4.11,AN3,C32D,2.95,0.00,1.95,4.05,POS,1.46,4.04,1.50,85
DIST,4,AN0,8A94,2.95,5.89,1.95,2.30,AN1,0323,-0.09,6.04,1.95,2.37,AN2,189B,0.00,0.00,1.95,4.11,AN3,C32D,2.95,0.00,1.95,4.14,POS,1.44,4.04,1.49,89
DIST,4,AN0,8A94,2.95,5.89,1.95,2.26,AN1,0323,-0.09,6.04,1.95,2.36,AN2,189B,0.00,0.00,1.95,4.19,AN3,C32D,2.95,0.00,1.95,4.10,POS,1.49,4.06,1.43,82
DIST,4,AN0,8A94,2.95,5.89,1.95,2.31,AN1,0323,-0.09,6.04,1.95,2.37,AN2,C32D,2.95,0.00,1.95,4.06,AN3,189B,0.00,0.00,1.95,4.12,POS,1.46,4.04,1.48,92
DIST,4,AN0,8A94,2.95,5.89,1.95,2.32,AN1,0323,-0.09,6.04,1.95,2.34,AN2,189B,0.00,0.00,1.95,4.13,AN3,C32D,2.95,0.00,1.95,4.08,POS,1.48,4.05,1.43,84
DIST,4,AN0,8A94,2.95,5.89,1.95,2.31,AN1,0323,-0.09,6.04,1.95,2.43,AN2,C32D,2.95,0.00,1.95,4.06,AN3,189B,0.00,0.00,1.95,4.16,POS,1.47,4.02,1.44,90
DIST,4,AN0,8A94,2.95,5.89,1.95,2.29,AN1,0323,-0.09,6.04,1.95,2.33,AN2,189B,0.00,0.00,1.95,4.16,AN3,C32D,2.95,0.00,1.95,4.07,POS,1.45,4.02,1.37,82
DIST,4,AN0,8A94,2.95,5.89,1.95,2.27,AN1,0323,-0.09,6.04,1.95,2.32,AN2,189B,0.00,0.00,1.95,4.13,AN3,C32D,2.95,0.00,1.95,4.14,POS,1.45,4.03,1.46,93
DIST,4,AN0,8A94,2.95,5.89,1.95,2.28,AN1,0323,-0.09,6.04,1.95,2.41,AN2,189B,0.00,0.00,1.95,4.17,AN3,C32D,2.95,0.00,1.95,4.15,POS,1.45,4.04,1.43,87
DIST,4,AN0,8A94,2.95,5.89,1.95,2.30,AN1,0323,-0.09,6.04,1.95,2.31,AN2,189B,0.00,0.00,1.95,4.16,AN3,C32D,2.95,0.00,1.95,4.13,POS,1.43,4.03,1.48,90
DIST,4,AN0,8A94,2.95,5.89,1.95,2.29,AN1,0323,-0.09,6.04,1.95,2.40,AN2,189B,0.00,0.00,1.95,4.12,AN3,C32D,2.95,0.00,1.95,4.13,POS,1.43,4.03,1.46,87
DIST,4,AN0,8A94,2.95,5.89,1.95,2.26,AN1,0323,-0.09,6.04,1.95,2.34,AN2,189B,0.00,0.00,1.95,4.12,AN3,C32D,2.95,0.00,1.95,4.06,POS,1.46,4.04,1.42,85
DIST,4,AN0,8A94,2.95,5.89,1.95,2.28,AN1,0323,-0.09,6.04,1.95,2.39,AN2,189B,0.00,0.00,1.95,4.16,AN3,C32D,2.95,0.00,1.95,4.13,POS,1.47,4.05,1.43,90
DIST,4,AN0,8A94,2.95,5.89,1.95,2.27,AN1,0323,-0.09,6.04,1.95,2.36,AN2,189B,0.00,0.00,1.95,4.12,AN3,C32D,2.95,0.00,1.95,4.10,POS,1.47,4.05,1.52,93
DIST,4,AN0,8A94,2.95,5.89,1.95,2.28,AN1,0323,-0.09,6.04,1.95,2.39,AN2,189B,0.00,0.00,1.95,4.10,AN3,C32D,2.95,0.00,1.95,4.11,POS,1.47,4.04,1.50,89
DIST,4,AN0,8A94,2.95,5.89,1.95,2.29,AN1,0323,-0.09,6.04,1.95,2.39,AN2,189B,0.00,0.00,1.95,4.12,AN3,C32D,2.95,0.00,1.95,4.10,POS,1.47,4.04,1.52,91
DIST,4,AN0,8A94,2.95,5.89,1.95,2.29,AN1,0323,-0.09,6.04,1.95,2.32,AN2,189B,0.00,0.00,1.95,4.13,AN3,C32D,2.95,0.00,1.95,4.15,POS,1.45,4.04,1.54,90
DIST,4,AN0,8A94,2.95,5.89,1.95,2.28,AN1,0323,-0.09,6.04,1.95,2.38,AN2,189B,0.00,0.00,1.95,4.14,AN3,C32D,2.95,0.00,1.95,4.06,POS,1.49,4.05,1.46,83
