DIST,4,AN0,189B,0.00,0.00,1.95,1.43,AN1,C32D,2.95,0.00,1.95,1.78,AN2,0323,-0.09,6.04,1.95,5.60,AN3,8A94,2.95,5.89,1.95,5.43,POS,1.18,0.67,1.30,52
DIST,4,AN0,189B,0.00,0.00,1.95,1.46,AN1,C32D,2.95,0.00,1.95,1.62,AN2,8A94,2.95,5.89,1.95,5.44,AN3,0323,-0.09,6.04,1.95,5.62,POS,1.25,0.62,1.33,62
DIST,4,AN0,189B,0.00,0.00,1.95,1.48,AN1,C32D,2.95,0.00,1.95,1.50,AN2,8A94,2.95,5.89,1.95,5.63,AN3,0323,-0.09,6.04,1.95,5.54,POS,1.30,0.60,1.33,52
DIST,4,AN0,189B,0.00,0.00,1.95,1.48,AN1,C32D,2.95,0.00,1.95,1.53,AN2,8A94,2.95,5.89,1.95,5.58,AN3,0323,-0.09,6.04,1.95,5.62,POS,1.34,0.59,1.40,68
DIST,4,AN0,189B,0.00,0.00,1.95,1.55,AN1,C32D,2.95,0.00,1.95,1.41,AN2,8A94,2.95,5.89,1.95,5.54,AN3,0323,-0.09,6.04,1.95,5.56,POS,1.39,0.58,1.39,54
DIST,4,AN0,189B,0.00,0.00,1.95,1.56,AN1,C32D,2.95,0.00,1.95,1.41,AN2,8A94,2.95,5.89,1.95,5.49,AN3,0323,-0.09,6.04,1.95,5.52,POS,1.44,0.58,1.39,53
DIST,4,AN0,189B,0.00,0.00,1.95,1.56,AN1,C32D,2.95,0.00,1.95,1.39,AN2,8A94,2.95,5.89,1.95,5.53,AN3,0323,-0.09,6.04,1.95,5.63,POS,1.47,0.57,1.51,74
DIST,4,AN0,189B,0.00,0.00,1.95,1.57,AN1,C32D,2.95,0.00,1.95,1.39,AN2,8A94,2.95,5.89,1.95,5.53,AN3,0323,-0.09,6.04,1.95,5.64,POS,1.50,0.57,1.58,74
DIST,4,AN0,C32D,2.95,0.00,1.95,1.41,AN1,189B,0.00,0.00,1.95,1.57,AN2,8A94,2.95,5.89,1.95,5.59,AN3,0323,-0.09,6.04,1.95,5.57,POS,1.51,0.56,1.52,51
DIST,4,AN0,C32D,2.95,0.00,1.95,1.37,AN1,189B,0.00,0.00,1.95,1.60,AN2,8A94,2.95,5.89,1.95,5.60,AN3,0323,-0.09,6.04,1.95,5.57,POS,1.54,0.56,1.48,53
DIST,4,AN0,C32D,2.95,0.00,1.95,1.33,AN1,189B,0.00,0.00,1.95,1.65,AN2,8A94,2.95,5.89,1.95,5.55,AN3,0323,-0.09,6.04,1.95,5.58,POS,1.57,0.56,1.45,52
DIST,4,AN0,C32D,2.95,0.00,1.95,1.29,AN1,189B,0.00,0.00,1.95,1.62,AN2,8A94,2.95,5.89,1.95,5.50,AN3,0323,-0.09,6.04,1.95,5.58,POS,1.59,0.56,1.44,57
DIST,4,AN0,C32D,2.95,0.00,1.95,1.27,AN1,189B,0.00,0.00,1.95,1.64,AN2,8A94,2.95,5.89,1.95,5.46,AN3,0323,-0.09,6.04,1.95,5.52,POS,1.61,0.57,1.46,58
DIST,4,AN0,C32D,2.95,0.00,1.95,1.31,AN1,189B,0.00,0.00,1.95,1.71,AN2,8A94,2.95,5.89,1.95,5.49,AN3,0323,-0.09,6.04,1.95,5.59,POS,1.63,0.59,1.56,67
DIST,4,AN0,C32D,2.95,0.00,1.95,1.32,AN1,189B,0.00,0.00,1.95,1.70,AN2,8A94,2.95,5.89,1.95,5.50,AN3,0323,-0.09,6.04,1.95,5.61,POS,1.65,0.59,1.62,68
DIST,4,AN0,C32D,2.95,0.00,1.95,1.27,AN1,189B,0.00,0.00,1.95,1.69,AN2,8A94,2.95,5.89,1.95,5.50,AN3,0323,-0.09,6.04,1.95,5.65,POS,1.66,0.57,1.55,53
DIST,4,AN0,C32D,2.95,0.00,1.95,1.29,AN1,189B,0.00,0.00,1.95,1.65,AN2,8A94,2.95,5.89,1.95,5.48,AN3,0323,-0.09,6.04,1.95,5.50,POS,1.67,0.59,1.54,55
DIST,4,AN0,C32D,2.95,0.00,1.95,1.32,AN1,189B,0.00,0.00,1.95,1.68,AN2,8A94,2.95,5.89,1.95,5.55,AN3,0323,-0.09,6.04,1.95,5.56,POS,1.67,0.59,1.49,50
DIST,4,AN0,C32D,2.95,0.00,1.95,1.25,AN1,189B,0.00,0.00,1.95,1.64,AN2,8A94,2.95,5.89,1.95,5.50,AN3,0323,-0.09,6.04,1.95,5.49,POS,1.68,0.60,1.53,60
DIST,4,AN0,C32D,2.95,0.00,1.95,1.29,AN1,189B,0.00,0.00,1.95,1.70,AN2,8A94,2.95,5.89,1.95,5.47,AN3,0323,-0.09,6.04,1.95,5.54,POS,1.68,0.61,1.50,50
DIST,4,AN0,C32D,2.95,0.00,1.95,1.30,AN1,189B,0.00,0.00,1.95,1.66,AN2,8A94,2.95,5.89,1.95,5.49,AN3,0323,-0.09,6.04,1.95,5.61,POS,1.68,0.59,1.46,53
DIST,4,AN0,C32D,2.95,0.00,1.95,1.26,AN1,189B,0.00,0.00,1.95,1.67,AN2,8A94,2.95,5.89,1.95,5.47,AN3,0323,-0.09,6.04,1.95,5.58,POS,1.69,0.58,1.46,56
DIST,4,AN0,C32D,2.95,0.00,1.95,1.34,AN1,189B,0.00,0.00,1.95,1.69,AN2,8A94,2.95,5.89,1.95,5.48,AN3,0323,-0.09,6.04,1.95,5.64,POS,1.68,0.58,1.51,66
DIST,4,AN0,C32D,2.95,0.00,1.95,1.26,AN1,189B,0.00,0.00,1.95,1.64,AN2,8A94,2.95,5.89,1.95,5.57,AN3,0323,-0.09,6.04,1.95,5.58,POS,1.68,0.58,1.51,59
DIST,4,AN0,C32D,2.95,0.00,1.95,1.29,AN1,189B,0.00,0.00,1.95,1.68,AN2,8A94,2.95,5.89,1.95,5.56,AN3,0323,-0.09,6.04,1.95,5.61,POS,1.69,0.57,1.47,52
DIST,4,AN0,C32D,2.95,0.00,1.95,1.27,AN1,189B,0.00,0.00,1.95,1.70,AN2,8A94,2.95,5.89,1.95,5.59,AN3,0323,-0.09,6.04,1.95,5.56,POS,1.69,0.58,1.45,52
DIST,4,AN0,C32D,2.95,0.00,1.95,1.26,AN1,189B,0.00,0.00,1.95,1.69,AN2,8A94,2.95,5.89,1.95,5.52,AN3,0323,-0.09,6.04,1.95,5.71,POS,1.70,0.56,1.53,74
DIST,4,AN0,C32D,2.95,0.00,1.95,1.27,AN1,189B,0.00,0.00,1.95,1.68,AN2,8A94,2.95,5.89,1.95,5.57,AN3,0323,-0.09,6.04,1.95,5.64,POS,1.70,0.55,1.49,54
DIST,4,AN0,C32D,2.95,0.00,1.95,1.31,AN1,189B,0.00,0.00,1.95,1.67,AN2,8A94,2.95,5.89,1.95,5.53,AN3,0323,-0.09,6.04,1.95,5.64,POS,1.69,0.56,1.58,71
DIST,4,AN0,C32D,2.95,0.00,1.95,1.30,AN1,189B,0.00,0.00,1.95,1.62,AN2,8A94,2.95,5.89,1.95,5.53,AN3,0323,-0.09,6.04,1.95,5.63,POS,1.68,0.54,1.53,57
DIST,4,AN0,C32D,2.95,0.00,1.95,1.28,AN1,189B,0.00,0.00,1.95,1.68,AN2,8A94,2.95,5.89,1.95,5.57,AN3,0323,-0.09,6.04,1.95,5.64,POS,1.69,0.54,1.48,53
DIST,4,AN0,C32D,2.95,0.00,1.95,1.27,AN1,189B,0.00,0.00,1.95,1.66,AN2,8A94,2.95,5.89,1.95,5.55,AN3,0323,-0.09,6.04,1.95,5.59,POS,1.69,0.54,1.47,56
DIST,4,AN0,C32D,2.95,0.00,1.95,1.27,AN1,189B,0.00,0.00,1.95,1.65,AN2,8A94,2.95,5.89,1.95,5.55,AN3,0323,-0.09,6.04,1.95,5.61,POS,1.69,0.54,1.46,57
DIST,4,AN0,C32D,2.95,0.00,1.95,1.27,AN1,189B,0.00,0.00,1.95,1.65,AN2,8A94,2.95,5.89,1.95,5.52,AN3,0323,-0.09,6.04,1.95,5.69,POS,1.64,0.47,1.46,75
DIST,4,AN0,C32D,2.95,0.00,1.95,1.24,AN1,189B,0.00,0.00,1.95,1.65,AN2,8A94,2.95,5.89,1.95,5.55,AN3,0323,-0.09,6.04,1.95,5.66,POS,1.65,0.48,1.45,60
DIST,4,AN0,C32D,2.95,0.00,1.95,1.23,AN1,189B,0.00,0.00,1.95,1.66,AN2,8A94,2.95,5.89,1.95,5.51,AN3,0323,-0.09,6.04,1.95,5.64,POS,1.67,0.48,1.45,60
DIST,4,AN0,C32D,2.95,0.00,1.95,1.25,AN1,189B,0.00,0.00,1.95,1.68,AN2,8A94,2.95,5.89,1.95,5.60,AN3,0323,-0.09,6.04,1.95,5.59,POS,1.68,0.50,1.44,56
DIST,4,AN0,C32D,2.95,0.00,1.95,1.29,AN1,189B,0.00,0.00,1.95,1.73,AN2,8A94,2.95,5.89,1.95,5.58,AN3,0323,-0.09,6.04,1.95,5.51,POS,1.69,0.54,1.43,50
DIST,4,AN0,C32D,2.95,0.00,1.95,1.28,AN1,189B,0.00,0.00,1.95,1.69,AN2,8A94,2.95,5.89,1.95,5.56,AN3,0323,-0.09,6.04,1.95,5.57,POS,1.70,0.55,1.42,53
DIST,4,AN0,C32D,2.95,0.00,1.95,1.28,AN1,189B,0.00,0.00,1.95,1.70,AN2,8A94,2.95,5.89,1.95,5.55,AN3,0323,-0.09,6.04,1.95,5.58,POS,1.70,0.56,1.41,50
DIST,4,AN0,C32D,2.95,0.00,1.95,1.25,AN1,189B,0.00,0.00,1.95,1.71,AN2,8A94,2.95,5.89,1.95,5.55,AN3,0323,-0.09,6.04,1.95,5.56,POS,1.71,0.57,1.41,52
DIST,4,AN0,C32D,2.95,0.00,1.95,1.29,AN1,189B,0.00,0.00,1.95,1.72,AN2,8A94,2.95,5.89,1.95,5.56,AN3,0323,-0.09,6.04,1.95,5.56,POS,1.71,0.58,1.40,48
DIST,4,AN0,C32D,2.95,0.00,1.95,1.27,AN1,189B,0.00,0.00,1.95,1.74,AN2,8A94,2.95,5.89,1.95,5.55,AN3,0323,-0.09,6.04,1.95,5.56,POS,1.72,0.59,1.39,49
DIST,4,AN0,C32D,2.95,0.00,1.95,1.26,AN1,189B,0.00,0.00,1.95,1.70,AN2,8A94,2.95,5.89,1.95,5.50,AN3,0323,-0.09,6.04,1.95,5.57,POS,1.72,0.59,1.40,52
DIST,4,AN0,C32D,2.95,0.00,1.95,1.23,AN1,189B,0.00,0.00,1.95,1.68,AN2,8A94,2.95,5.89,1.95,5.51,AN3,0323,-0.09,6.04,1.95,5.50,POS,1.72,0.60,1.45,58
DIST,4,AN0,C32D,2.95,0.00,1.95,1.27,AN1,189B,0.00,0.00,1.95,1.68,AN2,8A94,2.95,5.89,1.95,5.55,AN3,0323,-0.09,6.04,1.95,5.56,POS,1.72,0.60,1.44,54
DIST,4,AN0,C32D,2.95,0.00,1.95,1.31,AN1,189B,0.00,0.00,1.95,1.67,AN2,8A94,2.95,5.89,1.95,5.51,AN3,0323,-0.09,6.04,1.95,5.59,POS,1.71,0.59,1.42,51
DIST,4,AN0,C32D,2.95,0.00,1.95,1.29,AN1,189B,0.00,0.00,1.95,1.67,AN2,8A94,2.95,5.89,1.95,5.56,AN3,0323,-0.09,6.04,1.95,5.49,POS,1.70,0.60,1.44,53
DIST,4,AN0,C32D,2.95,0.00,1.95,1.28,AN1,189B,0.00,0.00,1.95,1.65,AN2,8A94,2.95,5.89,1.95,5.50,AN3,0323,-0.09,6.04,1.95,5.57,POS,1.70,0.60,1.44,56
DIST,4,AN0,C32D,2.95,0.00,1.95,1.26,AN1,189B,0.00,0.00,1.95,1.66,AN2,8A94,2.95,5.89,1.95,5.49,AN3,0323,-0.09,6.04,1.95,5.54,POS,1.70,0.60,1.45,57
DIST,4,AN0,C32D,2.95,0.00,1.95,1.22,AN1,189B,0.00,0.00,1.95,1.65,AN2,8A94,2.95,5.89,1.95,5.53,AN3,0323,-0.09,6.04,1.95,5.56,POS,1.70,0.60,1.48,61
DIST,4,AN0,C32D,2.95,0.00,1.95,1.27,AN1,189B,0.00,0.00,1.95,1.65,AN2,8A94,2.95,5.89,1.95,5.52,AN3,0323,-0.09,6.04,1.95,5.59,POS,1.70,0.58,1.47,56
DIST,4,AN0,C32D,2.95,0.00,1.95,1.29,AN1,189B,0.00,0.00,1.95,1.64,AN2,8A94,2.95,5.89,1.95,5.60,AN3,0323,-0.09,6.04,1.95,5.62,POS,1.69,0.57,1.45,56
DIST,4,AN0,C32D,2.95,0.00,1.95,1.31,AN1,189B,0.00,0.00,1.95,1.63,AN2,8A94,2.95,5.89,1.95,5.47,AN3,0323,-0.09,6.04,1.95,5.51,POS,1.68,0.58,1.46,55
DIST,4,AN0,C32D,2.95,0.00,1.95,1.37,AN1,189B,0.00,0.00,1.95,1.60,AN2,8A94,2.95,5.89,1.95,5.59,AN3,0323,-0.09,6.04,1.95,5.59,POS,1.66,0.57,1.43,53
DIST,4,AN0,C32D,2.95,0.00,1.95,1.41,AN1,189B,0.00,0.00,1.95,1.64,AN2,8A94,2.95,5.89,1.95,5.52,AN3,0323,-0.09,6.04,1.95,5.54,POS,1.65,0.59,1.51,63
DIST,4,AN0,C32D,2.95,0.00,1.95,1.39,AN1,189B,0.00,0.00,1.95,1.56,AN2,8A94,2.95,5.89,1.95,5.45,AN3,0323,-0.09,6.04,1.95,5.53,POS,1.63,0.59,1.48,54
DIST,4,AN0,C32D,2.95,0.00,1.95,1.43,AN1,189B,0.00,0.00,1.95,1.56,AN2,8A94,2.95,5.89,1.95,5.47,AN3,0323,-0.09,6.04,1.95,5.52,POS,1.61,0.59,1.46,51
DIST,4,AN0,C32D,2.95,0.00,1.95,1.45,AN1,189B,0.00,0.00,1.95,1.56,AN2,8A94,2.95,5.89,1.95,5.53,AN3,0323,-0.09,6.04,1.95,5.38,POS,1.59,0.62,1.47,60
DIST,4,AN0,C32D,2.95,0.00,1.95,1.41,AN1,189B,0.00,0.00,1.95,1.53,AN2,8A94,2.95,5.89,1.95,5.42,AN3,0323,-0.09,6.04,1.95,5.52,POS,1.58,0.61,1.46,56
DIST,4,AN0,C32D,2.95,0.00,1.95,1.44,AN1,189B,0.00,0.00,1.95,1.46,AN2,8A94,2.95,5.89,1.95,5.52,AN3,0323,-0.09,6.04,1.95,5.50,POS,1.56,0.60,1.47,59
DIST,4,AN0,C32D,2.95,0.00,1.95,1.47,AN1,189B,0.00,0.00,1.95,1.48,AN2,8A94,2.95,5.89,1.95,5.49,AN3,0323,-0.09,6.04,1.95,5.50,POS,1.54,0.60,1.45,54
DIST,4,AN0,C32D,2.95,0.00,1.95,1.43,AN1,189B,0.00,0.00,1.95,1.49,AN2,8A94,2.95,5.89,1.95,5.52,AN3,0323,-0.09,6.04,1.95,5.46,POS,1.53,0.61,1.47,57
DIST,4,AN0,C32D,2.95,0.00,1.95,1.43,AN1,189B,0.00,0.00,1.95,1.47,AN2,8A94,2.95,5.89,1.95,5.49,AN3,0323,-0.09,6.04,1.95,5.53,POS,1.52,0.59,1.47,60
DIST,4,AN0,C32D,2.95,0.00,1.95,1.43,AN1,189B,0.00,0.00,1.95,1.50,AN2,8A94,2.95,5.89,1.95,5.53,AN3,0323,-0.09,6.04,1.95,5.52,POS,1.52,0.59,1.46,56
DIST,4,AN0,C32D,2.95,0.00,1.95,1.37,AN1,189B,0.00,0.00,1.95,1.41,AN2,8A94,2.95,5.89,1.95,5.49,AN3,0323,-0.09,6.04,1.95,5.53,POS,1.51,0.58,1.52,72
DIST,4,AN0,C32D,2.95,0.00,1.95,1.47,AN1,189B,0.00,0.00,1.95,1.46,AN2,8A94,2.95,5.89,1.95,5.57,AN3,0323,-0.09,6.04,1.95,5.53,POS,1.50,0.57,1.49,57
DIST,4,AN0,C32D,2.95,0.00,1.95,1.44,AN1,189B,0.00,0.00,1.95,1.47,AN2,8A94,2.95,5.89,1.95,5.52,AN3,0323,-0.09,6.04,1.95,5.52,POS,1.50,0.57,1.49,59
DIST,4,AN0,C32D,2.95,0.00,1.95,1.49,AN1,189B,0.00,0.00,1.95,1.47,AN2,8A94,2.95,5.89,1.95,5.51,AN3,0323,-0.09,6.04,1.95,5.49,POS,1.49,0.57,1.46,53
DIST,4,AN0,C32D,2.95,0.00,1.95,1.48,AN1,189B,0.00,0.00,1.95,1.45,AN2,8A94,2.95,5.89,1.95,5.51,AN3,0323,-0.09,6.04,1.95,5.48,POS,1.48,0.58,1.46,56
DIST,4,AN0,C32D,2.95,0.00,1.95,1.55,AN1,189B,0.00,0.00,1.95,1.40,AN2,8A94,2.95,5.89,1.95,5.56,AN3,0323,-0.09,6.04,1.95,5.54,POS,1.46,0.57,1.44,55
DIST,4,AN0,189B,0.00,0.00,1.95,1.43,AN1,C32D,2.95,0.00,1.95,1.62,AN2,8A94,2.95,5.89,1.95,5.51,AN3,0323,-0.09,6.04,1.95,5.45,POS,1.43,0.58,1.41,51
DIST,4,AN0,189B,0.00,0.00,1.95,1.49,AN1,C32D,2.95,0.00,1.95,1.55,AN2,8A94,2.95,5.89,1.95,5.34,AN3,0323,-0.09,6.04,1.95,5.34,POS,1.44,0.62,1.42,62
DIST,4,AN0,189B,0.00,0.00,1.95,1.48,AN1,C32D,2.95,0.00,1.95,1.68,AN2,8A94,2.95,5.89,1.95,5.20,AN3,0323,-0.09,6.04,1.95,5.33,POS,1.42,0.65,1.41,58
DIST,4,AN0,189B,0.00,0.00,1.95,1.54,AN1,C32D,2.95,0.00,1.95,1.66,AN2,8A94,2.95,5.89,1.95,5.10,AN3,0323,-0.09,6.04,1.95,5.14,POS,1.38,0.69,1.41,57
DIST,4,AN0,189B,0.00,0.00,1.95,1.62,AN1,C32D,2.95,0.00,1.95,1.65,AN2,8A94,2.95,5.89,1.95,5.14,AN3,0323,-0.09,6.04,1.95,5.12,POS,1.40,0.76,1.42,70
DIST,4,AN0,189B,0.00,0.00,1.95,1.63,AN1,C32D,2.95,0.00,1.95,1.63,AN2,8A94,2.95,5.89,1.95,5.11,AN3,0323,-0.09,6.04,1.95,5.12,POS,1.41,0.81,1.44,72
DIST,4,AN0,189B,0.00,0.00,1.95,1.65,AN1,C32D,2.95,0.00,1.95,1.62,AN2,8A94,2.95,5.89,1.95,5.08,AN3,0323,-0.09,6.04,1.95,5.10,POS,1.43,0.86,1.45,72
DIST,4,AN0,189B,0.00,0.00,1.95,1.71,AN1,C32D,2.95,0.00,1.95,1.62,AN2,8A94,2.95,5.89,1.95,5.14,AN3,0323,-0.09,6.04,1.95,5.05,POS,1.46,0.91,1.48,74
DIST,4,AN0,189B,0.00,0.00,1.95,1.68,AN1,C32D,2.95,0.00,1.95,1.56,AN2,8A94,2.95,5.89,1.95,5.13,AN3,0323,-0.09,6.04,1.95,5.15,POS,1.48,0.92,1.48,69
DIST,4,AN0,C32D,2.95,0.00,1.95,1.57,AN1,189B,0.00,0.00,1.95,1.67,AN2,8A94,2.95,5.89,1.95,5.09,AN3,0323,-0.09,6.04,1.95,5.18,POS,1.44,0.89,1.46,59
DIST,4,AN0,189B,0.00,0.00,1.95,1.68,AN1,C32D,2.95,0.00,1.95,1.56,AN2,8A94,2.95,5.89,1.95,5.09,AN3,0323,-0.09,6.04,1.95,5.23,POS,1.47,0.89,1.44,64
DIST,4,AN0,189B,0.00,0.00,1.95,1.73,AN1,C32D,2.95,0.00,1.95,1.57,AN2,8A94,2.95,5.89,1.95,5.16,AN3,0323,-0.09,6.04,1.95,5.13,POS,1.50,0.92,1.44,68
DIST,4,AN0,C32D,2.95,0.00,1.95,1.60,AN1,189B,0.00,0.00,1.95,1.68,AN2,8A94,2.95,5.89,1.95,5.11,AN3,0323,-0.09,6.04,1.95,5.11,POS,1.50,0.94,1.46,71
DIST,4,AN0,C32D,2.95,0.00,1.95,1.55,AN1,189B,0.00,0.00,1.95,1.69,AN2,8A94,2.95,5.89,1.95,5.09,AN3,0323,-0.09,6.04,1.95,5.19,POS,1.46,0.90,1.46,60
DIST,4,AN0,189B,0.00,0.00,1.95,1.66,AN1,C32D,2.95,0.00,1.95,1.62,AN2,8A94,2.95,5.89,1.95,5.07,AN3,0323,-0.09,6.04,1.95,5.06,POS,1.47,0.93,1.49,74
DIST,4,AN0,189B,0.00,0.00,1.95,1.65,AN1,C32D,2.95,0.00,1.95,1.59,AN2,8A94,2.95,5.89,1.95,5.10,AN3,0323,-0.09,6.04,1.95,5.07,POS,1.48,0.96,1.52,75
DIST,4,AN0,C32D,2.95,0.00,1.95,1.59,AN1,189B,0.00,0.00,1.95,1.70,AN2,8A94,2.95,5.89,1.95,5.10,AN3,0323,-0.09,6.04,1.95,4.97,POS,1.50,0.99,1.46,68
DIST,4,AN0,C32D,2.95,0.00,1.95,1.60,AN1,189B,0.00,0.00,1.95,1.71,AN2,8A94,2.95,5.89,1.95,5.03,AN3,0323,-0.09,6.04,1.95,5.08,POS,1.51,1.00,1.48,72
DIST,4,AN0,C32D,2.95,0.00,1.95,1.62,AN1,189B,0.00,0.00,1.95,1.69,AN2,8A94,2.95,5.89,1.95,5.05,AN3,0323,-0.09,6.04,1.95,5.03,POS,1.51,1.02,1.51,76
DIST,4,AN0,C32D,2.95,0.00,1.95,1.61,AN1,189B,0.00,0.00,1.95,1.74,AN2,8A94,2.95,5.89,1.95,5.17,AN3,0323,-0.09,6.04,1.95,4.98,POS,1.52,1.05,1.56,77
DIST,4,AN0,C32D,2.95,0.00,1.95,1.62,AN1,189B,0.00,0.00,1.95,1.75,AN2,8A94,2.95,5.89,1.95,5.10,AN3,0323,-0.09,6.04,1.95,4.97,POS,1.53,1.07,1.60,78
DIST,4,AN0,C32D,2.95,0.00,1.95,1.65,AN1,189B,0.00,0.00,1.95,1.69,AN2,8A94,2.95,5.89,1.95,5.16,AN3,0323,-0.09,6.04,1.95,5.04,POS,1.52,1.07,1.58,74
DIST,4,AN0,C32D,2.95,0.00,1.95,1.61,AN1,189B,0.00,0.00,1.95,1.68,AN2,8A94,2.95,5.89,1.95,5.15,AN3,0323,-0.09,6.04,1.95,5.04,POS,1.52,1.07,1.60,76
DIST,4,AN0,C32D,2.95,0.00,1.95,1.61,AN1,189B,0.00,0.00,1.95,1.71,AN2,8A94,2.95,5.89,1.95,5.12,AN3,0323,-0.09,6.04,1.95,4.98,POS,1.53,1.08,1.65,78
DIST,4,AN0,C32D,2.95,0.00,1.95,1.64,AN1,189B,0.00,0.00,1.95,1.68,AN2,8A94,2.95,5.89,1.95,5.16,AN3,0323,-0.09,6.04,1.95,4.98,POS,1.52,1.09,1.68,79
DIST,4,AN0,C32D,2.95,0.00,1.95,1.63,AN1,189B,0.00,0.00,1.95,1.70,AN2,8A94,2.95,5.89,1.95,5.06,AN3,0323,-0.09,6.04,1.95,4.99,POS,1.52,1.09,1.68,77
DIST,4,AN0,C32D,2.95,0.00,1.95,1.67,AN1,189B,0.00,0.00,1.95,1.74,AN2,8A94,2.95,5.89,1.95,4.91,AN3,0323,-0.09,6.04,1.95,4.92,POS,1.52,1.12,1.69,80
DIST,4,AN0,C32D,2.95,0.00,1.95,1.77,AN1,189B,0.00,0.00,1.95,1.76,AN2,8A94,2.95,5.89,1.95,4.82,AN3,0323,-0.09,6.04,1.95,4.78,POS,1.51,1.15,1.58,73
DIST,4,AN0,C32D,2.95,0.00,1.95,1.82,AN1,189B,0.00,0.00,1.95,1.94,AN2,8A94,2.95,5.89,1.95,4.69,AN3,0323,-0.09,6.04,1.95,4.69,POS,1.52,1.22,1.60,85
DIST,4,AN0,C32D,2.95,0.00,1.95,1.89,AN1,189B,0.00,0.00,1.95,1.94,AN2,8A94,2.95,5.89,1.95,4.55,AN3,0323,-0.09,6.04,1.95,4.65,POS,1.48,1.26,1.52,75
DIST,4,AN0,C32D,2.95,0.00,1.95,1.99,AN1,189B,0.00,0.00,1.95,2.00,AN2,8A94,2.95,5.89,1.95,4.56,AN3,0323,-0.09,6.04,1.95,4.57,POS,1.48,1.33,1.52,86
DIST,4,AN0,C32D,2.95,0.00,1.95,2.00,AN1,189B,0.00,0.00,1.95,2.00,AN2,8A94,2.95,5.89,1.95,4.53,AN3,0323,-0.09,6.04,1.95,4.46,POS,1.48,1.40,1.44,80
DIST,4,AN0,C32D,2.95,0.00,1.95,1.95,AN1,189B,0.00,0.00,1.95,2.00,AN2,8A94,2.95,5.89,1.95,4.50,AN3,0323,-0.09,6.04,1.95,4.53,POS,1.49,1.45,1.52,89
DIST,4,AN0,C32D,2.95,0.00,1.95,1.95,AN1,189B,0.00,0.00,1.95,1.99,AN2,8A94,2.95,5.89,1.95,4.58,AN3,0323,-0.09,6.04,1.95,4.52,POS,1.49,1.48,1.44,78
DIST,4,AN0,C32D,2.95,0.00,1.95,1.93,AN1,189B,0.00,0.00,1.95,2.00,AN2,8A94,2.95,5.89,1.95,4.54,AN3,0323,-0.09,6.04,1.95,4.55,POS,1.50,1.50,1.52,89
DIST,4,AN0,C32D,2.95,0.00,1.95,1.99,AN1,189B,0.00,0.00,1.95,1.96,AN2,8A94,2.95,5.89,1.95,4.57,AN3,0323,-0.09,6.04,1.95,4.50,POS,1.49,1.52,1.44,79
DIST,4,AN0,C32D,2.95,0.00,1.95,2.02,AN1,189B,0.00,0.00,1.95,1.99,AN2,8A94,2.95,5.89,1.95,4.48,AN3,0323,-0.09,6.04,1.95,4.49,POS,1.42,1.50,1.43,78
DIST,4,AN0,189B,0.00,0.00,1.95,2.01,AN1,C32D,2.95,0.00,1.95,1.95,AN2,8A94,2.95,5.89,1.95,4.57,AN3,0323,-0.09,6.04,1.95,4.60,POS,1.45,1.51,1.45,85
DIST,4,AN0,189B,0.00,0.00,1.95,1.98,AN1,C32D,2.95,0.00,1.95,1.97,AN2,8A94,2.95,5.89,1.95,4.54,AN3,0323,-0.09,6.04,1.95,4.55,POS,1.46,1.53,1.51,89
DIST,4,AN0,189B,0.00,0.00,1.95,2.00,AN1,C32D,2.95,0.00,1.95,1.99,AN2,8A94,2.95,5.89,1.95,4.54,AN3,0323,-0.09,6.04,1.95,4.56,POS,1.40,1.50,1.47,75
DIST,4,AN0,189B,0.00,0.00,1.95,1.99,AN1,C32D,2.95,0.00,1.95,1.95,AN2,8A94,2.95,5.89,1.95,4.61,AN3,0323,-0.09,6.04,1.95,4.56,POS,1.43,1.51,1.51,88
DIST,4,AN0,189B,0.00,0.00,1.95,1.97,AN1,C32D,2.95,0.00,1.95,1.98,AN2,8A94,2.95,5.89,1.95,4.59,AN3,0323,-0.09,6.04,1.95,4.61,POS,1.38,1.47,1.46,73
DIST,4,AN0,189B,0.00,0.00,1.95,1.97,AN1,C32D,2.95,0.00,1.95,1.94,AN2,8A94,2.95,5.89,1.95,4.56,AN3,0323,-0.09,6.04,1.95,4.57,POS,1.41,1.49,1.52,88
DIST,4,AN0,189B,0.00,0.00,1.95,1.96,AN1,C32D,2.95,0.00,1.95,1.97,AN2,8A94,2.95,5.89,1.95,4.62,AN3,0323,-0.09,6.04,1.95,4.55,POS,1.43,1.51,1.55,89
DIST,4,AN0,189B,0.00,0.00,1.95,1.99,AN1,C32D,2.95,0.00,1.95,1.94,AN2,8A94,2.95,5.89,1.95,4.64,AN3,0323,-0.09,6.04,1.95,4.54,POS,1.45,1.53,1.61,89
DIST,4,AN0,189B,0.00,0.00,1.95,2.06,AN1,C32D,2.95,0.00,1.95,2.03,AN2,8A94,2.95,5.89,1.95,4.45,AN3,0323,-0.09,6.04,1.95,4.47,POS,1.40,1.52,1.55,78
DIST,4,AN0,189B,0.00,0.00,1.95,2.11,AN1,C32D,2.95,0.00,1.95,2.18,AN2,8A94,2.95,5.89,1.95,4.38,AN3,0323,-0.09,6.04,1.95,4.35,POS,1.34,1.54,1.49,77
DIST,4,AN0,189B,0.00,0.00,1.95,2.23,AN1,C32D,2.95,0.00,1.95,2.22,AN2,8A94,2.95,5.89,1.95,4.26,AN3,0323,-0.09,6.04,1.95,4.23,POS,1.38,1.63,1.54,93
DIST,4,AN0,189B,0.00,0.00,1.95,2.30,AN1,C32D,2.95,0.00,1.95,2.28,AN2,8A94,2.95,5.89,1.95,4.12,AN3,0323,-0.09,6.04,1.95,4.22,POS,1.38,1.69,1.56,91
DIST,4,AN0,189B,0.00,0.00,1.95,2.34,AN1,C32D,2.95,0.00,1.95,2.29,AN2,8A94,2.95,5.89,1.95,4.10,AN3,0323,-0.09,6.04,1.95,4.18,POS,1.37,1.75,1.66,93
DIST,4,AN0,189B,0.00,0.00,1.95,2.32,AN1,C32D,2.95,0.00,1.95,2.22,AN2,8A94,2.95,5.89,1.95,4.15,AN3,0323,-0.09,6.04,1.95,4.18,POS,1.42,1.80,1.71,94
DIST,4,AN0,189B,0.00,0.00,1.95,2.32,AN1,C32D,2.95,0.00,1.95,2.32,AN2,8A94,2.95,5.89,1.95,4.14,AN3,0323,-0.09,6.04,1.95,4.17,POS,1.43,1.85,1.65,91
DIST,4,AN0,189B,0.00,0.00,1.95,2.34,AN1,C32D,2.95,0.00,1.95,2.31,AN2,8A94,2.95,5.89,1.95,4.11,AN3,0323,-0.09,6.04,1.95,4.17,POS,1.40,1.86,1.71,92
DIST,4,AN0,189B,0.00,0.00,1.95,2.33,AN1,C32D,2.95,0.00,1.95,2.27,AN2,8A94,2.95,5.89,1.95,4.11,AN3,0323,-0.09,6.04,1.95,4.17,POS,1.43,1.90,1.68,93
DIST,4,AN0,189B,0.00,0.00,1.95,2.36,AN1,C32D,2.95,0.00,1.95,2.28,AN2,8A94,2.95,5.89,1.95,4.09,AN3,0323,-0.09,6.04,1.95,4.15,POS,1.41,1.89,1.58,84
DIST,4,AN0,189B,0.00,0.00,1.95,2.35,AN1,C32D,2.95,0.00,1.95,2.25,AN2,8A94,2.95,5.89,1.95,4.15,AN3,0323,-0.09,6.04,1.95,4.22,POS,1.39,1.87,1.48,81
DIST,4,AN0,189B,0.00,0.00,1.95,2.41,AN1,C32D,2.95,0.00,1.95,2.22,AN2,8A94,2.95,5.89,1.95,4.11,AN3,0323,-0.09,6.04,1.95,4.13,POS,1.45,1.91,1.41,83
DIST,4,AN0,189B,0.00,0.00,1.95,2.38,AN1,C32D,2.95,0.00,1.95,2.23,AN2,8A94,2.95,5.89,1.95,4.17,AN3,0323,-0.09,6.04,1.95,4.18,POS,1.49,1.93,1.48,92
DIST,4,AN0,C32D,2.95,0.00,1.95,2.28,AN1,189B,0.00,0.00,1.95,2.39,AN2,8A94,2.95,5.89,1.95,4.14,AN3,0323,-0.09,6.04,1.95,4.27,POS,1.47,1.92,1.45,88
DIST,4,AN0,189B,0.00,0.00,1.95,2.38,AN1,C32D,2.95,0.00,1.95,2.22,AN2,8A94,2.95,5.89,1.95,4.13,AN3,0323,-0.09,6.04,1.95,4.29,POS,1.47,1.90,1.46,90
DIST,4,AN0,189B,0.00,0.00,1.95,2.38,AN1,C32D,2.95,0.00,1.95,2.27,AN2,8A94,2.95,5.89,1.95,4.08,AN3,0323,-0.09,6.04,1.95,4.18,POS,1.49,1.93,1.48,91
DIST,4,AN0,C32D,2.95,0.00,1.95,2.29,AN1,189B,0.00,0.00,1.95,2.37,AN2,8A94,2.95,5.89,1.95,4.15,AN3,0323,-0.09,6.04,1.95,4.25,POS,1.46,1.91,1.48,89
DIST,4,AN0,189B,0.00,0.00,1.95,2.39,AN1,C32D,2.95,0.00,1.95,2.23,AN2,8A94,2.95,5.89,1.95,4.16,AN3,0323,-0.09,6.04,1.95,4.17,POS,1.50,1.94,1.54,93
DIST,4,AN0,C32D,2.95,0.00,1.95,2.22,AN1,189B,0.00,0.00,1.95,2.38,AN2,8A94,2.95,5.89,1.95,4.13,AN3,0323,-0.09,6.04,1.95,4.25,POS,1.48,1.92,1.59,92
DIST,4,AN0,C32D,2.95,0.00,1.95,2.23,AN1,189B,0.00,0.00,1.95,2.33,AN2,8A94,2.95,5.89,1.95,4.06,AN3,0323,-0.09,6.04,1.95,4.29,POS,1.50,1.91,1.53,87
DIST,4,AN0,C32D,2.95,0.00,1.95,2.22,AN1,189B,0.00,0.00,1.95,2.39,AN2,8A94,2.95,5.89,1.95,4.06,AN3,0323,-0.09,6.04,1.95,4.28,POS,1.52,1.91,1.51,88
DIST,4,AN0,C32D,2.95,0.00,1.95,2.22,AN1,189B,0.00,0.00,1.95,2.35,AN2,8A94,2.95,5.89,1.95,4.08,AN3,0323,-0.09,6.04,1.95,4.20,POS,1.53,1.93,1.55,92
DIST,4,AN0,C32D,2.95,0.00,1.95,2.23,AN1,189B,0.00,0.00,1.95,2.35,AN2,8A94,2.95,5.89,1.95,4.08,AN3,0323,-0.09,6.04,1.95,4.27,POS,1.54,1.92,1.52,88
DIST,4,AN0,C32D,2.95,0.00,1.95,2.24,AN1,189B,0.00,0.00,1.95,2.37,AN2,8A94,2.95,5.89,1.95,4.16,AN3,0323,-0.09,6.04,1.95,4.22,POS,1.55,1.93,1.51,90
DIST,4,AN0,C32D,2.95,0.00,1.95,2.28,AN1,189B,0.00,0.00,1.95,2.33,AN2,8A94,2.95,5.89,1.95,4.13,AN3,0323,-0.09,6.04,1.95,4.27,POS,1.53,1.92,1.48,88
DIST,4,AN0,C32D,2.95,0.00,1.95,2.31,AN1,189B,0.00,0.00,1.95,2.37,AN2,8A94,2.95,5.89,1.95,4.11,AN3,0323,-0.09,6.04,1.95,4.26,POS,1.52,1.91,1.44,86
DIST,4,AN0,C32D,2.95,0.00,1.95,2.30,AN1,189B,0.00,0.00,1.95,2.36,AN2,8A94,2.95,5.89,1.95,4.09,AN3,0323,-0.09,6.04,1.95,4.22,POS,1.49,1.91,1.45,90
DIST,4,AN0,C32D,2.95,0.00,1.95,2.37,AN1,189B,0.00,0.00,1.95,2.37,AN2,8A94,2.95,5.89,1.95,4.01,AN3,0323,-0.09,6.04,1.95,4.10,POS,1.46,1.94,1.50,93
DIST,4,AN0,189B,0.00,0.00,1.95,2.54,AN1,C32D,2.95,0.00,1.95,2.45,AN2,8A94,2.95,5.89,1.95,3.95,AN3,0323,-0.09,6.04,1.95,3.95,POS,1.49,2.01,1.55,95
DIST,4,AN0,C32D,2.95,0.00,1.95,2.59,AN1,189B,0.00,0.00,1.95,2.61,AN2,8A94,2.95,5.89,1.95,3.85,AN3,0323,-0.09,6.04,1.95,3.86,POS,1.49,2.09,1.53,94
DIST,4,AN0,C32D,2.95,0.00,1.95,2.63,AN1,189B,0.00,0.00,1.95,2.68,AN2,8A94,2.95,5.89,1.95,3.71,AN3,0323,-0.09,6.04,1.95,3.85,POS,1.48,2.15,1.50,93
DIST,4,AN0,C32D,2.95,0.00,1.95,2.74,AN1,189B,0.00,0.00,1.95,2.71,AN2,8A94,2.95,5.89,1.95,3.63,AN3,0323,-0.09,6.04,1.95,3.68,POS,1.44,2.22,1.54,96
DIST,4,AN0,189B,0.00,0.00,1.95,2.74,AN1,C32D,2.95,0.00,1.95,2.70,AN2,8A94,2.95,5.89,1.95,3.59,AN3,0323,-0.09,6.04,1.95,3.61,POS,1.46,2.30,1.47,90
DIST,4,AN0,189B,0.00,0.00,1.95,2.74,AN1,C32D,2.95,0.00,1.95,2.77,AN2,8A94,2.95,5.89,1.95,3.65,AN3,0323,-0.09,6.04,1.95,3.70,POS,1.43,2.34,1.47,93
DIST,4,AN0,189B,0.00,0.00,1.95,2.76,AN1,C32D,2.95,0.00,1.95,2.78,AN2,8A94,2.95,5.89,1.95,3.67,AN3,0323,-0.09,6.04,1.95,3.66,POS,1.38,2.36,1.52,95
DIST,4,AN0,189B,0.00,0.00,1.95,2.77,AN1,C32D,2.95,0.00,1.95,2.71,AN2,8A94,2.95,5.89,1.95,3.70,AN3,0323,-0.09,6.04,1.95,3.62,POS,1.42,2.41,1.44,89
DIST,4,AN0,189B,0.00,0.00,1.95,2.75,AN1,C32D,2.95,0.00,1.95,2.71,AN2,8A94,2.95,5.89,1.95,3.67,AN3,0323,-0.09,6.04,1.95,3.64,POS,1.37,2.40,1.41,89
DIST,4,AN0,189B,0.00,0.00,1.95,2.76,AN1,C32D,2.95,0.00,1.95,2.78,AN2,8A94,2.95,5.89,1.95,3.64,AN3,0323,-0.09,6.04,1.95,3.69,POS,1.35,2.41,1.43,93
DIST,4,AN0,189B,0.00,0.00,1.95,2.74,AN1,C32D,2.95,0.00,1.95,2.76,AN2,8A94,2.95,5.89,1.95,3.64,AN3,0323,-0.09,6.04,1.95,3.68,POS,1.34,2.42,1.48,95
DIST,4,AN0,189B,0.00,0.00,1.95,2.75,AN1,C32D,2.95,0.00,1.95,2.71,AN2,8A94,2.95,5.89,1.95,3.60,AN3,0323,-0.09,6.04,1.95,3.68,POS,1.35,2.42,1.58,98
DIST,4,AN0,189B,0.00,0.00,1.95,2.76,AN1,C32D,2.95,0.00,1.95,2.71,AN2,8A94,2.95,5.89,1.95,3.66,AN3,0323,-0.09,6.04,1.95,3.71,POS,1.34,2.42,1.63,96
DIST,4,AN0,189B,0.00,0.00,1.95,2.75,AN1,C32D,2.95,0.00,1.95,2.73,AN2,8A94,2.95,5.89,1.95,3.70,AN3,0323,-0.09,6.04,1.95,3.70,POS,1.38,2.44,1.60,95
DIST,4,AN0,189B,0.00,0.00,1.95,2.74,AN1,C32D,2.95,0.00,1.95,2.69,AN2,8A94,2.95,5.89,1.95,3.64,AN3,0323,-0.09,6.04,1.95,3.73,POS,1.38,2.43,1.61,96
DIST,4,AN0,189B,0.00,0.00,1.95,2.73,AN1,C32D,2.95,0.00,1.95,2.74,AN2,8A94,2.95,5.89,1.95,3.67,AN3,0323,-0.09,6.04,1.95,3.75,POS,1.38,2.42,1.55,92
DIST,4,AN0,189B,0.00,0.00,1.95,2.80,AN1,C32D,2.95,0.00,1.95,2.72,AN2,8A94,2.95,5.89,1.95,3.65,AN3,0323,-0.09,6.04,1.95,3.69,POS,1.42,2.45,1.55,95
DIST,4,AN0,189B,0.00,0.00,1.95,2.74,AN1,C32D,2.95,0.00,1.95,2.74,AN2,8A94,2.95,5.89,1.95,3.65,AN3,0323,-0.09,6.04,1.95,3.72,POS,1.40,2.44,1.54,94
DIST,4,AN0,189B,0.00,0.00,1.95,2.77,AN1,C32D,2.95,0.00,1.95,2.75,AN2,8A94,2.95,5.89,1.95,3.63,AN3,0323,-0.09,6.04,1.95,3.66,POS,1.38,2.44,1.59,96
DIST,4,AN0,189B,0.00,0.00,1.95,2.76,AN1,C32D,2.95,0.00,1.95,2.77,AN2,8A94,2.95,5.89,1.95,3.60,AN3,0323,-0.09,6.04,1.95,3.67,POS,1.37,2.45,1.59,95
DIST,4,AN0,189B,0.00,0.00,1.95,2.74,AN1,C32D,2.95,0.00,1.95,2.75,AN2,8A94,2.95,5.89,1.95,3.60,AN3,0323,-0.09,6.04,1.95,3.67,POS,1.36,2.45,1.59,96
DIST,4,AN0,189B,0.00,0.00,1.95,2.74,AN1,C32D,2.95,0.00,1.95,2.69,AN2,8A94,2.95,5.89,1.95,3.62,AN3,0323,-0.09,6.04,1.95,3.77,POS,1.39,2.44,1.55,93
DIST,4,AN0,189B,0.00,0.00,1.95,2.79,AN1,C32D,2.95,0.00,1.95,2.82,AN2,8A94,2.95,5.89,1.95,3.58,AN3,0323,-0.09,6.04,1.95,3.60,POS,1.36,2.46,1.58,96
DIST,4,AN0,189B,0.00,0.00,1.95,2.80,AN1,C32D,2.95,0.00,1.95,2.82,AN2,8A94,2.95,5.89,1.95,3.61,AN3,0323,-0.09,6.04,1.95,3.62,POS,1.34,2.47,1.60,95
DIST,4,AN0,189B,0.00,0.00,1.95,2.86,AN1,C32D,2.95,0.00,1.95,2.92,AN2,8A94,2.95,5.89,1.95,3.46,AN3,0323,-0.09,6.04,1.95,3.47,POS,1.36,2.52,1.62,98
DIST,4,AN0,189B,0.00,0.00,1.95,3.05,AN1,C32D,2.95,0.00,1.95,3.05,AN2,8A94,2.95,5.89,1.95,3.40,AN3,0323,-0.09,6.04,1.95,3.34,POS,1.39,2.61,1.62,97
DIST,4,AN0,189B,0.00,0.00,1.95,3.11,AN1,C32D,2.95,0.00,1.95,3.11,AN2,8A94,2.95,5.89,1.95,3.28,AN3,0323,-0.09,6.04,1.95,3.22,POS,1.34,2.67,1.52,90
DIST,4,AN0,189B,0.00,0.00,1.95,3.15,AN1,C32D,2.95,0.00,1.95,3.12,AN2,8A94,2.95,5.89,1.95,3.18,AN3,0323,-0.09,6.04,1.95,3.20,POS,1.34,2.73,1.45,90
DIST,4,AN0,189B,0.00,0.00,1.95,3.18,AN1,C32D,2.95,0.00,1.95,3.16,AN2,8A94,2.95,5.89,1.95,3.23,AN3,0323,-0.09,6.04,1.95,3.26,POS,1.33,2.78,1.47,96
DIST,4,AN0,189B,0.00,0.00,1.95,3.18,AN1,C32D,2.95,0.00,1.95,3.14,AN2,8A94,2.95,5.89,1.95,3.22,AN3,0323,-0.09,6.04,1.95,3.23,POS,1.38,2.84,1.57,99
DIST,4,AN0,189B,0.00,0.00,1.95,3.14,AN1,C32D,2.95,0.00,1.95,3.13,AN2,8A94,2.95,5.89,1.95,3.23,AN3,0323,-0.09,6.04,1.95,3.29,POS,1.37,2.85,1.56,96
DIST,4,AN0,189B,0.00,0.00,1.95,3.13,AN1,C32D,2.95,0.00,1.95,3.17,AN2,8A94,2.95,5.89,1.95,3.22,AN3,0323,-0.09,6.04,1.95,3.26,POS,1.37,2.87,1.55,96
DIST,4,AN0,189B,0.00,0.00,1.95,3.15,AN1,C32D,2.95,0.00,1.95,3.13,AN2,8A94,2.95,5.89,1.95,3.26,AN3,0323,-0.09,6.04,1.95,3.27,POS,1.35,2.87,1.57,97
DIST,4,AN0,189B,0.00,0.00,1.95,3.18,AN1,C32D,2.95,0.00,1.95,3.11,AN2,8A94,2.95,5.89,1.95,3.23,AN3,0323,-0.09,6.04,1.95,3.32,POS,1.36,2.87,1.55,96
DIST,3,AN0,189B,0.00,0.00,1.95,3.21,AN1,C32D,2.95,0.00,1.95,3.12,AN2,8A94,2.95,5.89,1.95,3.16,POS,1.41,2.88,1.46,89
DIST,4,AN0,189B,0.00,0.00,1.95,3.20,AN1,C32D,2.95,0.00,1.95,3.11,AN2,8A94,2.95,5.89,1.95,3.18,AN3,0323,-0.09,6.04,1.95,3.19,POS,1.45,2.92,1.42,91
DIST,4,AN0,189B,0.00,0.00,1.95,3.17,AN1,C32D,2.95,0.00,1.95,3.11,AN2,8A94,2.95,5.89,1.95,3.19,AN3,0323,-0.09,6.04,1.95,3.24,POS,1.42,2.92,1.35,88
DIST,4,AN0,189B,0.00,0.00,1.95,3.18,AN1,C32D,2.95,0.00,1.95,3.15,AN2,8A94,2.95,5.89,1.95,3.19,AN3,0323,-0.09,6.04,1.95,3.24,POS,1.45,2.94,1.42,98
DIST,4,AN0,189B,0.00,0.00,1.95,3.19,AN1,C32D,2.95,0.00,1.95,3.11,AN2,8A94,2.95,5.89,1.95,3.19,AN3,0323,-0.09,6.04,1.95,3.27,POS,1.48,2.96,1.49,98
DIST,4,AN0,8A94,2.95,5.89,1.95,3.21,AN1,C32D,2.95,0.00,1.95,3.09,AN2,189B,0.00,0.00,1.95,3.15,AN3,0323,-0.09,6.04,1.95,3.28,POS,1.45,2.93,1.40,88
DIST,4,AN0,189B,0.00,0.00,1.95,3.17,AN1,C32D,2.95,0.00,1.95,3.14,AN2,8A94,2.95,5.89,1.95,3.22,AN3,0323,-0.09,6.04,1.95,3.23,POS,1.41,2.93,1.33,87
DIST,4,AN0,189B,0.00,0.00,1.95,3.13,AN1,C32D,2.95,0.00,1.95,3.15,AN2,8A94,2.95,5.89,1.95,3.20,AN3,0323,-0.09,6.04,1.95,3.24,POS,1.40,2.92,1.41,98
DIST,4,AN0,189B,0.00,0.00,1.95,3.19,AN1,C32D,2.95,0.00,1.95,3.22,AN2,8A94,2.95,5.89,1.95,3.17,AN3,0323,-0.09,6.04,1.95,3.15,POS,1.41,2.96,1.50,99
DIST,4,AN0,189B,0.00,0.00,1.95,3.32,AN1,8A94,2.95,5.89,1.95,3.09,AN2,C32D,2.95,0.00,1.95,3.31,AN3,0323,-0.09,6.04,1.95,3.13,POS,1.43,3.01,1.49,95
DIST,4,AN0,8A94,2.95,5.89,1.95,2.94,AN1,189B,0.00,0.00,1.95,3.43,AN2,C32D,2.95,0.00,1.95,3.42,AN3,0323,-0.09,6.04,1.95,3.04,POS,1.44,3.07,1.47,93
DIST,4,AN0,8A94,2.95,5.89,1.95,2.88,AN1,0323,-0.09,6.04,1.95,2.89,AN2,189B,0.00,0.00,1.95,3.56,AN3,C32D,2.95,0.00,1.95,3.46,POS,1.48,3.16,1.41,89
DIST,4,AN0,8A94,2.95,5.89,1.95,2.81,AN1,0323,-0.09,6.04,1.95,2.87,AN2,C32D,2.95,0.00,1.95,3.58,AN3,189B,0.00,0.00,1.95,3.60,POS,1.48,3.24,1.43,95
DIST,4,AN0,8A94,2.95,5.89,1.95,2.80,AN1,0323,-0.09,6.04,1.95,2.84,AN2,C32D,2.95,0.00,1.95,3.62,AN3,189B,0.00,0.00,1.95,3.59,POS,1.46,3.29,1.42,92
DIST,4,AN0,8A94,2.95,5.89,1.95,2.81,AN1,0323,-0.09,6.04,1.95,2.79,AN2,189B,0.00,0.00,1.95,3.56,AN3,C32D,2.95,0.00,1.95,3.59,POS,1.45,3.34,1.52,98
DIST,4,AN0,8A94,2.95,5.89,1.95,2.80,AN1,0323,-0.09,6.04,1.95,2.84,AN2,189B,0.00,0.00,1.95,3.64,AN3,C32D,2.95,0.00,1.95,3.55,POS,1.43,3.35,1.55,96
DIST,4,AN0,8A94,2.95,5.89,1.95,2.79,AN1,0323,-0.09,6.04,1.95,2.79,AN2,189B,0.00,0.00,1.95,3.58,AN3,C32D,2.95,0.00,1.95,3.63,POS,1.41,3.38,1.55,94
DIST,4,AN0,8A94,2.95,5.89,1.95,2.79,AN1,0323,-0.09,6.04,1.95,2.75,AN2,189B,0.00,0.00,1.95,3.65,AN3,C32D,2.95,0.00,1.95,3.67,POS,1.42,3.42,1.56,95
DIST,4,AN0,8A94,2.95,5.89,1.95,2.81,AN1,0323,-0.09,6.04,1.95,2.80,AN2,189B,0.00,0.00,1.95,3.64,AN3,C32D,2.95,0.00,1.95,3.64,POS,1.43,3.45,1.55,95
DIST,4,AN0,8A94,2.95,5.89,1.95,2.80,AN1,0323,-0.09,6.04,1.95,2.77,AN2,189B,0.00,0.00,1.95,3.60,AN3,C32D,2.95,0.00,1.95,3.61,POS,1.44,3.46,1.62,98
DIST,4,AN0,8A94,2.95,5.89,1.95,2.77,AN1,0323,-0.09,6.04,1.95,2.82,AN2,189B,0.00,0.00,1.95,3.60,AN3,C32D,2.95,0.00,1.95,3.57,POS,1.46,3.47,1.66,98
DIST,4,AN0,8A94,2.95,5.89,1.95,2.74,AN1,0323,-0.09,6.04,1.95,2.82,AN2,189B,0.00,0.00,1.95,3.66,AN3,C32D,2.95,0.00,1.95,3.71,POS,1.44,3.48,1.55,88
DIST,4,AN0,8A94,2.95,5.89,1.95,2.77,AN1,0323,-0.09,6.04,1.95,2.84,AN2,189B,0.00,0.00,1.95,3.69,AN3,C32D,2.95,0.00,1.95,3.63,POS,1.47,3.49,1.53,93
DIST,4,AN0,8A94,2.95,5.89,1.95,2.76,AN1,0323,-0.09,6.04,1.95,2.79,AN2,189B,0.00,0.00,1.95,3.69,AN3,C32D,2.95,0.00,1.95,3.61,POS,1.44,3.48,1.55,95
DIST,4,AN0,8A94,2.95,5.89,1.95,2.62,AN1,0323,-0.09,6.04,1.95,2.69,AN2,189B,0.00,0.00,1.95,3.73,AN3,C32D,2.95,0.00,1.95,3.80,POS,1.42,3.52,1.50,90
DIST,4,AN0,8A94,2.95,5.89,1.95,2.53,AN1,0323,-0.09,6.04,1.95,2.62,AN2,189B,0.00,0.00,1.95,3.86,AN3,C32D,2.95,0.00,1.95,3.88,POS,1.42,3.57,1.47,90
DIST,4,AN0,8A94,2.95,5.89,1.95,2.46,AN1,0323,-0.09,6.04,1.95,2.54,AN2,189B,0.00,0.00,1.95,3.97,AN3,C32D,2.95,0.00,1.95,4.00,POS,1.42,3.65,1.42,87
DIST,4,AN0,8A94,2.95,5.89,1.95,2.38,AN1,0323,-0.09,6.04,1.95,2.41,AN2,189B,0.00,0.00,1.95,4.07,AN3,C32D,2.95,0.00,1.95,3.96,POS,1.40,3.70,1.37,84
DIST,4,AN0,8A94,2.95,5.89,1.95,2.33,AN1,0323,-0.09,6.04,1.95,2.39,AN2,189B,0.00,0.00,1.95,4.06,AN3,C32D,2.95,0.00,1.95,4.08,POS,1.41,3.77,1.42,91
DIST,4,AN0,8A94,2.95,5.89,1.95,2.29,AN1,0323,-0.09,6.04,1.95,2.43,AN2,189B,0.00,0.00,1.95,4.05,AN3,C32D,2.95,0.00,1.95,4.05,POS,1.42,3.82,1.45,91
DIST,4,AN0,8A94,2.95,5.89,1.95,2.24,AN1,0323,-0.09,6.04,1.95,2.35,AN2,189B,0.00,0.00,1.95,4.04,AN3,C32D,2.95,0.00,1.95,4.09,POS,1.42,3.87,1.55,93
DIST,4,AN0,8A94,2.95,5.89,1.95,2.30,AN1,0323,-0.09,6.04,1.95,2.50,AN2,189B,0.00,0.00,1.95,4.09,AN3,C32D,2.95,0.00,1.95,4.09,POS,1.43,3.90,1.49,87
DIST,4,AN0,8A94,2.95,5.89,1.95,2.28,AN1,0323,-0.09,6.04,1.95,2.40,AN2,189B,0.00,0.00,1.95,4.05,AN3,C32D,2.95,0.00,1.95,4.12,POS,1.43,3.92,1.51,91
DIST,4,AN0,8A94,2.95,5.89,1.95,2.25,AN1,0323,-0.09,6.04,1.95,2.43,AN2,189B,0.00,0.00,1.95,4.10,AN3,C32D,2.95,0.00,1.95,4.11,POS,1.44,3.95,1.49,89
DIST,4,AN0,8A94,2.95,5.89,1.95,2.27,AN1,0323,-0.09,6.04,1.95,2.42,AN2,189B,0.00,0.00,1.95,4.17,AN3,C32D,2.95,0.00,1.95,4.12,POS,1.45,3.97,1.48,89
DIST,4,AN0,8A94,2.95,5.89,1.95,2.21,AN1,0323,-0.09,6.04,1.95,2.39,AN2,189B,0.00,0.00,1.95,4.13,AN3,C32D,2.95,0.00,1.95,4.13,POS,1.46,3.99,1.48,90
DIST,4,AN0,8A94,2.95,5.89,1.95,2.19,AN1,0323,-0.09,6.04,1.95,2.37,AN2,189B,0.00,0.00,1.95,4.16,AN3,C32D,2.95,0.00,1.95,4.09,POS,1.48,4.01,1.48,89
DIST,4,AN0,8A94,2.95,5.89,1.95,2.20,AN1,0323,-0.09,6.04,1.95,2.46,AN2,C32D,2.95,0.00,1.95,4.16,AN3,189B,0.00,0.00,1.95,4.27,POS,1.51,4.04,1.44,85
DIST,4,AN0,8A94,2.95,5.89,1.95,2.19,AN1,0323,-0.09,6.04,1.95,2.45,AN2,C32D,2.95,0.00,1.95,4.20,AN3,189B,0.00,0.00,1.95,4.22,POS,1.51,4.05,1.40,85
DIST,4,AN0,8A94,2.95,5.89,1.95,2.20,AN1,0323,-0.09,6.04,1.95,2.41,AN2,C32D,2.95,0.00,1.95,4.16,AN3,189B,0.00,0.00,1.95,4.20,POS,1.52,4.06,1.40,88
DIST,4,AN0,8A94,2.95,5.89,1.95,2.22,AN1,0323,-0.09,6.04,1.95,2.41,AN2,C32D,2.95,0.00,1.95,4.18,AN3,189B,0.00,0.00,1.95,4.20,POS,1.51,4.07,1.37,85
DIST,4,AN0,8A94,2.95,5.89,1.95,2.21,AN1,0323,-0.09,6.04,1.95,2.40,AN2,C32D,2.95,0.00,1.95,4.19,AN3,189B,0.00,0.00,1.95,4.26,POS,1.52,4.08,1.37,87
DIST,4,AN0,8A94,2.95,5.89,1.95,2.23,AN1,0323,-0.09,6.04,1.95,2.37,AN2,C32D,2.95,0.00,1.95,4.17,AN3,189B,0.00,0.00,1.95,4.19,POS,1.51,4.08,1.39,89
DIST,4,AN0,8A94,2.95,5.89,1.95,2.25,AN1,0323,-0.09,6.04,1.95,2.34,AN2,C32D,2.95,0.00,1.95,4.15,AN3,189B,0.00,0.00,1.95,4.19,POS,1.52,4.09,1.48,92
DIST,4,AN0,8A94,2.95,5.89,1.95,2.21,AN1,0323,-0.09,6.04,1.95,2.32,AN2,C32D,2.95,0.00,1.95,4.16,AN3,189B,0.00,0.00,1.95,4.22,POS,1.53,4.10,1.59,92
DIST,4,AN0,8A94,2.95,5.89,1.95,2.23,AN1,0323,-0.09,6.04,1.95,2.34,AN2,C32D,2.95,0.00,1.95,4.18,AN3,189B,0.00,0.00,1.95,4.16,POS,1.51,4.10,1.55,88
DIST,4,AN0,8A94,2.95,5.89,1.95,2.23,AN1,0323,-0.09,6.04,1.95,2.35,AN2,C32D,2.95,0.00,1.95,4.16,AN3,189B,0.00,0.00,1.95,4.22,POS,1.52,4.10,1.57,90
DIST,4,AN0,8A94,2.95,5.89,1.95,2.21,AN1,0323,-0.09,6.04,1.95,2.34,AN2,C32D,2.95,0.00,1.95,4.22,AN3,189B,0.00,0.00,1.95,4.16,POS,1.49,4.10,1.55,88
DIST,4,AN0,8A94,2.95,5.89,1.95,2.22,AN1,0323,-0.09,6.04,1.95,2.36,AN2,C32D,2.95,0.00,1.95,4.17,AN3,189B,0.00,0.00,1.95,4.17,POS,1.48,4.10,1.52,88
DIST,4,AN0,8A94,2.95,5.89,1.95,2.20,AN1,0323,-0.09,6.04,1.95,2.34,AN2,C32D,2.95,0.00,1.95,4.15,AN3,189B,0.00,0.00,1.95,4.21,POS,1.51,4.10,1.60,92
DIST,3,AN0,8A94,2.95,5.89,1.95,2.22,AN1,C32D,2.95,0.00,1.95,4.21,AN2,189B,0.00,0.00,1.95,4.18,POS,1.49,4.10,1.54,86
DIST,4,AN0,8A94,2.95,5.89,1.95,2.26,AN1,0323,-0.09,6.04,1.95,2.37,AN2,C32D,2.95,0.00,1.95,4.22,AN3,189B,0.00,0.00,1.95,4.14,POS,1.47,4.10,1.51,87
DIST,4,AN0,8A94,2.95,5.89,1.95,2.22,AN1,0323,-0.09,6.04,1.95,2.39,AN2,189B,0.00,0.00,1.95,4.18,AN3,C32D,2.95,0.00,1.95,4.16,POS,1.47,4.09,1.48,88
DIST,4,AN0,8A94,2.95,5.89,1.95,2.20,AN1,0323,-0.09,6.04,1.95,2.38,AN2,189B,0.00,0.00,1.95,4.19,AN3,C32D,2.95,0.00,1.95,4.16,POS,1.48,4.09,1.47,89
DIST,4,AN0,8A94,2.95,5.89,1.95,2.22,AN1,0323,-0.09,6.04,1.95,2.38,AN2,C32D,2.95,0.00,1.95,4.13,AN3,189B,0.00,0.00,1.95,4.20,POS,1.51,4.09,1.51,90
DIST,4,AN0,8A94,2.95,5.89,1.95,2.22,AN1,0323,-0.09,6.04,1.95,2.36,AN2,C32D,2.95,0.00,1.95,4.13,AN3,189B,0.00,0.00,1.95,4.11,POS,1.49,4.08,1.51,90
DIST,4,AN0,8A94,2.95,5.89,1.95,2.22,AN1,0323,-0.09,6.04,1.95,2.43,AN2,C32D,2.95,0.00,1.95,4.17,AN3,189B,0.00,0.00,1.95,4.23,POS,1.50,4.08,1.46,86
DIST,4,AN0,8A94,2.95,5.89,1.95,2.22,AN1,0323,-0.09,6.04,1.95,2.43,AN2,C32D,2.95,0.00,1.95,4.09,AN3,189B,0.00,0.00,1.95,4.08,POS,1.50,4.06,1.51,93
DIST,4,AN0,8A94,2.95,5.89,1.95,2.25,AN1,0323,-0.09,6.04,1.95,2.43,AN2,C32D,2.95,0.00,1.95,4.10,AN3,189B,0.00,0.00,1.95,4.23,POS,1.54,4.07,1.55,89
DIST,4,AN0,8A94,2.95,5.89,1.95,2.24,AN1,0323,-0.09,6.04,1.95,2.44,AN2,C32D,2.95,0.00,1.95,4.12,AN3,189B,0.00,0.00,1.95,4.16,POS,1.53,4.06,1.51,88
DIST,4,AN0,8A94,2.95,5.89,1.95,2.20,AN1,0323,-0.09,6.04,1.95,2.38,AN2,C32D,2.95,0.00,1.95,4.17,AN3,189B,0.00,0.00,1.95,4.22,POS,1.53,4.07,1.49,89
DIST,4,AN0,8A94,2.95,5.89,1.95,2.22,AN1,0323,-0.09,6.04,1.95,2.35,AN2,C32D,2.95,0.00,1.95,4.07,AN3,189B,0.00,0.00,1.95,4.14,POS,1.54,4.08,1.44,84
DIST,4,AN0,8A94,2.95,5.89,1.95,2.20,AN1,0323,-0.09,6.04,1.95,2.43,AN2,C32D,2.95,0.00,1.95,4.16,AN3,189B,0.00,0.00,1.95,4.10,POS,1.50,4.08,1.54,92
DIST,4,AN0,8A94,2.95,5.89,1.95,2.24,AN1,0323,-0.09,6.04,1.95,2.42,AN2,C32D,2.95,0.00,1.95,4.16,AN3,189B,0.00,0.00,1.95,4.19,POS,1.50,4.08,1.48,87
DIST,4,AN0,8A94,2.95,5.89,1.95,2.22,AN1,0323,-0.09,6.04,1.95,2.49,AN2,C32D,2.95,0.00,1.95,4.17,AN3,189B,0.00,0.00,1.95,4.13,POS,1.48,4.07,1.49,89
DIST,4,AN0,8A94,2.95,5.89,1.95,2.20,AN1,0323,-0.09,6.04,1.95,2.38,AN2,C32D,2.95,0.00,1.95,4.16,AN3,189B,0.00,0.00,1.95,4.22,POS,1.49,4.08,1.49,89
