DIST,4,AN0,189B,0.00,0.00,1.95,1.51,AN1,C32D,2.95,0.00,1.95,1.46,AN2,8A94,2.95,5.89,1.95,5.43,AN3,0323,-0.09,6.04,1.95,5.47,POS,1.44,0.62,1.47,55
DIST,4,AN0,189B,0.00,0.00,1.95,1.48,AN1,C32D,2.95,0.00,1.95,1.46,AN2,8A94,2.95,5.89,1.95,5.49,AN3,0323,-0.09,6.04,1.95,5.45,POS,1.45,0.62,1.48,57
DIST,4,AN0,189B,0.00,0.00,1.95,1.46,AN1,C32D,2.95,0.00,1.95,1.40,AN2,8A94,2.95,5.89,1.95,5.40,AN3,0323,-0.09,6.04,1.95,5.37,POS,1.47,0.63,1.44,52
DIST,4,AN0,189B,0.00,0.00,1.95,1.53,AN1,C32D,2.95,0.00,1.95,1.43,AN2,8A94,2.95,5.89,1.95,5.47,AN3,0323,-0.09,6.04,1.95,5.50,POS,1.48,0.62,1.43,54
DIST,4,AN0,C32D,2.95,0.00,1.95,1.45,AN1,189B,0.00,0.00,1.95,1.54,AN2,8A94,2.95,5.89,1.95,5.43,AN3,0323,-0.09,6.04,1.95,5.43,POS,1.49,0.63,1.44,57
DIST,4,AN0,C32D,2.95,0.00,1.95,1.40,AN1,189B,0.00,0.00,1.95,1.47,AN2,8A94,2.95,5.89,1.95,5.43,AN3,0323,-0.09,6.04,1.95,5.41,POS,1.50,0.64,1.52,63
DIST,4,AN0,C32D,2.95,0.00,1.95,1.41,AN1,189B,0.00,0.00,1.95,1.53,AN2,8A94,2.95,5.89,1.95,5.40,AN3,0323,-0.09,6.04,1.95,5.36,POS,1.51,0.66,1.55,63
DIST,4,AN0,C32D,2.95,0.00,1.95,1.46,AN1,189B,0.00,0.00,1.95,1.52,AN2,8A94,2.95,5.89,1.95,5.33,AN3,0323,-0.09,6.04,1.95,5.41,POS,1.46,0.63,1.57,68
DIST,4,AN0,189B,0.00,0.00,1.95,1.62,AN1,C32D,2.95,0.00,1.95,1.41,AN2,8A94,2.95,5.89,1.95,5.37,AN3,0323,-0.09,6.04,1.95,5.42,POS,1.49,0.65,1.54,57
DIST,4,AN0,C32D,2.95,0.00,1.95,1.44,AN1,189B,0.00,0.00,1.95,1.61,AN2,8A94,2.95,5.89,1.95,5.32,AN3,0323,-0.09,6.04,1.95,5.34,POS,1.51,0.68,1.53,61
DIST,4,AN0,C32D,2.95,0.00,1.95,1.47,AN1,189B,0.00,0.00,1.95,1.62,AN2,8A94,2.95,5.89,1.95,5.37,AN3,0323,-0.09,6.04,1.95,5.21,POS,1.53,0.73,1.57,69
DIST,4,AN0,C32D,2.95,0.00,1.95,1.52,AN1,189B,0.00,0.00,1.95,1.58,AN2,8A94,2.95,5.89,1.95,5.31,AN3,0323,-0.09,6.04,1.95,5.42,POS,1.49,0.71,1.59,63
DIST,4,AN0,C32D,2.95,0.00,1.95,1.49,AN1,189B,0.00,0.00,1.95,1.52,AN2,8A94,2.95,5.89,1.95,5.34,AN3,0323,-0.09,6.04,1.95,5.41,POS,1.49,0.70,1.55,58
DIST,4,AN0,C32D,2.95,0.00,1.95,1.45,AN1,189B,0.00,0.00,1.95,1.57,AN2,8A94,2.95,5.89,1.95,5.31,AN3,0323,-0.09,6.04,1.95,5.36,POS,1.50,0.71,1.54,61
DIST,4,AN0,C32D,2.95,0.00,1.95,1.41,AN1,189B,0.00,0.00,1.95,1.57,AN2,8A94,2.95,5.89,1.95,5.38,AN3,0323,-0.09,6.04,1.95,5.44,POS,1.52,0.70,1.52,56
DIST,4,AN0,C32D,2.95,0.00,1.95,1.45,AN1,189B,0.00,0.00,1.95,1.57,AN2,8A94,2.95,5.89,1.95,5.44,AN3,0323,-0.09,6.04,1.95,5.43,POS,1.53,0.69,1.49,56
DIST,4,AN0,C32D,2.95,0.00,1.95,1.40,AN1,189B,0.00,0.00,1.95,1.54,AN2,8A94,2.95,5.89,1.95,5.39,AN3,0323,-0.09,6.04,1.95,5.39,POS,1.53,0.70,1.53,61
DIST,4,AN0,C32D,2.95,0.00,1.95,1.41,AN1,189B,0.00,0.00,1.95,1.57,AN2,8A94,2.95,5.89,1.95,5.37,AN3,0323,-0.09,6.04,1.95,5.36,POS,1.54,0.71,1.55,62
DIST,4,AN0,C32D,2.95,0.00,1.95,1.41,AN1,189B,0.00,0.00,1.95,1.59,AN2,8A94,2.95,5.89,1.95,5.42,AN3,0323,-0.09,6.04,1.95,5.45,POS,1.55,0.70,1.52,55
DIST,4,AN0,C32D,2.95,0.00,1.95,1.38,AN1,189B,0.00,0.00,1.95,1.60,AN2,8A94,2.95,5.89,1.95,5.44,AN3,0323,-0.09,6.04,1.95,5.42,POS,1.57,0.70,1.51,57
DIST,4,AN0,C32D,2.95,0.00,1.95,1.41,AN1,189B,0.00,0.00,1.95,1.59,AN2,8A94,2.95,5.89,1.95,5.42,AN3,0323,-0.09,6.04,1.95,5.46,POS,1.57,0.69,1.49,54
DIST,4,AN0,C32D,2.95,0.00,1.95,1.40,AN1,189B,0.00,0.00,1.95,1.57,AN2,8A94,2.95,5.89,1.95,5.46,AN3,0323,-0.09,6.04,1.95,5.46,POS,1.57,0.68,1.48,55
DIST,4,AN0,C32D,2.95,0.00,1.95,1.43,AN1,189B,0.00,0.00,1.95,1.56,AN2,8A94,2.95,5.89,1.95,5.42,AN3,0323,-0.09,6.04,1.95,5.41,POS,1.56,0.68,1.49,58
DIST,4,AN0,C32D,2.95,0.00,1.95,1.35,AN1,189B,0.00,0.00,1.95,1.57,AN2,8A94,2.95,5.89,1.95,5.47,AN3,0323,-0.09,6.04,1.95,5.33,POS,1.57,0.69,1.44,54
DIST,4,AN0,C32D,2.95,0.00,1.95,1.40,AN1,189B,0.00,0.00,1.95,1.54,AN2,8A94,2.95,5.89,1.95,5.39,AN3,0323,-0.09,6.04,1.95,5.41,POS,1.57,0.69,1.48,60
DIST,4,AN0,C32D,2.95,0.00,1.95,1.36,AN1,189B,0.00,0.00,1.95,1.59,AN2,8A94,2.95,5.89,1.95,5.41,AN3,0323,-0.09,6.04,1.95,5.43,POS,1.58,0.69,1.50,57
DIST,4,AN0,C32D,2.95,0.00,1.95,1.38,AN1,189B,0.00,0.00,1.95,1.52,AN2,8A94,2.95,5.89,1.95,5.45,AN3,0323,-0.09,6.04,1.95,5.51,POS,1.57,0.67,1.50,59
DIST,4,AN0,C32D,2.95,0.00,1.95,1.41,AN1,189B,0.00,0.00,1.95,1.62,AN2,8A94,2.95,5.89,1.95,5.40,AN3,0323,-0.09,6.04,1.95,5.45,POS,1.58,0.67,1.47,54
DIST,4,AN0,C32D,2.95,0.00,1.95,1.46,AN1,189B,0.00,0.00,1.95,1.48,AN2,8A94,2.95,5.89,1.95,5.39,AN3,0323,-0.09,6.04,1.95,5.42,POS,1.56,0.67,1.49,59
DIST,4,AN0,C32D,2.95,0.00,1.95,1.45,AN1,189B,0.00,0.00,1.95,1.57,AN2,8A94,2.95,5.89,1.95,5.46,AN3,0323,-0.09,6.04,1.95,5.50,POS,1.55,0.65,1.45,51
DIST,4,AN0,C32D,2.95,0.00,1.95,1.43,AN1,189B,0.00,0.00,1.95,1.49,AN2,8A94,2.95,5.89,1.95,5.48,AN3,0323,-0.09,6.04,1.95,5.53,POS,1.48,0.56,1.42,63
DIST,4,AN0,C32D,2.95,0.00,1.95,1.49,AN1,189B,0.00,0.00,1.95,1.55,AN2,8A94,2.95,5.89,1.95,5.46,AN3,0323,-0.09,6.04,1.95,5.53,POS,1.48,0.58,1.51,65
DIST,4,AN0,C32D,2.95,0.00,1.95,1.54,AN1,189B,0.00,0.00,1.95,1.47,AN2,8A94,2.95,5.89,1.95,5.44,AN3,0323,-0.09,6.04,1.95,5.49,POS,1.43,0.55,1.47,59
DIST,4,AN0,189B,0.00,0.00,1.95,1.47,AN1,C32D,2.95,0.00,1.95,1.46,AN2,8A94,2.95,5.89,1.95,5.50,AN3,0323,-0.09,6.04,1.95,5.46,POS,1.44,0.56,1.48,57
DIST,4,AN0,189B,0.00,0.00,1.95,1.42,AN1,C32D,2.95,0.00,1.95,1.54,AN2,8A94,2.95,5.89,1.95,5.50,AN3,0323,-0.09,6.04,1.95,5.52,POS,1.43,0.56,1.45,54
DIST,4,AN0,189B,0.00,0.00,1.95,1.48,AN1,C32D,2.95,0.00,1.95,1.51,AN2,8A94,2.95,5.89,1.95,5.48,AN3,0323,-0.09,6.04,1.95,5.43,POS,1.44,0.58,1.44,57
DIST,4,AN0,189B,0.00,0.00,1.95,1.38,AN1,C32D,2.95,0.00,1.95,1.55,AN2,8A94,2.95,5.89,1.95,5.58,AN3,0323,-0.09,6.04,1.95,5.47,POS,1.43,0.58,1.45,57
DIST,4,AN0,189B,0.00,0.00,1.95,1.42,AN1,C32D,2.95,0.00,1.95,1.52,AN2,8A94,2.95,5.89,1.95,5.46,AN3,0323,-0.09,6.04,1.95,5.47,POS,1.36,0.52,1.41,58
DIST,4,AN0,189B,0.00,0.00,1.95,1.44,AN1,C32D,2.95,0.00,1.95,1.49,AN2,8A94,2.95,5.89,1.95,5.49,AN3,0323,-0.09,6.04,1.95,5.42,POS,1.38,0.56,1.44,58
DIST,4,AN0,189B,0.00,0.00,1.95,1.44,AN1,C32D,2.95,0.00,1.95,1.50,AN2,8A94,2.95,5.89,1.95,5.47,AN3,0323,-0.09,6.04,1.95,5.45,POS,1.40,0.57,1.44,56
DIST,4,AN0,189B,0.00,0.00,1.95,1.42,AN1,C32D,2.95,0.00,1.95,1.51,AN2,8A94,2.95,5.89,1.95,5.53,AN3,0323,-0.09,6.04,1.95,5.46,POS,1.40,0.58,1.45,56
DIST,4,AN0,189B,0.00,0.00,1.95,1.48,AN1,C32D,2.95,0.00,1.95,1.44,AN2,8A94,2.95,5.89,1.95,5.50,AN3,0323,-0.09,6.04,1.95,5.50,POS,1.43,0.58,1.45,57
DIST,4,AN0,189B,0.00,0.00,1.95,1.52,AN1,C32D,2.95,0.00,1.95,1.47,AN2,8A94,2.95,5.89,1.95,5.52,AN3,0323,-0.09,6.04,1.95,5.46,POS,1.45,0.60,1.44,55
DIST,4,AN0,189B,0.00,0.00,1.95,1.48,AN1,C32D,2.95,0.00,1.95,1.50,AN2,8A94,2.95,5.89,1.95,5.54,AN3,0323,-0.09,6.04,1.95,5.48,POS,1.45,0.60,1.43,54
DIST,4,AN0,189B,0.00,0.00,1.95,1.54,AN1,C32D,2.95,0.00,1.95,1.44,AN2,8A94,2.95,5.89,1.95,5.46,AN3,0323,-0.09,6.04,1.95,5.49,POS,1.47,0.60,1.42,53
DIST,4,AN0,189B,0.00,0.00,1.95,1.53,AN1,C32D,2.95,0.00,1.95,1.46,AN2,8A94,2.95,5.89,1.95,5.50,AN3,0323,-0.09,6.04,1.95,5.45,POS,1.48,0.62,1.42,56
DIST,4,AN0,C32D,2.95,0.00,1.95,1.43,AN1,189B,0.00,0.00,1.95,1.52,AN2,8A94,2.95,5.89,1.95,5.49,AN3,0323,-0.09,6.04,1.95,5.54,POS,1.49,0.60,1.41,54
DIST,4,AN0,C32D,2.95,0.00,1.95,1.42,AN1,189B,0.00,0.00,1.95,1.48,AN2,8A94,2.95,5.89,1.95,5.45,AN3,0323,-0.09,6.04,1.95,5.49,POS,1.50,0.60,1.44,60
DIST,4,AN0,C32D,2.95,0.00,1.95,1.47,AN1,189B,0.00,0.00,1.95,1.50,AN2,8A94,2.95,5.89,1.95,5.54,AN3,0323,-0.09,6.04,1.95,5.59,POS,1.50,0.59,1.56,73
DIST,4,AN0,C32D,2.95,0.00,1.95,1.46,AN1,189B,0.00,0.00,1.95,1.50,AN2,8A94,2.95,5.89,1.95,5.54,AN3,0323,-0.09,6.04,1.95,5.54,POS,1.50,0.58,1.51,53
DIST,3,AN0,189B,0.00,0.00,1.95,1.53,AN1,8A94,2.95,5.89,1.95,5.57,AN2,0323,-0.09,6.04,1.95,5.49,POS,1.38,0.62,1.40,84
DIST,4,AN0,189B,0.00,0.00,1.95,1.58,AN1,C32D,2.95,0.00,1.95,1.36,AN2,8A94,2.95,5.89,1.95,5.55,AN3,0323,-0.09,6.04,1.95,5.49,POS,1.43,0.62,1.42,56
DIST,4,AN0,189B,0.00,0.00,1.95,1.54,AN1,C32D,2.95,0.00,1.95,1.47,AN2,8A94,2.95,5.89,1.95,5.56,AN3,0323,-0.09,6.04,1.95,5.51,POS,1.45,0.62,1.40,51
DIST,4,AN0,189B,0.00,0.00,1.95,1.62,AN1,C32D,2.95,0.00,1.95,1.41,AN2,8A94,2.95,5.89,1.95,5.46,AN3,0323,-0.09,6.04,1.95,5.45,POS,1.49,0.63,1.40,54
DIST,4,AN0,C32D,2.95,0.00,1.95,1.42,AN1,189B,0.00,0.00,1.95,1.59,AN2,8A94,2.95,5.89,1.95,5.55,AN3,0323,-0.09,6.04,1.95,5.50,POS,1.51,0.63,1.39,51
DIST,4,AN0,C32D,2.95,0.00,1.95,1.39,AN1,189B,0.00,0.00,1.95,1.61,AN2,8A94,2.95,5.89,1.95,5.55,AN3,0323,-0.09,6.04,1.95,5.60,POS,1.53,0.62,1.50,70
DIST,4,AN0,C32D,2.95,0.00,1.95,1.42,AN1,189B,0.00,0.00,1.95,1.62,AN2,8A94,2.95,5.89,1.95,5.57,AN3,0323,-0.09,6.04,1.95,5.49,POS,1.55,0.62,1.46,51
DIST,4,AN0,C32D,2.95,0.00,1.95,1.39,AN1,189B,0.00,0.00,1.95,1.61,AN2,8A94,2.95,5.89,1.95,5.55,AN3,0323,-0.09,6.04,1.95,5.64,POS,1.56,0.61,1.51,70
DIST,4,AN0,C32D,2.95,0.00,1.95,1.37,AN1,189B,0.00,0.00,1.95,1.64,AN2,8A94,2.95,5.89,1.95,5.59,AN3,0323,-0.09,6.04,1.95,5.63,POS,1.57,0.60,1.56,69
DIST,4,AN0,C32D,2.95,0.00,1.95,1.36,AN1,189B,0.00,0.00,1.95,1.64,AN2,8A94,2.95,5.89,1.95,5.63,AN3,0323,-0.09,6.04,1.95,5.58,POS,1.59,0.61,1.64,69
DIST,4,AN0,C32D,2.95,0.00,1.95,1.34,AN1,189B,0.00,0.00,1.95,1.61,AN2,8A94,2.95,5.89,1.95,5.57,AN3,0323,-0.09,6.04,1.95,5.69,POS,1.60,0.58,1.67,75
DIST,4,AN0,C32D,2.95,0.00,1.95,1.36,AN1,189B,0.00,0.00,1.95,1.62,AN2,8A94,2.95,5.89,1.95,5.59,AN3,0323,-0.09,6.04,1.95,5.63,POS,1.60,0.58,1.70,71
DIST,4,AN0,C32D,2.95,0.00,1.95,1.42,AN1,189B,0.00,0.00,1.95,1.62,AN2,8A94,2.95,5.89,1.95,5.60,AN3,0323,-0.09,6.04,1.95,5.71,POS,1.60,0.56,1.65,65
DIST,3,AN0,189B,0.00,0.00,1.95,1.61,AN1,8A94,2.95,5.89,1.95,5.58,AN2,0323,-0.09,6.04,1.95,5.61,POS,1.51,0.58,1.52,85
DIST,4,AN0,C32D,2.95,0.00,1.95,1.37,AN1,189B,0.00,0.00,1.95,1.60,AN2,8A94,2.95,5.89,1.95,5.59,AN3,0323,-0.09,6.04,1.95,5.66,POS,1.53,0.57,1.58,73
DIST,4,AN0,C32D,2.95,0.00,1.95,1.36,AN1,189B,0.00,0.00,1.95,1.63,AN2,8A94,2.95,5.89,1.95,5.61,AN3,0323,-0.09,6.04,1.95,5.81,POS,1.55,0.53,1.56,70
DIST,4,AN0,C32D,2.95,0.00,1.95,1.37,AN1,189B,0.00,0.00,1.95,1.63,AN2,8A94,2.95,5.89,1.95,5.53,AN3,0323,-0.09,6.04,1.95,5.74,POS,1.57,0.51,1.56,70
DIST,4,AN0,C32D,2.95,0.00,1.95,1.39,AN1,189B,0.00,0.00,1.95,1.58,AN2,8A94,2.95,5.89,1.95,5.64,AN3,0323,-0.09,6.04,1.95,5.68,POS,1.57,0.51,1.59,72
DIST,4,AN0,C32D,2.95,0.00,1.95,1.40,AN1,189B,0.00,0.00,1.95,1.62,AN2,8A94,2.95,5.89,1.95,5.59,AN3,0323,-0.09,6.04,1.95,5.69,POS,1.58,0.51,1.58,68
DIST,4,AN0,C32D,2.95,0.00,1.95,1.47,AN1,189B,0.00,0.00,1.95,1.59,AN2,8A94,2.95,5.89,1.95,5.58,AN3,0323,-0.09,6.04,1.95,5.66,POS,1.57,0.52,1.56,64
DIST,4,AN0,C32D,2.95,0.00,1.95,1.42,AN1,189B,0.00,0.00,1.95,1.60,AN2,8A94,2.95,5.89,1.95,5.57,AN3,0323,-0.09,6.04,1.95,5.71,POS,1.57,0.51,1.56,68
DIST,4,AN0,C32D,2.95,0.00,1.95,1.42,AN1,189B,0.00,0.00,1.95,1.56,AN2,8A94,2.95,5.89,1.95,5.56,AN3,0323,-0.09,6.04,1.95,5.57,POS,1.57,0.52,1.50,51
DIST,4,AN0,C32D,2.95,0.00,1.95,1.37,AN1,189B,0.00,0.00,1.95,1.56,AN2,8A94,2.95,5.89,1.95,5.59,AN3,0323,-0.09,6.04,1.95,5.54,POS,1.57,0.53,1.48,56
DIST,4,AN0,C32D,2.95,0.00,1.95,1.41,AN1,189B,0.00,0.00,1.95,1.58,AN2,8A94,2.95,5.89,1.95,5.63,AN3,0323,-0.09,6.04,1.95,5.56,POS,1.57,0.54,1.44,51
DIST,4,AN0,C32D,2.95,0.00,1.95,1.40,AN1,189B,0.00,0.00,1.95,1.52,AN2,8A94,2.95,5.89,1.95,5.62,AN3,0323,-0.09,6.04,1.95,5.64,POS,1.56,0.52,1.42,58
DIST,4,AN0,C32D,2.95,0.00,1.95,1.38,AN1,189B,0.00,0.00,1.95,1.47,AN2,8A94,2.95,5.89,1.95,5.57,AN3,0323,-0.09,6.04,1.95,5.55,POS,1.56,0.53,1.45,64
DIST,4,AN0,C32D,2.95,0.00,1.95,1.41,AN1,189B,0.00,0.00,1.95,1.52,AN2,8A94,2.95,5.89,1.95,5.55,AN3,0323,-0.09,6.04,1.95,5.65,POS,1.55,0.53,1.56,77
DIST,4,AN0,C32D,2.95,0.00,1.95,1.41,AN1,189B,0.00,0.00,1.95,1.51,AN2,8A94,2.95,5.89,1.95,5.52,AN3,0323,-0.09,6.04,1.95,5.58,POS,1.54,0.52,1.52,57
DIST,4,AN0,C32D,2.95,0.00,1.95,1.46,AN1,189B,0.00,0.00,1.95,1.56,AN2,8A94,2.95,5.89,1.95,5.66,AN3,0323,-0.09,6.04,1.95,5.58,POS,1.54,0.54,1.57,68
DIST,4,AN0,C32D,2.95,0.00,1.95,1.49,AN1,189B,0.00,0.00,1.95,1.43,AN2,8A94,2.95,5.89,1.95,5.59,AN3,0323,-0.09,6.04,1.95,5.61,POS,1.52,0.52,1.51,57
DIST,4,AN0,C32D,2.95,0.00,1.95,1.56,AN1,189B,0.00,0.00,1.95,1.43,AN2,8A94,2.95,5.89,1.95,5.48,AN3,0323,-0.09,6.04,1.95,5.47,POS,1.49,0.54,1.48,52
DIST,4,AN0,C32D,2.95,0.00,1.95,1.55,AN1,189B,0.00,0.00,1.95,1.59,AN2,8A94,2.95,5.89,1.95,5.31,AN3,0323,-0.09,6.04,1.95,5.37,POS,1.44,0.55,1.45,53
DIST,4,AN0,189B,0.00,0.00,1.95,1.51,AN1,C32D,2.95,0.00,1.95,1.62,AN2,8A94,2.95,5.89,1.95,5.16,AN3,0323,-0.09,6.04,1.95,5.22,POS,1.43,0.62,1.46,66
DIST,4,AN0,189B,0.00,0.00,1.95,1.59,AN1,C32D,2.95,0.00,1.95,1.70,AN2,8A94,2.95,5.89,1.95,5.17,AN3,0323,-0.09,6.04,1.95,5.05,POS,1.42,0.72,1.48,72
DIST,4,AN0,189B,0.00,0.00,1.95,1.62,AN1,C32D,2.95,0.00,1.95,1.69,AN2,8A94,2.95,5.89,1.95,5.06,AN3,0323,-0.09,6.04,1.95,4.94,POS,1.42,0.81,1.42,68
DIST,4,AN0,189B,0.00,0.00,1.95,1.65,AN1,C32D,2.95,0.00,1.95,1.62,AN2,8A94,2.95,5.89,1.95,5.11,AN3,0323,-0.09,6.04,1.95,4.97,POS,1.44,0.87,1.39,68
DIST,4,AN0,189B,0.00,0.00,1.95,1.64,AN1,C32D,2.95,0.00,1.95,1.62,AN2,8A94,2.95,5.89,1.95,5.12,AN3,0323,-0.09,6.04,1.95,5.04,POS,1.45,0.92,1.46,77
DIST,4,AN0,189B,0.00,0.00,1.95,1.69,AN1,C32D,2.95,0.00,1.95,1.60,AN2,8A94,2.95,5.89,1.95,5.03,AN3,0323,-0.09,6.04,1.95,4.95,POS,1.47,0.96,1.42,69
DIST,4,AN0,189B,0.00,0.00,1.95,1.64,AN1,C32D,2.95,0.00,1.95,1.60,AN2,8A94,2.95,5.89,1.95,5.09,AN3,0323,-0.09,6.04,1.95,5.02,POS,1.48,0.99,1.55,78
DIST,4,AN0,C32D,2.95,0.00,1.95,1.59,AN1,189B,0.00,0.00,1.95,1.63,AN2,8A94,2.95,5.89,1.95,5.12,AN3,0323,-0.09,6.04,1.95,5.00,POS,1.49,1.00,1.49,67
DIST,4,AN0,C32D,2.95,0.00,1.95,1.68,AN1,189B,0.00,0.00,1.95,1.67,AN2,8A94,2.95,5.89,1.95,5.01,AN3,0323,-0.09,6.04,1.95,5.08,POS,1.44,0.97,1.44,60
DIST,4,AN0,189B,0.00,0.00,1.95,1.68,AN1,C32D,2.95,0.00,1.95,1.65,AN2,8A94,2.95,5.89,1.95,5.09,AN3,0323,-0.09,6.04,1.95,5.00,POS,1.45,1.00,1.49,77
DIST,4,AN0,189B,0.00,0.00,1.95,1.70,AN1,C32D,2.95,0.00,1.95,1.64,AN2,8A94,2.95,5.89,1.95,5.08,AN3,0323,-0.09,6.04,1.95,5.03,POS,1.47,1.02,1.50,75
DIST,4,AN0,189B,0.00,0.00,1.95,1.63,AN1,C32D,2.95,0.00,1.95,1.63,AN2,8A94,2.95,5.89,1.95,5.02,AN3,0323,-0.09,6.04,1.95,4.97,POS,1.47,1.03,1.44,68
DIST,4,AN0,189B,0.00,0.00,1.95,1.64,AN1,C32D,2.95,0.00,1.95,1.65,AN2,8A94,2.95,5.89,1.95,5.04,AN3,0323,-0.09,6.04,1.95,4.98,POS,1.47,1.04,1.53,80
DIST,4,AN0,189B,0.00,0.00,1.95,1.67,AN1,C32D,2.95,0.00,1.95,1.66,AN2,8A94,2.95,5.89,1.95,4.99,AN3,0323,-0.09,6.04,1.95,5.03,POS,1.47,1.05,1.53,75
DIST,4,AN0,189B,0.00,0.00,1.95,1.68,AN1,C32D,2.95,0.00,1.95,1.63,AN2,8A94,2.95,5.89,1.95,5.04,AN3,0323,-0.09,6.04,1.95,5.02,POS,1.48,1.06,1.56,77
DIST,4,AN0,C32D,2.95,0.00,1.95,1.65,AN1,189B,0.00,0.00,1.95,1.69,AN2,8A94,2.95,5.89,1.95,5.16,AN3,0323,-0.09,6.04,1.95,5.04,POS,1.49,1.06,1.55,74
DIST,4,AN0,C32D,2.95,0.00,1.95,1.66,AN1,189B,0.00,0.00,1.95,1.64,AN2,8A94,2.95,5.89,1.95,5.03,AN3,0323,-0.09,6.04,1.95,4.94,POS,1.48,1.06,1.48,69
DIST,4,AN0,C32D,2.95,0.00,1.95,1.77,AN1,189B,0.00,0.00,1.95,1.69,AN2,8A94,2.95,5.89,1.95,4.94,AN3,0323,-0.09,6.04,1.95,4.90,POS,1.47,1.10,1.50,79
DIST,4,AN0,189B,0.00,0.00,1.95,1.78,AN1,C32D,2.95,0.00,1.95,1.84,AN2,8A94,2.95,5.89,1.95,4.70,AN3,0323,-0.09,6.04,1.95,4.80,POS,1.46,1.15,1.51,81
DIST,4,AN0,189B,0.00,0.00,1.95,1.85,AN1,C32D,2.95,0.00,1.95,1.90,AN2,8A94,2.95,5.89,1.95,4.68,AN3,0323,-0.09,6.04,1.95,4.66,POS,1.45,1.22,1.55,86
DIST,4,AN0,189B,0.00,0.00,1.95,1.94,AN1,C32D,2.95,0.00,1.95,1.97,AN2,8A94,2.95,5.89,1.95,4.60,AN3,0323,-0.09,6.04,1.95,4.53,POS,1.45,1.31,1.64,90
DIST,4,AN0,189B,0.00,0.00,1.95,1.97,AN1,C32D,2.95,0.00,1.95,2.00,AN2,8A94,2.95,5.89,1.95,4.59,AN3,0323,-0.09,6.04,1.95,4.55,POS,1.45,1.37,1.61,87
DIST,4,AN0,189B,0.00,0.00,1.95,1.99,AN1,C32D,2.95,0.00,1.95,2.00,AN2,8A94,2.95,5.89,1.95,4.59,AN3,0323,-0.09,6.04,1.95,4.50,POS,1.46,1.43,1.64,90
DIST,4,AN0,189B,0.00,0.00,1.95,1.95,AN1,C32D,2.95,0.00,1.95,1.96,AN2,8A94,2.95,5.89,1.95,4.60,AN3,0323,-0.09,6.04,1.95,4.59,POS,1.46,1.46,1.63,87
DIST,4,AN0,189B,0.00,0.00,1.95,1.97,AN1,C32D,2.95,0.00,1.95,1.96,AN2,8A94,2.95,5.89,1.95,4.59,AN3,0323,-0.09,6.04,1.95,4.48,POS,1.46,1.49,1.53,81
DIST,4,AN0,189B,0.00,0.00,1.95,1.99,AN1,C32D,2.95,0.00,1.95,1.98,AN2,8A94,2.95,5.89,1.95,4.54,AN3,0323,-0.09,6.04,1.95,4.61,POS,1.43,1.46,1.45,73
DIST,4,AN0,189B,0.00,0.00,1.95,1.99,AN1,C32D,2.95,0.00,1.95,1.96,AN2,8A94,2.95,5.89,1.95,4.59,AN3,0323,-0.09,6.04,1.95,4.49,POS,1.45,1.49,1.40,80
DIST,4,AN0,189B,0.00,0.00,1.95,1.99,AN1,C32D,2.95,0.00,1.95,1.96,AN2,8A94,2.95,5.89,1.95,4.53,AN3,0323,-0.09,6.04,1.95,4.53,POS,1.46,1.52,1.50,90
DIST,4,AN0,189B,0.00,0.00,1.95,1.99,AN1,C32D,2.95,0.00,1.95,1.89,AN2,8A94,2.95,5.89,1.95,4.48,AN3,0323,-0.09,6.04,1.95,4.51,POS,1.48,1.53,1.46,81
DIST,4,AN0,C32D,2.95,0.00,1.95,1.92,AN1,189B,0.00,0.00,1.95,1.98,AN2,8A94,2.95,5.89,1.95,4.58,AN3,0323,-0.09,6.04,1.95,4.51,POS,1.49,1.54,1.41,80
DIST,4,AN0,C32D,2.95,0.00,1.95,1.92,AN1,189B,0.00,0.00,1.95,2.00,AN2,8A94,2.95,5.89,1.95,4.56,AN3,0323,-0.09,6.04,1.95,4.58,POS,1.50,1.54,1.49,88
DIST,4,AN0,C32D,2.95,0.00,1.95,1.89,AN1,189B,0.00,0.00,1.95,2.00,AN2,8A94,2.95,5.89,1.95,4.54,AN3,0323,-0.09,6.04,1.95,4.56,POS,1.51,1.54,1.42,77
DIST,4,AN0,C32D,2.95,0.00,1.95,1.88,AN1,189B,0.00,0.00,1.95,1.96,AN2,8A94,2.95,5.89,1.95,4.53,AN3,0323,-0.09,6.04,1.95,4.57,POS,1.45,1.50,1.50,81
DIST,4,AN0,189B,0.00,0.00,1.95,2.00,AN1,C32D,2.95,0.00,1.95,1.94,AN2,8A94,2.95,5.89,1.95,4.60,AN3,0323,-0.09,6.04,1.95,4.53,POS,1.47,1.51,1.42,78
DIST,4,AN0,189B,0.00,0.00,1.95,2.00,AN1,C32D,2.95,0.00,1.95,1.86,AN2,8A94,2.95,5.89,1.95,4.55,AN3,0323,-0.09,6.04,1.95,4.55,POS,1.50,1.51,1.39,79
DIST,4,AN0,C32D,2.95,0.00,1.95,1.89,AN1,189B,0.00,0.00,1.95,1.99,AN2,8A94,2.95,5.89,1.95,4.46,AN3,0323,-0.09,6.04,1.95,4.60,POS,1.48,1.49,1.36,78
DIST,4,AN0,C32D,2.95,0.00,1.95,1.90,AN1,189B,0.00,0.00,1.95,1.92,AN2,8A94,2.95,5.89,1.95,4.52,AN3,0323,-0.09,6.04,1.95,4.58,POS,1.44,1.47,1.39,79
DIST,4,AN0,189B,0.00,0.00,1.95,2.00,AN1,C32D,2.95,0.00,1.95,1.91,AN2,8A94,2.95,5.89,1.95,4.57,AN3,0323,-0.09,6.04,1.95,4.55,POS,1.46,1.48,1.34,77
DIST,4,AN0,189B,0.00,0.00,1.95,1.97,AN1,C32D,2.95,0.00,1.95,1.86,AN2,8A94,2.95,5.89,1.95,4.50,AN3,0323,-0.09,6.04,1.95,4.57,POS,1.42,1.46,1.43,82
DIST,4,AN0,189B,0.00,0.00,1.95,1.96,AN1,C32D,2.95,0.00,1.95,1.90,AN2,8A94,2.95,5.89,1.95,4.59,AN3,0323,-0.09,6.04,1.95,4.56,POS,1.45,1.47,1.38,78
DIST,4,AN0,189B,0.00,0.00,1.95,1.99,AN1,C32D,2.95,0.00,1.95,1.94,AN2,8A94,2.95,5.89,1.95,4.56,AN3,0323,-0.09,6.04,1.95,4.54,POS,1.46,1.50,1.48,89
DIST,4,AN0,189B,0.00,0.00,1.95,2.00,AN1,C32D,2.95,0.00,1.95,1.99,AN2,8A94,2.95,5.89,1.95,4.55,AN3,0323,-0.09,6.04,1.95,4.56,POS,1.47,1.52,1.49,86
DIST,4,AN0,189B,0.00,0.00,1.95,2.06,AN1,C32D,2.95,0.00,1.95,2.06,AN2,8A94,2.95,5.89,1.95,4.50,AN3,0323,-0.09,6.04,1.95,4.47,POS,1.47,1.55,1.50,88
DIST,4,AN0,189B,0.00,0.00,1.95,2.08,AN1,C32D,2.95,0.00,1.95,2.11,AN2,8A94,2.95,5.89,1.95,4.35,AN3,0323,-0.09,6.04,1.95,4.30,POS,1.47,1.60,1.44,84
DIST,4,AN0,189B,0.00,0.00,1.95,2.24,AN1,C32D,2.95,0.00,1.95,2.21,AN2,8A94,2.95,5.89,1.95,4.26,AN3,0323,-0.09,6.04,1.95,4.26,POS,1.47,1.68,1.48,92
DIST,4,AN0,189B,0.00,0.00,1.95,2.30,AN1,C32D,2.95,0.00,1.95,2.28,AN2,8A94,2.95,5.89,1.95,4.16,AN3,0323,-0.09,6.04,1.95,4.27,POS,1.45,1.72,1.47,88
DIST,4,AN0,189B,0.00,0.00,1.95,2.26,AN1,C32D,2.95,0.00,1.95,2.28,AN2,8A94,2.95,5.89,1.95,4.09,AN3,0323,-0.09,6.04,1.95,4.05,POS,1.45,1.79,1.44,89
DIST,4,AN0,189B,0.00,0.00,1.95,2.30,AN1,C32D,2.95,0.00,1.95,2.36,AN2,8A94,2.95,5.89,1.95,4.11,AN3,0323,-0.09,6.04,1.95,3.99,POS,1.35,1.81,1.38,77
DIST,4,AN0,189B,0.00,0.00,1.95,2.34,AN1,C32D,2.95,0.00,1.95,2.37,AN2,8A94,2.95,5.89,1.95,4.04,AN3,0323,-0.09,6.04,1.95,3.98,POS,1.38,1.88,1.36,89
DIST,4,AN0,189B,0.00,0.00,1.95,2.41,AN1,C32D,2.95,0.00,1.95,2.40,AN2,8A94,2.95,5.89,1.95,4.00,AN3,0323,-0.09,6.04,1.95,4.03,POS,1.40,1.94,1.43,95
DIST,4,AN0,189B,0.00,0.00,1.95,2.38,AN1,C32D,2.95,0.00,1.95,2.31,AN2,8A94,2.95,5.89,1.95,4.05,AN3,0323,-0.09,6.04,1.95,4.14,POS,1.44,1.97,1.46,92
DIST,4,AN0,189B,0.00,0.00,1.95,2.41,AN1,C32D,2.95,0.00,1.95,2.34,AN2,8A94,2.95,5.89,1.95,4.06,AN3,0323,-0.09,6.04,1.95,4.11,POS,1.40,1.96,1.39,82
DIST,4,AN0,189B,0.00,0.00,1.95,2.39,AN1,C32D,2.95,0.00,1.95,2.38,AN2,8A94,2.95,5.89,1.95,3.99,AN3,0323,-0.09,6.04,1.95,4.01,POS,1.37,1.97,1.39,86
DIST,4,AN0,189B,0.00,0.00,1.95,2.38,AN1,C32D,2.95,0.00,1.95,2.38,AN2,8A94,2.95,5.89,1.95,4.10,AN3,0323,-0.09,6.04,1.95,4.07,POS,1.40,2.00,1.43,94
DIST,4,AN0,189B,0.00,0.00,1.95,2.40,AN1,C32D,2.95,0.00,1.95,2.36,AN2,8A94,2.95,5.89,1.95,4.05,AN3,0323,-0.09,6.04,1.95,4.06,POS,1.42,2.02,1.50,95
DIST,4,AN0,189B,0.00,0.00,1.95,2.40,AN1,C32D,2.95,0.00,1.95,2.36,AN2,8A94,2.95,5.89,1.95,4.06,AN3,0323,-0.09,6.04,1.95,4.08,POS,1.38,2.00,1.44,83
DIST,4,AN0,189B,0.00,0.00,1.95,2.41,AN1,C32D,2.95,0.00,1.95,2.35,AN2,8A94,2.95,5.89,1.95,4.01,AN3,0323,-0.09,6.04,1.95,4.16,POS,1.41,2.00,1.43,90
DIST,4,AN0,189B,0.00,0.00,1.95,2.44,AN1,C32D,2.95,0.00,1.95,2.35,AN2,8A94,2.95,5.89,1.95,4.06,AN3,0323,-0.09,6.04,1.95,4.11,POS,1.38,1.98,1.37,82
DIST,4,AN0,189B,0.00,0.00,1.95,2.41,AN1,C32D,2.95,0.00,1.95,2.30,AN2,8A94,2.95,5.89,1.95,4.05,AN3,0323,-0.09,6.04,1.95,4.08,POS,1.43,2.00,1.32,84
DIST,4,AN0,189B,0.00,0.00,1.95,2.45,AN1,C32D,2.95,0.00,1.95,2.24,AN2,8A94,2.95,5.89,1.95,4.01,AN3,0323,-0.09,6.04,1.95,4.10,POS,1.49,2.02,1.29,84
DIST,4,AN0,C32D,2.95,0.00,1.95,2.29,AN1,189B,0.00,0.00,1.95,2.44,AN2,8A94,2.95,5.89,1.95,4.07,AN3,0323,-0.09,6.04,1.95,4.09,POS,1.52,2.03,1.26,83
DIST,4,AN0,C32D,2.95,0.00,1.95,2.34,AN1,189B,0.00,0.00,1.95,2.41,AN2,8A94,2.95,5.89,1.95,4.06,AN3,0323,-0.09,6.04,1.95,4.13,POS,1.47,2.01,1.39,93
DIST,4,AN0,189B,0.00,0.00,1.95,2.43,AN1,C32D,2.95,0.00,1.95,2.26,AN2,8A94,2.95,5.89,1.95,4.08,AN3,0323,-0.09,6.04,1.95,4.11,POS,1.51,2.02,1.33,83
DIST,4,AN0,C32D,2.95,0.00,1.95,2.32,AN1,189B,0.00,0.00,1.95,2.42,AN2,8A94,2.95,5.89,1.95,4.02,AN3,0323,-0.09,6.04,1.95,4.13,POS,1.52,2.03,1.39,92
DIST,4,AN0,C32D,2.95,0.00,1.95,2.31,AN1,189B,0.00,0.00,1.95,2.42,AN2,8A94,2.95,5.89,1.95,4.01,AN3,0323,-0.09,6.04,1.95,4.13,POS,1.50,2.02,1.50,95
DIST,4,AN0,C32D,2.95,0.00,1.95,2.34,AN1,189B,0.00,0.00,1.95,2.44,AN2,8A94,2.95,5.89,1.95,4.08,AN3,0323,-0.09,6.04,1.95,4.17,POS,1.46,2.00,1.50,90
DIST,4,AN0,189B,0.00,0.00,1.95,2.45,AN1,C32D,2.95,0.00,1.95,2.27,AN2,8A94,2.95,5.89,1.95,4.04,AN3,0323,-0.09,6.04,1.95,4.20,POS,1.46,1.98,1.54,93
DIST,4,AN0,189B,0.00,0.00,1.95,2.45,AN1,C32D,2.95,0.00,1.95,2.26,AN2,8A94,2.95,5.89,1.95,4.02,AN3,0323,-0.09,6.04,1.95,4.18,POS,1.46,1.97,1.59,94
DIST,4,AN0,189B,0.00,0.00,1.95,2.40,AN1,C32D,2.95,0.00,1.95,2.24,AN2,8A94,2.95,5.89,1.95,4.04,AN3,0323,-0.09,6.04,1.95,4.19,POS,1.46,1.96,1.67,95
DIST,4,AN0,189B,0.00,0.00,1.95,2.45,AN1,C32D,2.95,0.00,1.95,2.31,AN2,8A94,2.95,5.89,1.95,4.01,AN3,0323,-0.09,6.04,1.95,4.19,POS,1.46,1.96,1.61,91
DIST,4,AN0,189B,0.00,0.00,1.95,2.46,AN1,C32D,2.95,0.00,1.95,2.27,AN2,8A94,2.95,5.89,1.95,4.04,AN3,0323,-0.09,6.04,1.95,4.24,POS,1.48,1.96,1.56,89
DIST,4,AN0,C32D,2.95,0.00,1.95,2.25,AN1,189B,0.00,0.00,1.95,2.48,AN2,8A94,2.95,5.89,1.95,4.02,AN3,0323,-0.09,6.04,1.95,4.22,POS,1.48,1.95,1.57,92
DIST,4,AN0,C32D,2.95,0.00,1.95,2.23,AN1,189B,0.00,0.00,1.95,2.48,AN2,8A94,2.95,5.89,1.95,4.01,AN3,0323,-0.09,6.04,1.95,4.15,POS,1.53,1.98,1.63,93
DIST,4,AN0,C32D,2.95,0.00,1.95,2.28,AN1,189B,0.00,0.00,1.95,2.43,AN2,8A94,2.95,5.89,1.95,4.01,AN3,0323,-0.09,6.04,1.95,4.17,POS,1.51,1.98,1.64,94
DIST,4,AN0,C32D,2.95,0.00,1.95,2.33,AN1,189B,0.00,0.00,1.95,2.41,AN2,8A94,2.95,5.89,1.95,4.04,AN3,0323,-0.09,6.04,1.95,4.21,POS,1.51,1.97,1.56,88
DIST,4,AN0,C32D,2.95,0.00,1.95,2.26,AN1,189B,0.00,0.00,1.95,2.43,AN2,8A94,2.95,5.89,1.95,4.03,AN3,0323,-0.09,6.04,1.95,4.21,POS,1.51,1.97,1.56,92
DIST,4,AN0,C32D,2.95,0.00,1.95,2.26,AN1,189B,0.00,0.00,1.95,2.50,AN2,8A94,2.95,5.89,1.95,4.08,AN3,0323,-0.09,6.04,1.95,4.16,POS,1.55,1.99,1.56,90
DIST,4,AN0,C32D,2.95,0.00,1.95,2.28,AN1,189B,0.00,0.00,1.95,2.48,AN2,8A94,2.95,5.89,1.95,4.01,AN3,0323,-0.09,6.04,1.95,4.15,POS,1.58,2.01,1.56,91
DIST,4,AN0,C32D,2.95,0.00,1.95,2.26,AN1,189B,0.00,0.00,1.95,2.42,AN2,8A94,2.95,5.89,1.95,4.01,AN3,0323,-0.09,6.04,1.95,4.08,POS,1.59,2.03,1.49,85
DIST,4,AN0,C32D,2.95,0.00,1.95,2.25,AN1,189B,0.00,0.00,1.95,2.47,AN2,8A94,2.95,5.89,1.95,4.05,AN3,0323,-0.09,6.04,1.95,4.13,POS,1.61,2.04,1.57,93
DIST,4,AN0,C32D,2.95,0.00,1.95,2.27,AN1,189B,0.00,0.00,1.95,2.47,AN2,8A94,2.95,5.89,1.95,4.02,AN3,0323,-0.09,6.04,1.95,4.23,POS,1.59,2.02,1.53,89
DIST,4,AN0,C32D,2.95,0.00,1.95,2.22,AN1,189B,0.00,0.00,1.95,2.46,AN2,8A94,2.95,5.89,1.95,4.01,AN3,0323,-0.09,6.04,1.95,4.15,POS,1.61,2.02,1.44,82
DIST,4,AN0,C32D,2.95,0.00,1.95,2.29,AN1,189B,0.00,0.00,1.95,2.50,AN2,8A94,2.95,5.89,1.95,4.02,AN3,0323,-0.09,6.04,1.95,4.13,POS,1.62,2.04,1.48,92
DIST,4,AN0,C32D,2.95,0.00,1.95,2.26,AN1,189B,0.00,0.00,1.95,2.47,AN2,8A94,2.95,5.89,1.95,4.02,AN3,0323,-0.09,6.04,1.95,4.17,POS,1.58,2.02,1.56,95
DIST,4,AN0,C32D,2.95,0.00,1.95,2.26,AN1,189B,0.00,0.00,1.95,2.45,AN2,8A94,2.95,5.89,1.95,4.04,AN3,0323,-0.09,6.04,1.95,4.17,POS,1.59,2.02,1.56,91
DIST,4,AN0,C32D,2.95,0.00,1.95,2.22,AN1,189B,0.00,0.00,1.95,2.41,AN2,8A94,2.95,5.89,1.95,4.02,AN3,0323,-0.09,6.04,1.95,4.26,POS,1.60,2.00,1.55,89
DIST,4,AN0,C32D,2.95,0.00,1.95,2.27,AN1,189B,0.00,0.00,1.95,2.40,AN2,8A94,2.95,5.89,1.95,4.04,AN3,0323,-0.09,6.04,1.95,4.19,POS,1.56,1.98,1.57,93
DIST,4,AN0,C32D,2.95,0.00,1.95,2.27,AN1,189B,0.00,0.00,1.95,2.45,AN2,8A94,2.95,5.89,1.95,4.01,AN3,0323,-0.09,6.04,1.95,4.10,POS,1.58,2.01,1.47,83
DIST,4,AN0,C32D,2.95,0.00,1.95,2.29,AN1,189B,0.00,0.00,1.95,2.39,AN2,8A94,2.95,5.89,1.95,4.08,AN3,0323,-0.09,6.04,1.95,4.13,POS,1.58,2.02,1.51,93
DIST,4,AN0,C32D,2.95,0.00,1.95,2.33,AN1,189B,0.00,0.00,1.95,2.37,AN2,8A94,2.95,5.89,1.95,4.06,AN3,0323,-0.09,6.04,1.95,4.16,POS,1.52,2.00,1.54,92
DIST,4,AN0,C32D,2.95,0.00,1.95,2.45,AN1,189B,0.00,0.00,1.95,2.40,AN2,8A94,2.95,5.89,1.95,3.98,AN3,0323,-0.09,6.04,1.95,4.13,POS,1.50,2.01,1.47,87
DIST,4,AN0,C32D,2.95,0.00,1.95,2.50,AN1,189B,0.00,0.00,1.95,2.47,AN2,8A94,2.95,5.89,1.95,4.00,AN3,0323,-0.09,6.04,1.95,3.98,POS,1.49,2.06,1.46,92
DIST,4,AN0,C32D,2.95,0.00,1.95,2.61,AN1,189B,0.00,0.00,1.95,2.58,AN2,8A94,2.95,5.89,1.95,3.85,AN3,0323,-0.09,6.04,1.95,3.90,POS,1.45,2.10,1.45,90
DIST,4,AN0,189B,0.00,0.00,1.95,2.70,AN1,C32D,2.95,0.00,1.95,2.73,AN2,8A94,2.95,5.89,1.95,3.71,AN3,0323,-0.09,6.04,1.95,3.84,POS,1.44,2.17,1.53,97
DIST,4,AN0,189B,0.00,0.00,1.95,2.78,AN1,C32D,2.95,0.00,1.95,2.70,AN2,8A94,2.95,5.89,1.95,3.58,AN3,0323,-0.09,6.04,1.95,3.80,POS,1.47,2.24,1.46,90
DIST,4,AN0,189B,0.00,0.00,1.95,2.80,AN1,C32D,2.95,0.00,1.95,2.74,AN2,8A94,2.95,5.89,1.95,3.62,AN3,0323,-0.09,6.04,1.95,3.71,POS,1.45,2.29,1.48,94
DIST,4,AN0,189B,0.00,0.00,1.95,2.80,AN1,C32D,2.95,0.00,1.95,2.70,AN2,8A94,2.95,5.89,1.95,3.61,AN3,0323,-0.09,6.04,1.95,3.73,POS,1.44,2.33,1.50,95
DIST,4,AN0,189B,0.00,0.00,1.95,2.80,AN1,C32D,2.95,0.00,1.95,2.76,AN2,8A94,2.95,5.89,1.95,3.58,AN3,0323,-0.09,6.04,1.95,3.72,POS,1.45,2.36,1.46,92
DIST,4,AN0,189B,0.00,0.00,1.95,2.82,AN1,C32D,2.95,0.00,1.95,2.78,AN2,8A94,2.95,5.89,1.95,3.61,AN3,0323,-0.09,6.04,1.95,3.79,POS,1.46,2.39,1.57,98
DIST,4,AN0,189B,0.00,0.00,1.95,2.83,AN1,C32D,2.95,0.00,1.95,2.69,AN2,8A94,2.95,5.89,1.95,3.62,AN3,0323,-0.09,6.04,1.95,3.70,POS,1.50,2.43,1.60,96
DIST,4,AN0,C32D,2.95,0.00,1.95,2.77,AN1,189B,0.00,0.00,1.95,2.82,AN2,8A94,2.95,5.89,1.95,3.56,AN3,0323,-0.09,6.04,1.95,3.73,POS,1.50,2.45,1.52,91
DIST,4,AN0,C32D,2.95,0.00,1.95,2.76,AN1,189B,0.00,0.00,1.95,2.78,AN2,8A94,2.95,5.89,1.95,3.53,AN3,0323,-0.09,6.04,1.95,3.73,POS,1.50,2.46,1.48,92
DIST,4,AN0,C32D,2.95,0.00,1.95,2.76,AN1,189B,0.00,0.00,1.95,2.83,AN2,8A94,2.95,5.89,1.95,3.61,AN3,0323,-0.09,6.04,1.95,3.79,POS,1.50,2.46,1.41,88
DIST,4,AN0,C32D,2.95,0.00,1.95,2.74,AN1,189B,0.00,0.00,1.95,2.81,AN2,8A94,2.95,5.89,1.95,3.62,AN3,0323,-0.09,6.04,1.95,3.65,POS,1.51,2.49,1.46,96
DIST,4,AN0,C32D,2.95,0.00,1.95,2.72,AN1,189B,0.00,0.00,1.95,2.82,AN2,8A94,2.95,5.89,1.95,3.55,AN3,0323,-0.09,6.04,1.95,3.72,POS,1.52,2.48,1.46,94
DIST,4,AN0,C32D,2.95,0.00,1.95,2.67,AN1,189B,0.00,0.00,1.95,2.81,AN2,8A94,2.95,5.89,1.95,3.51,AN3,0323,-0.09,6.04,1.95,3.73,POS,1.53,2.48,1.50,96
DIST,4,AN0,C32D,2.95,0.00,1.95,2.69,AN1,189B,0.00,0.00,1.95,2.85,AN2,8A94,2.95,5.89,1.95,3.57,AN3,0323,-0.09,6.04,1.95,3.79,POS,1.54,2.47,1.46,91
DIST,4,AN0,C32D,2.95,0.00,1.95,2.70,AN1,189B,0.00,0.00,1.95,2.84,AN2,8A94,2.95,5.89,1.95,3.61,AN3,0323,-0.09,6.04,1.95,3.74,POS,1.51,2.46,1.47,94
DIST,4,AN0,C32D,2.95,0.00,1.95,2.73,AN1,189B,0.00,0.00,1.95,2.83,AN2,8A94,2.95,5.89,1.95,3.61,AN3,0323,-0.09,6.04,1.95,3.75,POS,1.49,2.46,1.44,92
DIST,4,AN0,C32D,2.95,0.00,1.95,2.74,AN1,189B,0.00,0.00,1.95,2.81,AN2,8A94,2.95,5.89,1.95,3.60,AN3,0323,-0.09,6.04,1.95,3.74,POS,1.49,2.45,1.42,92
DIST,4,AN0,C32D,2.95,0.00,1.95,2.74,AN1,189B,0.00,0.00,1.95,2.78,AN2,8A94,2.95,5.89,1.95,3.57,AN3,0323,-0.09,6.04,1.95,3.74,POS,1.49,2.46,1.40,92
DIST,4,AN0,C32D,2.95,0.00,1.95,2.75,AN1,189B,0.00,0.00,1.95,2.79,AN2,8A94,2.95,5.89,1.95,3.60,AN3,0323,-0.09,6.04,1.95,3.79,POS,1.50,2.46,1.35,88
DIST,4,AN0,C32D,2.95,0.00,1.95,2.71,AN1,189B,0.00,0.00,1.95,2.81,AN2,8A94,2.95,5.89,1.95,3.64,AN3,0323,-0.09,6.04,1.95,3.68,POS,1.52,2.48,1.43,97
DIST,4,AN0,C32D,2.95,0.00,1.95,2.70,AN1,189B,0.00,0.00,1.95,2.80,AN2,8A94,2.95,5.89,1.95,3.61,AN3,0323,-0.09,6.04,1.95,3.81,POS,1.53,2.47,1.39,89
DIST,4,AN0,C32D,2.95,0.00,1.95,2.70,AN1,189B,0.00,0.00,1.95,2.82,AN2,8A94,2.95,5.89,1.95,3.60,AN3,0323,-0.09,6.04,1.95,3.77,POS,1.51,2.46,1.39,93
DIST,4,AN0,C32D,2.95,0.00,1.95,2.72,AN1,189B,0.00,0.00,1.95,2.86,AN2,8A94,2.95,5.89,1.95,3.54,AN3,0323,-0.09,6.04,1.95,3.78,POS,1.53,2.46,1.37,90
DIST,4,AN0,C32D,2.95,0.00,1.95,2.70,AN1,189B,0.00,0.00,1.95,2.81,AN2,8A94,2.95,5.89,1.95,3.51,AN3,0323,-0.09,6.04,1.95,3.75,POS,1.54,2.47,1.38,93
DIST,4,AN0,C32D,2.95,0.00,1.95,2.72,AN1,189B,0.00,0.00,1.95,2.82,AN2,8A94,2.95,5.89,1.95,3.55,AN3,0323,-0.09,6.04,1.95,3.74,POS,1.54,2.47,1.38,92
DIST,4,AN0,C32D,2.95,0.00,1.95,2.74,AN1,189B,0.00,0.00,1.95,2.87,AN2,8A94,2.95,5.89,1.95,3.55,AN3,0323,-0.09,6.04,1.95,3.73,POS,1.54,2.48,1.39,93
DIST,4,AN0,C32D,2.95,0.00,1.95,2.73,AN1,189B,0.00,0.00,1.95,2.86,AN2,8A94,2.95,5.89,1.95,3.55,AN3,0323,-0.09,6.04,1.95,3.80,POS,1.56,2.48,1.34,88
DIST,4,AN0,C32D,2.95,0.00,1.95,2.65,AN1,189B,0.00,0.00,1.95,2.81,AN2,8A94,2.95,5.89,1.95,3.59,AN3,0323,-0.09,6.04,1.95,3.72,POS,1.58,2.49,1.45,97
DIST,4,AN0,C32D,2.95,0.00,1.95,2.72,AN1,189B,0.00,0.00,1.95,2.82,AN2,8A94,2.95,5.89,1.95,3.56,AN3,0323,-0.09,6.04,1.95,3.77,POS,1.57,2.48,1.42,91
DIST,4,AN0,C32D,2.95,0.00,1.95,2.74,AN1,189B,0.00,0.00,1.95,2.81,AN2,8A94,2.95,5.89,1.95,3.58,AN3,0323,-0.09,6.04,1.95,3.74,POS,1.55,2.48,1.40,92
DIST,4,AN0,C32D,2.95,0.00,1.95,2.79,AN1,189B,0.00,0.00,1.95,2.80,AN2,8A94,2.95,5.89,1.95,3.56,AN3,0323,-0.09,6.04,1.95,3.71,POS,1.53,2.48,1.38,92
DIST,4,AN0,C32D,2.95,0.00,1.95,2.74,AN1,189B,0.00,0.00,1.95,2.80,AN2,8A94,2.95,5.89,1.95,3.60,AN3,0323,-0.09,6.04,1.95,3.64,POS,1.53,2.50,1.48,98
DIST,4,AN0,C32D,2.95,0.00,1.95,2.76,AN1,189B,0.00,0.00,1.95,2.82,AN2,8A94,2.95,5.89,1.95,3.56,AN3,0323,-0.09,6.04,1.95,3.70,POS,1.52,2.50,1.46,94
DIST,4,AN0,C32D,2.95,0.00,1.95,2.83,AN1,189B,0.00,0.00,1.95,2.80,AN2,8A94,2.95,5.89,1.95,3.53,AN3,0323,-0.09,6.04,1.95,3.63,POS,1.49,2.51,1.45,94
DIST,4,AN0,C32D,2.95,0.00,1.95,2.95,AN1,189B,0.00,0.00,1.95,2.89,AN2,8A94,2.95,5.89,1.95,3.48,AN3,0323,-0.09,6.04,1.95,3.55,POS,1.47,2.55,1.41,92
DIST,4,AN0,189B,0.00,0.00,1.95,3.04,AN1,C32D,2.95,0.00,1.95,3.08,AN2,8A94,2.95,5.89,1.95,3.38,AN3,0323,-0.09,6.04,1.95,3.34,POS,1.41,2.60,1.48,97
DIST,4,AN0,189B,0.00,0.00,1.95,3.10,AN1,C32D,2.95,0.00,1.95,3.16,AN2,8A94,2.95,5.89,1.95,3.25,AN3,0323,-0.09,6.04,1.95,3.33,POS,1.40,2.67,1.44,92
DIST,4,AN0,189B,0.00,0.00,1.95,3.14,AN1,C32D,2.95,0.00,1.95,3.18,AN2,8A94,2.95,5.89,1.95,3.14,AN3,0323,-0.09,6.04,1.95,3.29,POS,1.41,2.75,1.43,94
DIST,4,AN0,189B,0.00,0.00,1.95,3.18,AN1,C32D,2.95,0.00,1.95,3.22,AN2,8A94,2.95,5.89,1.95,3.19,AN3,0323,-0.09,6.04,1.95,3.20,POS,1.40,2.82,1.44,95
DIST,4,AN0,189B,0.00,0.00,1.95,3.16,AN1,C32D,2.95,0.00,1.95,3.19,AN2,8A94,2.95,5.89,1.95,3.17,AN3,0323,-0.09,6.04,1.95,3.23,POS,1.40,2.86,1.46,96
DIST,4,AN0,189B,0.00,0.00,1.95,3.21,AN1,C32D,2.95,0.00,1.95,3.22,AN2,8A94,2.95,5.89,1.95,3.11,AN3,0323,-0.09,6.04,1.95,3.23,POS,1.41,2.90,1.44,94
DIST,4,AN0,189B,0.00,0.00,1.95,3.20,AN1,C32D,2.95,0.00,1.95,3.14,AN2,8A94,2.95,5.89,1.95,3.13,AN3,0323,-0.09,6.04,1.95,3.32,POS,1.44,2.92,1.43,93
DIST,4,AN0,189B,0.00,0.00,1.95,3.21,AN1,C32D,2.95,0.00,1.95,3.16,AN2,8A94,2.95,5.89,1.95,3.15,AN3,0323,-0.09,6.04,1.95,3.22,POS,1.46,2.95,1.50,98
DIST,4,AN0,8A94,2.95,5.89,1.95,3.18,AN1,189B,0.00,0.00,1.95,3.19,AN2,C32D,2.95,0.00,1.95,3.19,AN3,0323,-0.09,6.04,1.95,3.20,POS,1.46,2.97,1.53,98
DIST,4,AN0,8A94,2.95,5.89,1.95,3.18,AN1,189B,0.00,0.00,1.95,3.22,AN2,C32D,2.95,0.00,1.95,3.21,AN3,0323,-0.09,6.04,1.95,3.28,POS,1.46,2.98,1.47,92
DIST,4,AN0,8A94,2.95,5.89,1.95,3.18,AN1,189B,0.00,0.00,1.95,3.22,AN2,C32D,2.95,0.00,1.95,3.16,AN3,0323,-0.09,6.04,1.95,3.32,POS,1.47,2.98,1.44,93
DIST,4,AN0,8A94,2.95,5.89,1.95,3.16,AN1,189B,0.00,0.00,1.95,3.22,AN2,C32D,2.95,0.00,1.95,3.20,AN3,0323,-0.09,6.04,1.95,3.36,POS,1.48,2.98,1.56,99
DIST,4,AN0,8A94,2.95,5.89,1.95,3.18,AN1,C32D,2.95,0.00,1.95,3.19,AN2,189B,0.00,0.00,1.95,3.22,AN3,0323,-0.09,6.04,1.95,3.26,POS,1.48,2.99,1.52,94
DIST,4,AN0,8A94,2.95,5.89,1.95,3.19,AN1,C32D,2.95,0.00,1.95,3.20,AN2,189B,0.00,0.00,1.95,3.17,AN3,0323,-0.09,6.04,1.95,3.26,POS,1.46,2.98,1.48,93
DIST,4,AN0,8A94,2.95,5.89,1.95,3.17,AN1,189B,0.00,0.00,1.95,3.21,AN2,C32D,2.95,0.00,1.95,3.18,AN3,0323,-0.09,6.04,1.95,3.27,POS,1.46,2.99,1.46,94
DIST,4,AN0,8A94,2.95,5.89,1.95,3.19,AN1,189B,0.00,0.00,1.95,3.20,AN2,C32D,2.95,0.00,1.95,3.17,AN3,0323,-0.09,6.04,1.95,3.32,POS,1.46,2.98,1.42,92
DIST,4,AN0,8A94,2.95,5.89,1.95,3.19,AN1,189B,0.00,0.00,1.95,3.22,AN2,C32D,2.95,0.00,1.95,3.19,AN3,0323,-0.09,6.04,1.95,3.31,POS,1.46,2.99,1.38,91
DIST,4,AN0,8A94,2.95,5.89,1.95,3.22,AN1,189B,0.00,0.00,1.95,3.20,AN2,C32D,2.95,0.00,1.95,3.15,AN3,0323,-0.09,6.04,1.95,3.29,POS,1.44,2.97,1.40,95
DIST,4,AN0,8A94,2.95,5.89,1.95,3.19,AN1,189B,0.00,0.00,1.95,3.20,AN2,C32D,2.95,0.00,1.95,3.14,AN3,0323,-0.09,6.04,1.95,3.31,POS,1.45,2.97,1.39,94
DIST,4,AN0,8A94,2.95,5.89,1.95,3.17,AN1,189B,0.00,0.00,1.95,3.20,AN2,C32D,2.95,0.00,1.95,3.24,AN3,0323,-0.09,6.04,1.95,3.28,POS,1.44,2.98,1.35,90
DIST,4,AN0,8A94,2.95,5.89,1.95,3.18,AN1,189B,0.00,0.00,1.95,3.21,AN2,C32D,2.95,0.00,1.95,3.19,AN3,0323,-0.09,6.04,1.95,3.26,POS,1.44,2.99,1.36,94
DIST,4,AN0,8A94,2.95,5.89,1.95,3.18,AN1,189B,0.00,0.00,1.95,3.19,AN2,C32D,2.95,0.00,1.95,3.11,AN3,0323,-0.09,6.04,1.95,3.24,POS,1.47,2.99,1.31,88
DIST,4,AN0,8A94,2.95,5.89,1.95,3.18,AN1,189B,0.00,0.00,1.95,3.19,AN2,C32D,2.95,0.00,1.95,3.14,AN3,0323,-0.09,6.04,1.95,3.28,POS,1.49,2.99,1.36,96
DIST,4,AN0,8A94,2.95,5.89,1.95,3.19,AN1,C32D,2.95,0.00,1.95,3.17,AN2,189B,0.00,0.00,1.95,3.17,AN3,0323,-0.09,6.04,1.95,3.27,POS,1.47,2.98,1.38,94
DIST,4,AN0,8A94,2.95,5.89,1.95,3.19,AN1,189B,0.00,0.00,1.95,3.19,AN2,C32D,2.95,0.00,1.95,3.14,AN3,0323,-0.09,6.04,1.95,3.30,POS,1.47,2.98,1.39,94
DIST,4,AN0,8A94,2.95,5.89,1.95,3.18,AN1,189B,0.00,0.00,1.95,3.19,AN2,C32D,2.95,0.00,1.95,3.19,AN3,0323,-0.09,6.04,1.95,3.38,POS,1.48,2.97,1.50,99
DIST,4,AN0,8A94,2.95,5.89,1.95,3.21,AN1,C32D,2.95,0.00,1.95,3.20,AN2,189B,0.00,0.00,1.95,3.17,AN3,0323,-0.09,6.04,1.95,3.32,POS,1.46,2.96,1.43,90
DIST,4,AN0,8A94,2.95,5.89,1.95,3.17,AN1,189B,0.00,0.00,1.95,3.20,AN2,C32D,2.95,0.00,1.95,3.17,AN3,0323,-0.09,6.04,1.95,3.24,POS,1.47,2.98,1.45,96
DIST,4,AN0,8A94,2.95,5.89,1.95,3.18,AN1,189B,0.00,0.00,1.95,3.19,AN2,C32D,2.95,0.00,1.95,3.19,AN3,0323,-0.09,6.04,1.95,3.31,POS,1.47,2.98,1.41,91
DIST,4,AN0,8A94,2.95,5.89,1.95,3.19,AN1,189B,0.00,0.00,1.95,3.21,AN2,C32D,2.95,0.00,1.95,3.16,AN3,0323,-0.09,6.04,1.95,3.26,POS,1.49,2.99,1.44,96
DIST,4,AN0,8A94,2.95,5.89,1.95,3.19,AN1,C32D,2.95,0.00,1.95,3.16,AN2,189B,0.00,0.00,1.95,3.19,AN3,0323,-0.09,6.04,1.95,3.30,POS,1.48,2.99,1.43,94
DIST,4,AN0,8A94,2.95,5.89,1.95,3.22,AN1,C32D,2.95,0.00,1.95,3.15,AN2,189B,0.00,0.00,1.95,3.18,AN3,0323,-0.09,6.04,1.95,3.28,POS,1.45,2.96,1.44,96
DIST,4,AN0,8A94,2.95,5.89,1.95,3.22,AN1,189B,0.00,0.00,1.95,3.17,AN2,C32D,2.95,0.00,1.95,3.18,AN3,0323,-0.09,6.04,1.95,3.29,POS,1.44,2.95,1.42,93
DIST,4,AN0,189B,0.00,0.00,1.95,3.20,AN1,8A94,2.95,5.89,1.95,3.20,AN2,C32D,2.95,0.00,1.95,3.18,AN3,0323,-0.09,6.04,1.95,3.30,POS,1.44,2.96,1.40,93
DIST,4,AN0,189B,0.00,0.00,1.95,3.20,AN1,8A94,2.95,5.89,1.95,3.14,AN2,C32D,2.95,0.00,1.95,3.16,AN3,0323,-0.09,6.04,1.95,3.20,POS,1.46,2.98,1.33,88
DIST,4,AN0,8A94,2.95,5.89,1.95,3.11,AN1,189B,0.00,0.00,1.95,3.20,AN2,C32D,2.95,0.00,1.95,3.25,AN3,0323,-0.09,6.04,1.95,3.12,POS,1.44,3.01,1.44,98
DIST,4,AN0,8A94,2.95,5.89,1.95,3.03,AN1,189B,0.00,0.00,1.95,3.38,AN2,C32D,2.95,0.00,1.95,3.39,AN3,0323,-0.09,6.04,1.95,3.07,POS,1.43,3.06,1.43,93
DIST,4,AN0,8A94,2.95,5.89,1.95,2.99,AN1,0323,-0.09,6.04,1.95,3.01,AN2,189B,0.00,0.00,1.95,3.39,AN3,C32D,2.95,0.00,1.95,3.44,POS,1.41,3.11,1.42,93
DIST,4,AN0,8A94,2.95,5.89,1.95,2.89,AN1,0323,-0.09,6.04,1.95,2.96,AN2,189B,0.00,0.00,1.95,3.50,AN3,C32D,2.95,0.00,1.95,3.49,POS,1.42,3.17,1.43,94
DIST,4,AN0,8A94,2.95,5.89,1.95,2.95,AN1,0323,-0.09,6.04,1.95,2.95,AN2,189B,0.00,0.00,1.95,3.46,AN3,C32D,2.95,0.00,1.95,3.52,POS,1.40,3.21,1.41,91
DIST,4,AN0,8A94,2.95,5.89,1.95,2.97,AN1,0323,-0.09,6.04,1.95,2.91,AN2,189B,0.00,0.00,1.95,3.44,AN3,C32D,2.95,0.00,1.95,3.52,POS,1.39,3.24,1.43,94
DIST,4,AN0,8A94,2.95,5.89,1.95,2.95,AN1,0323,-0.09,6.04,1.95,2.86,AN2,189B,0.00,0.00,1.95,3.43,AN3,C32D,2.95,0.00,1.95,3.44,POS,1.35,3.24,1.39,89
DIST,4,AN0,8A94,2.95,5.89,1.95,2.85,AN1,0323,-0.09,6.04,1.95,2.81,AN2,189B,0.00,0.00,1.95,3.52,AN3,C32D,2.95,0.00,1.95,3.55,POS,1.37,3.29,1.33,87
DIST,4,AN0,8A94,2.95,5.89,1.95,2.78,AN1,0323,-0.09,6.04,1.95,2.71,AN2,189B,0.00,0.00,1.95,3.56,AN3,C32D,2.95,0.00,1.95,3.67,POS,1.35,3.35,1.44,96
DIST,4,AN0,8A94,2.95,5.89,1.95,2.78,AN1,0323,-0.09,6.04,1.95,2.71,AN2,189B,0.00,0.00,1.95,3.57,AN3,C32D,2.95,0.00,1.95,3.75,POS,1.32,3.39,1.43,90
DIST,4,AN0,8A94,2.95,5.89,1.95,2.74,AN1,0323,-0.09,6.04,1.95,2.67,AN2,189B,0.00,0.00,1.95,3.69,AN3,C32D,2.95,0.00,1.95,3.85,POS,1.31,3.45,1.38,86
DIST,4,AN0,0323,-0.09,6.04,1.95,2.70,AN1,8A94,2.95,5.89,1.95,2.72,AN2,189B,0.00,0.00,1.95,3.72,AN3,C32D,2.95,0.00,1.95,3.77,POS,1.32,3.49,1.39,91
DIST,4,AN0,8A94,2.95,5.89,1.95,2.71,AN1,0323,-0.09,6.04,1.95,2.73,AN2,189B,0.00,0.00,1.95,3.71,AN3,C32D,2.95,0.00,1.95,3.69,POS,1.36,3.51,1.45,96
DIST,4,AN0,8A94,2.95,5.89,1.95,2.69,AN1,0323,-0.09,6.04,1.95,2.77,AN2,189B,0.00,0.00,1.95,3.76,AN3,C32D,2.95,0.00,1.95,3.72,POS,1.40,3.54,1.43,92
DIST,4,AN0,8A94,2.95,5.89,1.95,2.68,AN1,0323,-0.09,6.04,1.95,2.82,AN2,189B,0.00,0.00,1.95,3.64,AN3,C32D,2.95,0.00,1.95,3.70,POS,1.41,3.54,1.43,92
DIST,4,AN0,8A94,2.95,5.89,1.95,2.66,AN1,0323,-0.09,6.04,1.95,2.79,AN2,189B,0.00,0.00,1.95,3.69,AN3,C32D,2.95,0.00,1.95,3.68,POS,1.42,3.54,1.43,93
DIST,4,AN0,8A94,2.95,5.89,1.95,2.71,AN1,0323,-0.09,6.04,1.95,2.77,AN2,189B,0.00,0.00,1.95,3.73,AN3,C32D,2.95,0.00,1.95,3.61,POS,1.41,3.52,1.50,97
DIST,4,AN0,8A94,2.95,5.89,1.95,2.68,AN1,0323,-0.09,6.04,1.95,2.83,AN2,189B,0.00,0.00,1.95,3.70,AN3,C32D,2.95,0.00,1.95,3.67,POS,1.43,3.53,1.47,92
DIST,4,AN0,8A94,2.95,5.89,1.95,2.66,AN1,0323,-0.09,6.04,1.95,2.79,AN2,189B,0.00,0.00,1.95,3.66,AN3,C32D,2.95,0.00,1.95,3.61,POS,1.45,3.53,1.55,97
DIST,4,AN0,8A94,2.95,5.89,1.95,2.72,AN1,0323,-0.09,6.04,1.95,2.74,AN2,189B,0.00,0.00,1.95,3.71,AN3,C32D,2.95,0.00,1.95,3.66,POS,1.47,3.55,1.62,97
DIST,4,AN0,8A94,2.95,5.89,1.95,2.70,AN1,0323,-0.09,6.04,1.95,2.84,AN2,189B,0.00,0.00,1.95,3.71,AN3,C32D,2.95,0.00,1.95,3.68,POS,1.47,3.54,1.54,90
DIST,3,AN0,8A94,2.95,5.89,1.95,2.72,AN1,0323,-0.09,6.04,1.95,2.85,AN2,C32D,2.95,0.00,1.95,3.57,POS,1.46,3.52,1.54,96
DIST,4,AN0,8A94,2.95,5.89,1.95,2.73,AN1,0323,-0.09,6.04,1.95,2.84,AN2,189B,0.00,0.00,1.95,3.66,AN3,C32D,2.95,0.00,1.95,3.59,POS,1.49,3.51,1.55,95
DIST,4,AN0,8A94,2.95,5.89,1.95,2.76,AN1,0323,-0.09,6.04,1.95,2.83,AN2,C32D,2.95,0.00,1.95,3.60,AN3,189B,0.00,0.00,1.95,3.67,POS,1.51,3.52,1.58,96
DIST,4,AN0,8A94,2.95,5.89,1.95,2.69,AN1,0323,-0.09,6.04,1.95,2.85,AN2,C32D,2.95,0.00,1.95,3.61,AN3,189B,0.00,0.00,1.95,3.62,POS,1.50,3.51,1.55,94
DIST,4,AN0,8A94,2.95,5.89,1.95,2.76,AN1,0323,-0.09,6.04,1.95,2.82,AN2,C32D,2.95,0.00,1.95,3.64,AN3,189B,0.00,0.00,1.95,3.66,POS,1.50,3.51,1.53,94
DIST,4,AN0,8A94,2.95,5.89,1.95,2.73,AN1,0323,-0.09,6.04,1.95,2.82,AN2,C32D,2.95,0.00,1.95,3.56,AN3,189B,0.00,0.00,1.95,3.59,POS,1.50,3.50,1.60,98
DIST,4,AN0,8A94,2.95,5.89,1.95,2.74,AN1,0323,-0.09,6.04,1.95,2.84,AN2,C32D,2.95,0.00,1.95,3.60,AN3,189B,0.00,0.00,1.95,3.65,POS,1.51,3.50,1.59,95
DIST,4,AN0,8A94,2.95,5.89,1.95,2.71,AN1,0323,-0.09,6.04,1.95,2.89,AN2,C32D,2.95,0.00,1.95,3.56,AN3,189B,0.00,0.00,1.95,3.61,POS,1.51,3.49,1.56,95
DIST,4,AN0,8A94,2.95,5.89,1.95,2.74,AN1,0323,-0.09,6.04,1.95,2.82,AN2,C32D,2.95,0.00,1.95,3.63,AN3,189B,0.00,0.00,1.95,3.66,POS,1.51,3.50,1.55,95
DIST,4,AN0,8A94,2.95,5.89,1.95,2.78,AN1,0323,-0.09,6.04,1.95,2.89,AN2,C32D,2.95,0.00,1.95,3.59,AN3,189B,0.00,0.00,1.95,3.64,POS,1.50,3.49,1.51,93
DIST,4,AN0,8A94,2.95,5.89,1.95,2.74,AN1,0323,-0.09,6.04,1.95,2.80,AN2,C32D,2.95,0.00,1.95,3.60,AN3,189B,0.00,0.00,1.95,3.64,POS,1.51,3.50,1.56,97
DIST,4,AN0,8A94,2.95,5.89,1.95,2.83,AN1,0323,-0.09,6.04,1.95,2.88,AN2,C32D,2.95,0.00,1.95,3.65,AN3,189B,0.00,0.00,1.95,3.64,POS,1.48,3.49,1.48,89
DIST,4,AN0,8A94,2.95,5.89,1.95,2.71,AN1,0323,-0.09,6.04,1.95,2.84,AN2,C32D,2.95,0.00,1.95,3.66,AN3,189B,0.00,0.00,1.95,3.64,POS,1.47,3.50,1.44,91
DIST,4,AN0,8A94,2.95,5.89,1.95,2.75,AN1,0323,-0.09,6.04,1.95,2.85,AN2,189B,0.00,0.00,1.95,3.63,AN3,C32D,2.95,0.00,1.95,3.65,POS,1.46,3.49,1.40,90
DIST,4,AN0,8A94,2.95,5.89,1.95,2.81,AN1,0323,-0.09,6.04,1.95,2.81,AN2,189B,0.00,0.00,1.95,3.68,AN3,C32D,2.95,0.00,1.95,3.74,POS,1.43,3.50,1.35,86
DIST,4,AN0,8A94,2.95,5.89,1.95,2.77,AN1,0323,-0.09,6.04,1.95,2.76,AN2,189B,0.00,0.00,1.95,3.63,AN3,C32D,2.95,0.00,1.95,3.74,POS,1.40,3.51,1.33,89
DIST,4,AN0,8A94,2.95,5.89,1.95,2.78,AN1,0323,-0.09,6.04,1.95,2.82,AN2,189B,0.00,0.00,1.95,3.58,AN3,C32D,2.95,0.00,1.95,3.71,POS,1.38,3.50,1.33,90
DIST,4,AN0,8A94,2.95,5.89,1.95,2.78,AN1,0323,-0.09,6.04,1.95,2.76,AN2,189B,0.00,0.00,1.95,3.65,AN3,C32D,2.95,0.00,1.95,3.75,POS,1.37,3.51,1.31,88
DIST,4,AN0,8A94,2.95,5.89,1.95,2.79,AN1,0323,-0.09,6.04,1.95,2.80,AN2,189B,0.00,0.00,1.95,3.73,AN3,C32D,2.95,0.00,1.95,3.75,POS,1.39,3.53,1.29,88
DIST,4,AN0,8A94,2.95,5.89,1.95,2.77,AN1,0323,-0.09,6.04,1.95,2.70,AN2,189B,0.00,0.00,1.95,3.75,AN3,C32D,2.95,0.00,1.95,3.76,POS,1.41,3.56,1.33,93
DIST,4,AN0,8A94,2.95,5.89,1.95,2.63,AN1,0323,-0.09,6.04,1.95,2.61,AN2,189B,0.00,0.00,1.95,3.78,AN3,C32D,2.95,0.00,1.95,3.86,POS,1.38,3.59,1.35,90
DIST,4,AN0,8A94,2.95,5.89,1.95,2.49,AN1,0323,-0.09,6.04,1.95,2.47,AN2,189B,0.00,0.00,1.95,3.84,AN3,C32D,2.95,0.00,1.95,4.05,POS,1.33,3.67,1.30,80
DIST,4,AN0,8A94,2.95,5.89,1.95,2.41,AN1,0323,-0.09,6.04,1.95,2.36,AN2,189B,0.00,0.00,1.95,4.06,AN3,C32D,2.95,0.00,1.95,4.14,POS,1.33,3.75,1.33,86
DIST,4,AN0,8A94,2.95,5.89,1.95,2.35,AN1,0323,-0.09,6.04,1.95,2.33,AN2,189B,0.00,0.00,1.95,4.13,AN3,C32D,2.95,0.00,1.95,4.11,POS,1.33,3.80,1.39,90
DIST,4,AN0,8A94,2.95,5.89,1.95,2.32,AN1,0323,-0.09,6.04,1.95,2.35,AN2,189B,0.00,0.00,1.95,4.02,AN3,C32D,2.95,0.00,1.95,4.13,POS,1.33,3.85,1.44,90
DIST,4,AN0,8A94,2.95,5.89,1.95,2.30,AN1,0323,-0.09,6.04,1.95,2.31,AN2,189B,0.00,0.00,1.95,4.04,AN3,C32D,2.95,0.00,1.95,4.13,POS,1.33,3.89,1.49,90
DIST,4,AN0,8A94,2.95,5.89,1.95,2.33,AN1,0323,-0.09,6.04,1.95,2.39,AN2,189B,0.00,0.00,1.95,4.07,AN3,C32D,2.95,0.00,1.95,4.16,POS,1.34,3.92,1.47,87
DIST,4,AN0,8A94,2.95,5.89,1.95,2.33,AN1,0323,-0.09,6.04,1.95,2.37,AN2,189B,0.00,0.00,1.95,4.07,AN3,C32D,2.95,0.00,1.95,4.11,POS,1.35,3.94,1.48,90
DIST,4,AN0,8A94,2.95,5.89,1.95,2.30,AN1,0323,-0.09,6.04,1.95,2.39,AN2,189B,0.00,0.00,1.95,4.10,AN3,C32D,2.95,0.00,1.95,4.05,POS,1.40,3.97,1.41,83
DIST,4,AN0,8A94,2.95,5.89,1.95,2.28,AN1,0323,-0.09,6.04,1.95,2.39,AN2,189B,0.00,0.00,1.95,4.14,AN3,C32D,2.95,0.00,1.95,4.09,POS,1.43,3.99,1.47,92
DIST,4,AN0,8A94,2.95,5.89,1.95,2.33,AN1,0323,-0.09,6.04,1.95,2.37,AN2,189B,0.00,0.00,1.95,4.09,AN3,C32D,2.95,0.00,1.95,4.08,POS,1.45,4.00,1.39,82
DIST,4,AN0,8A94,2.95,5.89,1.95,2.30,AN1,0323,-0.09,6.04,1.95,2.35,AN2,189B,0.00,0.00,1.95,4.08,AN3,C32D,2.95,0.00,1.95,4.08,POS,1.43,4.00,1.47,92
DIST,4,AN0,8A94,2.95,5.89,1.95,2.28,AN1,0323,-0.09,6.04,1.95,2.39,AN2,189B,0.00,0.00,1.95,4.12,AN3,C32D,2.95,0.00,1.95,4.10,POS,1.44,4.00,1.50,91
DIST,4,AN0,8A94,2.95,5.89,1.95,2.30,AN1,0323,-0.09,6.04,1.95,2.39,AN2,189B,0.00,0.00,1.95,4.14,AN3,C32D,2.95,0.00,1.95,4.12,POS,1.44,4.01,1.49,89
DIST,4,AN0,8A94,2.95,5.89,1.95,2.28,AN1,0323,-0.09,6.04,1.95,2.39,AN2,189B,0.00,0.00,1.95,4.16,AN3,C32D,2.95,0.00,1.95,4.08,POS,1.44,4.00,1.50,91
DIST,4,AN0,8A94,2.95,5.89,1.95,2.25,AN1,0323,-0.09,6.04,1.95,2.33,AN2,189B,0.00,0.00,1.95,4.12,AN3,C32D,2.95,0.00,1.95,4.15,POS,1.43,4.02,1.51,90
DIST,4,AN0,8A94,2.95,5.89,1.95,2.28,AN1,0323,-0.09,6.04,1.95,2.34,AN2,189B,0.00,0.00,1.95,4.13,AN3,C32D,2.95,0.00,1.95,4.14,POS,1.43,4.03,1.54,91
DIST,4,AN0,8A94,2.95,5.89,1.95,2.26,AN1,0323,-0.09,6.04,1.95,2.33,AN2,189B,0.00,0.00,1.95,4.11,AN3,C32D,2.95,0.00,1.95,4.07,POS,1.46,4.04,1.47,85
DIST,4,AN0,8A94,2.95,5.89,1.95,2.28,AN1,0323,-0.09,6.04,1.95,2.33,AN2,189B,0.00,0.00,1.95,4.14,AN3,C32D,2.95,0.00,1.95,4.16,POS,1.45,4.05,1.49,90
DIST,4,AN0,8A94,2.95,5.89,1.95,2.28,AN1,0323,-0.09,6.04,1.95,2.33,AN2,189B,0.00,0.00,1.95,4.20,AN3,C32D,2.95,0.00,1.95,4.14,POS,1.43,4.04,1.50,89
DIST,4,AN0,8A94,2.95,5.89,1.95,2.26,AN1,0323,-0.09,6.04,1.95,2.35,AN2,189B,0.00,0.00,1.95,4.20,AN3,C32D,2.95,0.00,1.95,4.19,POS,1.43,4.06,1.49,88
DIST,4,AN0,8A94,2.95,5.89,1.95,2.26,AN1,0323,-0.09,6.04,1.95,2.38,AN2,189B,0.00,0.00,1.95,4.20,AN3,C32D,2.95,0.00,1.95,4.11,POS,1.48,4.07,1.60,91
DIST,4,AN0,8A94,2.95,5.89,1.95,2.25,AN1,0323,-0.09,6.04,1.95,2.34,AN2,C32D,2.95,0.00,1.95,4.07,AN3,189B,0.00,0.00,1.95,4.22,POS,1.46,4.05,1.49,82
DIST,4,AN0,8A94,2.95,5.89,1.95,2.26,AN1,0323,-0.09,6.04,1.95,2.31,AN2,189B,0.00,0.00,1.95,4.17,AN3,C32D,2.95,0.00,1.95,4.15,POS,1.48,4.07,1.41,82
DIST,4,AN0,8A94,2.95,5.89,1.95,2.27,AN1,0323,-0.09,6.04,1.95,2.32,AN2,C32D,2.95,0.00,1.95,4.08,AN3,189B,0.00,0.00,1.95,4.25,POS,1.45,4.06,1.35,81
DIST,4,AN0,8A94,2.95,5.89,1.95,2.27,AN1,0323,-0.09,6.04,1.95,2.30,AN2,189B,0.00,0.00,1.95,4.20,AN3,C32D,2.95,0.00,1.95,4.15,POS,1.48,4.08,1.32,83
DIST,4,AN0,8A94,2.95,5.89,1.95,2.27,AN1,0323,-0.09,6.04,1.95,2.32,AN2,C32D,2.95,0.00,1.95,4.12,AN3,189B,0.00,0.00,1.95,4.21,POS,1.51,4.10,1.31,83
DIST,4,AN0,8A94,2.95,5.89,1.95,2.29,AN1,0323,-0.09,6.04,1.95,2.26,AN2,C32D,2.95,0.00,1.95,4.15,AN3,189B,0.00,0.00,1.95,4.15,POS,1.50,4.11,1.30,84
DIST,4,AN0,8A94,2.95,5.89,1.95,2.26,AN1,0323,-0.09,6.04,1.95,2.35,AN2,C32D,2.95,0.00,1.95,4.20,AN3,189B,0.00,0.00,1.95,4.09,POS,1.46,4.10,1.39,89
DIST,4,AN0,8A94,2.95,5.89,1.95,2.29,AN1,0323,-0.09,6.04,1.95,2.32,AN2,189B,0.00,0.00,1.95,4.16,AN3,C32D,2.95,0.00,1.95,4.12,POS,1.48,4.11,1.34,83
DIST,4,AN0,8A94,2.95,5.89,1.95,2.23,AN1,0323,-0.09,6.04,1.95,2.31,AN2,C32D,2.95,0.00,1.95,4.16,AN3,189B,0.00,0.00,1.95,4.16,POS,1.47,4.10,1.42,91
DIST,4,AN0,8A94,2.95,5.89,1.95,2.28,AN1,0323,-0.09,6.04,1.95,2.31,AN2,189B,0.00,0.00,1.95,4.19,AN3,C32D,2.95,0.00,1.95,4.15,POS,1.44,4.08,1.46,90
DIST,4,AN0,8A94,2.95,5.89,1.95,2.25,AN1,0323,-0.09,6.04,1.95,2.34,AN2,189B,0.00,0.00,1.95,4.15,AN3,C32D,2.95,0.00,1.95,4.10,POS,1.46,4.09,1.39,83
DIST,4,AN0,8A94,2.95,5.89,1.95,2.25,AN1,0323,-0.09,6.04,1.95,2.34,AN2,189B,0.00,0.00,1.95,4.17,AN3,C32D,2.95,0.00,1.95,4.17,POS,1.46,4.09,1.42,89
DIST,4,AN0,8A94,2.95,5.89,1.95,2.30,AN1,0323,-0.09,6.04,1.95,2.37,AN2,189B,0.00,0.00,1.95,4.21,AN3,C32D,2.95,0.00,1.95,4.16,POS,1.48,4.09,1.45,89
DIST,4,AN0,8A94,2.95,5.89,1.95,2.29,AN1,0323,-0.09,6.04,1.95,2.30,AN2,C32D,2.95,0.00,1.95,4.14,AN3,189B,0.00,0.00,1.95,4.14,POS,1.48,4.10,1.39,82
DIST,4,AN0,8A94,2.95,5.89,1.95,2.27,AN1,0323,-0.09,6.04,1.95,2.33,AN2,C32D,2.95,0.00,1.95,4.11,AN3,189B,0.00,0.00,1.95,4.17,POS,1.45,4.08,1.46,91
DIST,4,AN0,8A94,2.95,5.89,1.95,2.28,AN1,0323,-0.09,6.04,1.95,2.34,AN2,189B,0.00,0.00,1.95,4.15,AN3,C32D,2.95,0.00,1.95,4.16,POS,1.45,4.07,1.46,88
DIST,4,AN0,8A94,2.95,5.89,1.95,2.25,AN1,0323,-0.09,6.04,1.95,2.37,AN2,189B,0.00,0.00,1.95,4.19,AN3,C32D,2.95,0.00,1.95,4.13,POS,1.47,4.08,1.52,91
DIST,4,AN0,8A94,2.95,5.89,1.95,2.24,AN1,0323,-0.09,6.04,1.95,2.41,AN2,189B,0.00,0.00,1.95,4.09,AN3,C32D,2.95,0.00,1.95,4.14,POS,1.46,4.07,1.52,91
