DIST,4,AN0,189B,0.00,0.00,1.95,0.83,AN1,0323,-0.09,6.04,1.95,5.28,AN2,8A94,2.95,5.89,1.95,5.83,AN3,C32D,2.95,0.00,1.95,3.24,POS,-0.13,0.84,1.57,58
DIST,4,AN0,189B,0.00,0.00,1.95,0.83,AN1,0323,-0.09,6.04,1.95,5.32,AN2,C32D,2.95,0.00,1.95,3.28,AN3,8A94,2.95,5.89,1.95,5.82,POS,-0.20,0.85,1.59,62
DIST,4,AN0,189B,0.00,0.00,1.95,0.81,AN1,0323,-0.09,6.04,1.95,5.24,AN2,C32D,2.95,0.00,1.95,3.29,AN3,8A94,2.95,5.89,1.95,5.80,POS,-0.28,0.86,1.57,68
DIST,4,AN0,189B,0.00,0.00,1.95,0.85,AN1,0323,-0.09,6.04,1.95,5.25,AN2,C32D,2.95,0.00,1.95,3.28,AN3,8A94,2.95,5.89,1.95,5.78,POS,-0.31,0.88,1.60,61
DIST,4,AN0,189B,0.00,0.00,1.95,0.83,AN1,0323,-0.09,6.04,1.95,5.28,AN2,C32D,2.95,0.00,1.95,3.35,AN3,8A94,2.95,5.89,1.95,5.82,POS,-0.37,0.89,1.59,71
DIST,4,AN0,189B,0.00,0.00,1.95,0.80,AN1,0323,-0.09,6.04,1.95,5.28,AN2,C32D,2.95,0.00,1.95,3.30,AN3,8A94,2.95,5.89,1.95,5.83,POS,-0.39,0.89,1.66,65
DIST,4,AN0,189B,0.00,0.00,1.95,0.88,AN1,0323,-0.09,6.04,1.95,5.21,AN2,C32D,2.95,0.00,1.95,3.31,AN3,8A94,2.95,5.89,1.95,5.83,POS,-0.39,0.89,1.63,62
DIST,4,AN0,189B,0.00,0.00,1.95,0.85,AN1,0323,-0.09,6.04,1.95,5.32,AN2,C32D,2.95,0.00,1.95,3.25,AN3,8A94,2.95,5.89,1.95,5.79,POS,-0.38,0.90,1.61,59
DIST,4,AN0,189B,0.00,0.00,1.95,0.83,AN1,0323,-0.09,6.04,1.95,5.25,AN2,C32D,2.95,0.00,1.95,3.27,AN3,8A94,2.95,5.89,1.95,5.82,POS,-0.38,0.90,1.61,61
DIST,4,AN0,189B,0.00,0.00,1.95,0.82,AN1,0323,-0.09,6.04,1.95,5.27,AN2,C32D,2.95,0.00,1.95,3.25,AN3,8A94,2.95,5.89,1.95,5.82,POS,-0.38,0.89,1.60,59
DIST,4,AN0,189B,0.00,0.00,1.95,0.86,AN1,0323,-0.09,6.04,1.95,5.28,AN2,C32D,2.95,0.00,1.95,3.21,AN3,8A94,2.95,5.89,1.95,5.79,POS,-0.34,0.90,1.69,68
DIST,4,AN0,189B,0.00,0.00,1.95,0.85,AN1,0323,-0.09,6.04,1.95,5.26,AN2,C32D,2.95,0.00,1.95,3.20,AN3,8A94,2.95,5.89,1.95,5.78,POS,-0.33,0.90,1.63,55
DIST,4,AN0,189B,0.00,0.00,1.95,0.82,AN1,0323,-0.09,6.04,1.95,5.21,AN2,C32D,2.95,0.00,1.95,3.20,AN3,8A94,2.95,5.89,1.95,5.86,POS,-0.30,0.89,1.65,64
DIST,4,AN0,189B,0.00,0.00,1.95,0.83,AN1,0323,-0.09,6.04,1.95,5.25,AN2,C32D,2.95,0.00,1.95,3.27,AN3,8A94,2.95,5.89,1.95,5.87,POS,-0.32,0.88,1.61,61
DIST,4,AN0,189B,0.00,0.00,1.95,0.81,AN1,0323,-0.09,6.04,1.95,5.23,AN2,C32D,2.95,0.00,1.95,3.21,AN3,8A94,2.95,5.89,1.95,5.80,POS,-0.32,0.88,1.60,57
DIST,4,AN0,189B,0.00,0.00,1.95,0.80,AN1,0323,-0.09,6.04,1.95,5.29,AN2,C32D,2.95,0.00,1.95,3.18,AN3,8A94,2.95,5.89,1.95,5.80,POS,-0.32,0.87,1.58,55
DIST,4,AN0,189B,0.00,0.00,1.95,0.83,AN1,0323,-0.09,6.04,1.95,5.29,AN2,C32D,2.95,0.00,1.95,3.29,AN3,8A94,2.95,5.89,1.95,5.83,POS,-0.34,0.88,1.59,62
DIST,4,AN0,189B,0.00,0.00,1.95,0.85,AN1,0323,-0.09,6.04,1.95,5.28,AN2,C32D,2.95,0.00,1.95,3.27,AN3,8A94,2.95,5.89,1.95,5.87,POS,-0.33,0.88,1.64,60
DIST,4,AN0,189B,0.00,0.00,1.95,0.83,AN1,0323,-0.09,6.04,1.95,5.28,AN2,C32D,2.95,0.00,1.95,3.30,AN3,8A94,2.95,5.89,1.95,5.80,POS,-0.35,0.89,1.67,63
DIST,4,AN0,189B,0.00,0.00,1.95,0.83,AN1,0323,-0.09,6.04,1.95,5.28,AN2,C32D,2.95,0.00,1.95,3.31,AN3,8A94,2.95,5.89,1.95,5.72,POS,-0.39,0.91,1.68,68
DIST,4,AN0,189B,0.00,0.00,1.95,0.81,AN1,0323,-0.09,6.04,1.95,5.24,AN2,C32D,2.95,0.00,1.95,3.36,AN3,8A94,2.95,5.89,1.95,5.79,POS,-0.44,0.92,1.74,73
DIST,4,AN0,189B,0.00,0.00,1.95,0.79,AN1,0323,-0.09,6.04,1.95,5.27,AN2,C32D,2.95,0.00,1.95,3.33,AN3,8A94,2.95,5.89,1.95,5.87,POS,-0.45,0.91,1.76,67
DIST,4,AN0,189B,0.00,0.00,1.95,0.83,AN1,0323,-0.09,6.04,1.95,5.20,AN2,C32D,2.95,0.00,1.95,3.32,AN3,8A94,2.95,5.89,1.95,5.84,POS,-0.45,0.90,1.75,65
DIST,4,AN0,189B,0.00,0.00,1.95,0.81,AN1,0323,-0.09,6.04,1.95,5.24,AN2,C32D,2.95,0.00,1.95,3.26,AN3,8A94,2.95,5.89,1.95,5.81,POS,-0.43,0.90,1.73,60
DIST,4,AN0,189B,0.00,0.00,1.95,0.81,AN1,0323,-0.09,6.04,1.95,5.23,AN2,C32D,2.95,0.00,1.95,3.25,AN3,8A94,2.95,5.89,1.95,5.84,POS,-0.42,0.89,1.69,60
DIST,4,AN0,189B,0.00,0.00,1.95,0.85,AN1,0323,-0.09,6.04,1.95,5.24,AN2,C32D,2.95,0.00,1.95,3.32,AN3,8A94,2.95,5.89,1.95,5.87,POS,-0.42,0.89,1.65,64
DIST,4,AN0,189B,0.00,0.00,1.95,0.83,AN1,0323,-0.09,6.04,1.95,5.23,AN2,C32D,2.95,0.00,1.95,3.30,AN3,8A94,2.95,5.89,1.95,5.80,POS,-0.42,0.90,1.70,64
DIST,4,AN0,189B,0.00,0.00,1.95,0.83,AN1,0323,-0.09,6.04,1.95,5.24,AN2,C32D,2.95,0.00,1.95,3.18,AN3,8A94,2.95,5.89,1.95,5.82,POS,-0.36,0.89,1.71,71
DIST,4,AN0,189B,0.00,0.00,1.95,0.84,AN1,0323,-0.09,6.04,1.95,5.23,AN2,C32D,2.95,0.00,1.95,3.27,AN3,8A94,2.95,5.89,1.95,5.80,POS,-0.36,0.90,1.70,61
DIST,4,AN0,189B,0.00,0.00,1.95,0.81,AN1,0323,-0.09,6.04,1.95,5.28,AN2,C32D,2.95,0.00,1.95,3.25,AN3,8A94,2.95,5.89,1.95,5.78,POS,-0.37,0.91,1.72,60
DIST,4,AN0,189B,0.00,0.00,1.95,0.83,AN1,0323,-0.09,6.04,1.95,5.23,AN2,C32D,2.95,0.00,1.95,3.26,AN3,8A94,2.95,5.89,1.95,5.82,POS,-0.37,0.90,1.68,60
DIST,4,AN0,189B,0.00,0.00,1.95,0.87,AN1,0323,-0.09,6.04,1.95,5.26,AN2,C32D,2.95,0.00,1.95,3.21,AN3,8A94,2.95,5.89,1.95,5.81,POS,-0.33,0.90,1.69,65
DIST,4,AN0,189B,0.00,0.00,1.95,0.87,AN1,0323,-0.09,6.04,1.95,5.26,AN2,C32D,2.95,0.00,1.95,3.17,AN3,8A94,2.95,5.89,1.95,5.84,POS,-0.28,0.89,1.65,65
DIST,4,AN0,189B,0.00,0.00,1.95,0.83,AN1,0323,-0.09,6.04,1.95,5.29,AN2,C32D,2.95,0.00,1.95,3.22,AN3,8A94,2.95,5.89,1.95,5.85,POS,-0.27,0.89,1.68,64
DIST,4,AN0,189B,0.00,0.00,1.95,0.85,AN1,0323,-0.09,6.04,1.95,5.20,AN2,C32D,2.95,0.00,1.95,3.16,AN3,8A94,2.95,5.89,1.95,5.81,POS,-0.25,0.89,1.67,67
DIST,4,AN0,189B,0.00,0.00,1.95,0.83,AN1,0323,-0.09,6.04,1.95,5.20,AN2,C32D,2.95,0.00,1.95,3.18,AN3,8A94,2.95,5.89,1.95,5.87,POS,-0.24,0.87,1.65,62
DIST,4,AN0,189B,0.00,0.00,1.95,0.84,AN1,0323,-0.09,6.04,1.95,5.28,AN2,C32D,2.95,0.00,1.95,3.21,AN3,8A94,2.95,5.89,1.95,5.81,POS,-0.23,0.88,1.70,67
DIST,4,AN0,189B,0.00,0.00,1.95,0.85,AN1,0323,-0.09,6.04,1.95,5.24,AN2,C32D,2.95,0.00,1.95,3.17,AN3,8A94,2.95,5.89,1.95,5.79,POS,-0.21,0.89,1.71,72
DIST,4,AN0,189B,0.00,0.00,1.95,0.81,AN1,0323,-0.09,6.04,1.95,5.29,AN2,C32D,2.95,0.00,1.95,3.24,AN3,8A94,2.95,5.89,1.95,5.90,POS,-0.22,0.87,1.71,63
DIST,4,AN0,189B,0.00,0.00,1.95,0.83,AN1,0323,-0.09,6.04,1.95,5.35,AN2,C32D,2.95,0.00,1.95,3.30,AN3,8A94,2.95,5.89,1.95,5.82,POS,-0.27,0.88,1.71,64
DIST,4,AN0,189B,0.00,0.00,1.95,0.83,AN1,0323,-0.09,6.04,1.95,5.25,AN2,C32D,2.95,0.00,1.95,3.23,AN3,8A94,2.95,5.89,1.95,5.83,POS,-0.29,0.88,1.66,58
DIST,4,AN0,189B,0.00,0.00,1.95,0.81,AN1,0323,-0.09,6.04,1.95,5.28,AN2,C32D,2.95,0.00,1.95,3.24,AN3,8A94,2.95,5.89,1.95,5.78,POS,-0.31,0.89,1.67,59
DIST,4,AN0,189B,0.00,0.00,1.95,0.84,AN1,0323,-0.09,6.04,1.95,5.28,AN2,C32D,2.95,0.00,1.95,3.23,AN3,8A94,2.95,5.89,1.95,5.83,POS,-0.29,0.89,1.71,66
DIST,4,AN0,189B,0.00,0.00,1.95,0.84,AN1,0323,-0.09,6.04,1.95,5.26,AN2,C32D,2.95,0.00,1.95,3.20,AN3,8A94,2.95,5.89,1.95,5.80,POS,-0.30,0.89,1.66,56
DIST,4,AN0,189B,0.00,0.00,1.95,0.80,AN1,0323,-0.09,6.04,1.95,5.20,AN2,C32D,2.95,0.00,1.95,3.19,AN3,8A94,2.95,5.89,1.95,5.82,POS,-0.29,0.88,1.63,54
DIST,4,AN0,189B,0.00,0.00,1.95,0.84,AN1,0323,-0.09,6.04,1.95,5.27,AN2,C32D,2.95,0.00,1.95,3.18,AN3,8A94,2.95,5.89,1.95,5.79,POS,-0.27,0.89,1.69,70
DIST,4,AN0,189B,0.00,0.00,1.95,0.85,AN1,0323,-0.09,6.04,1.95,5.22,AN2,C32D,2.95,0.00,1.95,3.15,AN3,8A94,2.95,5.89,1.95,5.85,POS,-0.21,0.87,1.71,81
DIST,4,AN0,189B,0.00,0.00,1.95,0.86,AN1,0323,-0.09,6.04,1.95,5.19,AN2,C32D,2.95,0.00,1.95,3.15,AN3,8A94,2.95,5.89,1.95,5.86,POS,-0.17,0.87,1.74,80
DIST,4,AN0,189B,0.00,0.00,1.95,0.89,AN1,0323,-0.09,6.04,1.95,5.28,AN2,C32D,2.95,0.00,1.95,2.97,AN3,8A94,2.95,5.89,1.95,5.77,POS,-0.10,0.85,1.69,80
DIST,4,AN0,189B,0.00,0.00,1.95,0.87,AN1,0323,-0.09,6.04,1.95,5.24,AN2,C32D,2.95,0.00,1.95,2.99,AN3,8A94,2.95,5.89,1.95,5.76,POS,-0.07,0.84,1.63,70
DIST,4,AN0,189B,0.00,0.00,1.95,0.88,AN1,0323,-0.09,6.04,1.95,5.23,AN2,8A94,2.95,5.89,1.95,5.81,AN3,C32D,2.95,0.00,1.95,2.99,POS,-0.03,0.84,1.64,85
DIST,4,AN0,189B,0.00,0.00,1.95,0.85,AN1,0323,-0.09,6.04,1.95,5.24,AN2,8A94,2.95,5.89,1.95,5.80,AN3,C32D,2.95,0.00,1.95,3.05,POS,-0.03,0.84,1.60,68
DIST,4,AN0,189B,0.00,0.00,1.95,0.91,AN1,0323,-0.09,6.04,1.95,5.23,AN2,8A94,2.95,5.89,1.95,5.74,AN3,C32D,2.95,0.00,1.95,2.95,POS,0.02,0.83,1.60,85
DIST,4,AN0,189B,0.00,0.00,1.95,0.88,AN1,C32D,2.95,0.00,1.95,3.05,AN2,0323,-0.09,6.04,1.95,5.21,AN3,8A94,2.95,5.89,1.95,5.80,POS,0.03,0.84,1.62,84
DIST,4,AN0,189B,0.00,0.00,1.95,0.93,AN1,C32D,2.95,0.00,1.95,3.04,AN2,0323,-0.09,6.04,1.95,5.18,AN3,8A94,2.95,5.89,1.95,5.79,POS,0.04,0.84,1.63,83
DIST,3,AN0,189B,0.00,0.00,1.95,0.84,AN1,C32D,2.95,0.00,1.95,3.08,AN2,0323,-0.09,6.04,1.95,5.15,POS,0.01,0.84,1.59,82
DIST,4,AN0,189B,0.00,0.00,1.95,0.85,AN1,C32D,2.95,0.00,1.95,3.08,AN2,0323,-0.09,6.04,1.95,5.18,AN3,8A94,2.95,5.89,1.95,5.70,POS,-0.02,0.85,1.56,63
DIST,4,AN0,189B,0.00,0.00,1.95,0.88,AN1,0323,-0.09,6.04,1.9DIST,4,AN0,189B,0.00,0.00,1.95,1.27,AN1,0323,-0.09,6.04,1.95,4.83,AN2,8A94,2.95,5.89,1.95,5.33,AN3,C32D,2.95,0.00,1.95,3.09,POS,0.01,1.30,1.57,82
DIST,4,AN0,189B,0.00,0.00,1.95,1.24,AN1,C32D,2.95,0.00,1.95,3.09,AN2,0323,-0.09,6.04,1.95,4.87,AN3,8A94,2.95,5.89,1.95,5.33,POS,0.03,1.30,1.59,82
DIST,4,AN0,189B,0.00,0.00,1.95,1.21,AN1,C32D,2.95,0.00,1.95,3.12,AN2,0323,-0.09,6.04,1.95,4.83,AN3,8A94,2.95,5.89,1.95,5.36,POS,0.02,1.30,1.63,83
DIST,4,AN0,189B,0.00,0.00,1.95,1.25,AN1,C32D,2.95,0.00,1.95,3.09,AN2,0323,-0.09,6.04,1.95,4.88,AN3,8A94,2.95,5.89,1.95,5.38,POS,0.04,1.29,1.59,78
DIST,4,AN0,189B,0.00,0.00,1.95,1.22,AN1,C32D,2.95,0.00,1.95,3.09,AN2,0323,-0.09,6.04,1.95,4.83,AN3,8A94,2.95,5.89,1.95,5.28,POS,0.03,1.30,1.54,72
DIST,4,AN0,189B,0.00,0.00,1.95,1.27,AN1,C32D,2.95,0.00,1.95,3.09,AN2,0323,-0.09,6.04,1.95,4.77,AN3,8A94,2.95,5.89,1.95,5.40,POS,0.04,1.27,1.49,73
DIST,4,AN0,189B,0.00,0.00,1.95,1.26,AN1,C32D,2.95,0.00,1.95,3.11,AN2,0323,-0.09,6.04,1.95,4.83,AN3,8A94,2.95,5.89,1.95,5.39,POS,0.04,1.27,1.48,76
DIST,4,AN0,189B,0.00,0.00,1.95,1.23,AN1,C32D,2.95,0.00,1.95,3.10,AN2,0323,-0.09,6.04,1.95,4.84,AN3,8A94,2.95,5.89,1.95,5.30,POS,0.03,1.28,1.45,70
DIST,4,AN0,189B,0.00,0.00,1.95,1.27,AN1,C32D,2.95,0.00,1.95,3.18,AN2,0323,-0.09,6.04,1.95,4.87,AN3,8A94,2.95,5.89,1.95,5.33,POS,0.01,1.30,1.53,81
DIST,4,AN0,189B,0.00,0.00,1.95,1.24,AN1,C32D,2.95,0.00,1.95,3.09,AN2,0323,-0.09,6.04,1.95,4.81,AN3,8A94,2.95,5.89,1.95,5.26,POS,0.01,1.31,1.50,72
DIST,4,AN0,189B,0.00,0.00,1.95,1.27,AN1,C32D,2.95,0.00,1.95,3.12,AN2,0323,-0.09,6.04,1.95,4.80,AN3,8A94,2.95,5.89,1.95,5.29,POS,0.02,1.32,1.58,82
DIST,4,AN0,189B,0.00,0.00,1.95,1.20,AN1,C32D,2.95,0.00,1.95,3.13,AN2,0323,-0.09,6.04,1.95,4.78,AN3,8A94,2.95,5.89,1.95,5.25,POS,-0.00,1.33,1.59,76
DIST,4,AN0,189B,0.00,0.00,1.95,1.26,AN1,0323,-0.09,6.04,1.95,4.81,AN2,8A94,2.95,5.89,1.95,5.38,AN3,C32D,2.95,0.00,1.95,3.11,POS,0.01,1.32,1.56,77
DIST,4,AN0,189B,0.00,0.00,1.95,1.23,AN1,C32D,2.95,0.00,1.95,3.12,AN2,0323,-0.09,6.04,1.95,4.83,AN3,8A94,2.95,5.89,1.95,5.35,POS,0.02,1.31,1.59,82
DIST,4,AN0,189B,0.00,0.00,1.95,1.23,AN1,C32D,2.95,0.00,1.95,3.11,AN2,0323,-0.09,6.04,1.95,4.80,AN3,8A94,2.95,5.89,1.95,5.34,POS,0.02,1.31,1.63,82
DIST,4,AN0,189B,0.00,0.00,1.95,1.24,AN1,C32D,2.95,0.00,1.95,3.08,AN2,0323,-0.09,6.04,1.95,4.85,AN3,8A94,2.95,5.89,1.95,5.38,POS,0.03,1.30,1.59,78
DIST,4,AN0,189B,0.00,0.00,1.95,1.23,AN1,C32D,2.95,0.00,1.95,3.10,AN2,0323,-0.09,6.04,1.95,4.76,AN3,8A94,2.95,5.89,1.95,5.38,POS,0.06,1.28,1.55,78
DIST,4,AN0,189B,0.00,0.00,1.95,1.24,AN1,C32D,2.95,0.00,1.95,3.15,AN2,0323,-0.09,6.04,1.95,4.86,AN3,8A94,2.95,5.89,1.95,5.40,POS,0.05,1.28,1.54,78
DIST,4,AN0,189B,0.00,0.00,1.95,1.26,AN1,C32D,2.95,0.00,1.95,3.09,AN2,0323,-0.09,6.04,1.95,4.83,AN3,8A94,2.95,5.89,1.95,5.27,POS,0.05,1.30,1.64,82
DIST,4,AN0,189B,0.00,0.00,1.95,1.26,AN1,C32D,2.95,0.00,1.95,3.11,AN2,0323,-0.09,6.04,1.95,4.83,AN3,8A94,2.95,5.89,1.95,5.37,POS,0.05,1.29,1.61,78
DIST,4,AN0,189B,0.00,0.00,1.95,1.24,AN1,C32D,2.95,0.00,1.95,3.06,AN2,0323,-0.09,6.04,1.95,4.84,AN3,8A94,2.95,5.89,1.95,5.39,POS,0.06,1.28,1.57,78
DIST,4,AN0,189B,0.00,0.00,1.95,1.20,AN1,C32D,2.95,0.00,1.95,3.15,AN2,0323,-0.09,6.04,1.95,4.87,AN3,8A94,2.95,5.89,1.95,5.37,POS,0.04,1.29,1.64,82
DIST,4,AN0,189B,0.00,0.00,1.95,1.24,AN1,C32D,2.95,0.00,1.95,3.11,AN2,0323,-0.09,6.04,1.95,4.87,AN3,8A94,2.95,5.89,1.95,5.42,POS,0.04,1.27,1.59,75
DIST,4,AN0,189B,0.00,0.00,1.95,1.24,AN1,C32D,2.95,0.00,1.95,3.10,AN2,0323,-0.09,6.04,1.95,4.85,AN3,8A94,2.95,5.89,1.95,5.33,POS,0.05,1.28,1.62,82
DIST,4,AN0,189B,0.00,0.00,1.95,1.24,AN1,C32D,2.95,0.00,1.95,3.08,AN2,0323,-0.09,6.04,1.95,4.89,AN3,8A94,2.95,5.89,1.95,5.39,POS,0.06,1.27,1.58,79
DIST,4,AN0,189B,0.00,0.00,1.95,1.21,AN1,C32D,2.95,0.00,1.95,3.11,AN2,0323,-0.09,6.04,1.95,4.89,AN3,8DIST,4,AN0,189B,0.00,0.00,1.95,1.03,AN1,C32D,2.95,0.00,1.95,3.04,AN2,0323,-0.09,6.04,1.95,4.73,AN3,8A94,2.95,5.89,1.95,5.38,POS,0.05,1.13,1.51,77
DIST,4,AN0,189B,0.00,0.00,1.95,1.03,AN1,C32D,2.95,0.00,1.95,3.11,AN2,0323,-0.09,6.04,1.95,4.73,AN3,8A94,2.95,5.89,1.95,5.39,POS,0.05,1.13,1.50,77
DIST,4,AN0,189B,0.00,0.00,1.95,1.03,AN1,C32D,2.95,0.00,1.95,3.08,AN2,0323,-0.09,6.04,1.95,4.78,AN3,8A94,2.95,5.89,1.95,5.42,POS,0.05,1.12,1.48,74
DIST,4,AN0,189B,0.00,0.00,1.95,1.01,AN1,C32D,2.95,0.00,1.95,3.10,AN2,0323,-0.09,6.04,1.95,4.78,AN3,8A94,2.95,5.89,1.95,5.41,POS,0.07,1.12,1.46,77
DIST,4,AN0,189B,0.00,0.00,1.95,1.02,AN1,C32D,2.95,0.00,1.95,3.16,AN2,0323,-0.09,6.04,1.95,4.81,AN3,8A94,2.95,5.89,1.95,5.48,POS,0.05,1.10,1.44,70
DIST,4,AN0,189B,0.00,0.00,1.95,0.98,AN1,C32D,2.95,0.00,1.95,3.06,AN2,0323,-0.09,6.04,1.95,4.79,AN3,8A94,2.95,5.89,1.95,5.43,POS,0.06,1.10,1.44,77
DIST,4,AN0,189B,0.00,0.00,1.95,0.97,AN1,C32D,2.95,0.00,1.95,3.10,AN2,0323,-0.09,6.04,1.95,4.80,AN3,8A94,2.95,5.89,1.95,5.47,POS,0.04,1.09,1.45,71
DIST,4,AN0,189B,0.00,0.00,1.95,1.04,AN1,C32D,2.95,0.00,1.95,3.11,AN2,0323,-0.09,6.04,1.95,4.72,AN3,8A94,2.95,5.89,1.95,5.38,POS,-0.01,1.12,1.43,63
DIST,4,AN0,189B,0.00,0.00,1.95,1.08,AN1,0323,-0.09,6.04,1.95,4.76,AN2,8A94,2.95,5.89,1.95,5.42,AN3,C32D,2.95,0.00,1.95,3.10,POS,0.01,1.12,1.41,71
DIST,4,AN0,189B,0.00,0.00,1.95,1.05,AN1,C32D,2.95,0.00,1.95,3.11,AN2,0323,-0.09,6.04,1.95,4.78,AN3,8A94,2.95,5.89,1.95,5.36,POS,-0.03,1.14,1.40,63
DIST,4,AN0,189B,0.00,0.00,1.95,1.09,AN1,0323,-0.09,6.04,1.95,4.72,AN2,8A94,2.95,5.89,1.95,5.37,AN3,C32D,2.95,0.00,1.95,3.11,POS,-0.01,1.14,1.40,74
DIST,4,AN0,189B,0.00,0.00,1.95,1.05,AN1,0323,-0.09,6.04,1.95,4.68,AN2,8A94,2.95,5.89,1.95,5.37,AN3,C32D,2.95,0.00,1.95,3.12,POS,-0.01,1.15,1.44,76
DIST,4,AN0,189B,0.00,0.00,1.95,1.05,AN1,0323,-0.09,6.04,1.95,4.69,AN2,8A94,2.95,5.89,1.95,5.35,AN3,C32D,2.95,0.00,1.95,3.07,POS,-0.00,1.16,1.46,77
DIST,4,AN0,189B,0.00,0.00,1.95,0.99,AN1,0323,-0.09,6.04,1.95,4.77,AN2,8A94,2.95,5.89,1.95,5.38,AN3,C32D,2.95,0.00,1.95,3.04,POS,-0.03,1.16,1.44,66
DIST,4,AN0,189B,0.00,0.00,1.95,0.96,AN1,0323,-0.09,6.04,1.95,4.79,AN2,8A94,2.95,5.89,1.95,5.51,AN3,C32D,2.95,0.00,1.95,3.08,POS,-0.05,1.13,1.46,69
DIST,4,AN0,189B,0.00,0.00,1.95,0.94,AN1,0323,-0.09,6.04,1.95,4.75,AN2,8A94,2.95,5.89,1.95,5.53,AN3,C32D,2.95,0.00,1.95,3.11,POS,-0.08,1.13,1.52,71
DIST,4,AN0,189B,0.00,0.00,1.95,0.90,AN1,0323,-0.09,6.04,1.95,4.84,AN2,8A94,2.95,5.89,1.95,5.50,AN3,C32D,2.95,0.00,1.95,3.06,POS,-0.07,1.10,1.52,72
DIST,4,AN0,189B,0.00,0.00,1.95,0.90,AN1,0323,-0.09,6.04,1.95,4.86,AN2,8A94,2.95,5.89,1.95,5.54,AN3,C32D,2.95,0.00,1.95,3.09,POS,-0.07,1.07,1.51,69
DIST,4,AN0,189B,0.00,0.00,1.95,0.92,AN1,0323,-0.09,6.04,1.95,4.84,AN2,8A94,2.95,5.89,1.95,5.53,AN3,C32D,2.95,0.00,1.95,3.09,POS,-0.07,1.06,1.50,70
DIST,3,AN0,189B,0.00,0.00,1.95,0.90,AN1,8A94,2.95,5.89,1.95,5.58,AN2,C32D,2.95,0.00,1.95,3.10,POS,-0.09,1.05,1.52,68
DIST,4,AN0,189B,0.00,0.00,1.95,0.96,AN1,0323,-0.09,6.04,1.95,4.88,AN2,C32D,2.95,0.00,1.95,3.13,AN3,8A94,2.95,5.89,1.95,5.58,POS,-0.10,1.04,1.48,62
DIST,4,AN0,189B,0.00,0.00,1.95,0.90,AN1,0323,-0.09,6.04,1.95,4.87,AN2,C32D,2.95,0.00,1.95,3.06,AN3,8A94,2.95,5.89,1.95,5.51,POS,-0.06,1.03,1.48,75
DIST,4,AN0,189B,0.00,0.00,1.95,0.94,AN1,0323,-0.09,6.04,1.95,4.90,AN2,8A94,2.95,5.89,1.95,5.51,AN3,C32D,2.95,0.00,1.95,3.11,POS,-0.08,1.05,1.54,73
DIST,4,AN0,189B,0.00,0.00,1.95,0.93,AN1,0323,-0.09,6.04,1.95,4.92,AN2,8A94,2.95,5.89,1.95,5.51,AN3,C32D,2.95,0.00,1.95,3.10,POS,-0.09,1.06,1.60,75
DIST,4,AN0,189B,0.00,0.00,1.95,0.89,AN1,0323,-0.09,6.04,1.95,4.85,AN2,C32D,2.95,0.00,1.95,3.07,AN3,8A94,2.95,5.89,1.95,5.47,POS,-0.11,1.07,1.57,65
DIST,4,AN0,189B,0.00,0.00,1.95,0.92,AN1,0323,-0.09,6.04,1.95,4.93,AN2,C32D,2.95,0.00,1.95,3.04,AN3,8A94,2.95,5.89,1.95,5.43,POS,-0.13,1.08,1.55,64
DIST,4,AN0,189B,0.00,0.00,1.95,0.92,AN1,0323,-0.09,6.04,1.95,4.95,AN2,C32D,2.95,0.00,1.95,3.00,AN3,8A94,2.95,5.89,1.95,5.44,POS,-0.11,1.09,1.61,81
DIST,4,AN0,189B,0.00,0.00,1.95,0.89,AN1,0323,-0.09,6.04,1.95,4.99,AN2,C32D,2.95,0.00,1.95,2.97,AN3,8A94,2.95,5.89,1.95,5.49,POS,-0.08,1.08,1.63,81
DIST,4,AN0,189B,0.00,0.00,1.95,0.90,AN1,0323,-0.09,6.04,1.95,4.97,AN2,8A94,2.95,5.89,1.95,5.45,AN3,C32D,2.95,0.00,1.95,3.02,POS,-0.09,1.08,1.58,64
DIST,4,AN0,189B,0.00,0.00,1.95,0.86,AN1,0323,-0.09,6.04,1.95,4.97,AN2,C32D,2.95,0.00,1.95,2.94,AN3,8A94,2.95,5.89,1.95,5.47,POS,-0.07,1.07,1.65,84
DIST,4,AN0,189B,0.00,0.00,1.95,0.91,AN1,0323,-0.09,6.04,1.95,4.96,AN2,8A94,2.95,5.89,1.95,5.48,AN3,C32D,2.95,0.00,1.95,2.85,POS,0.01,1.03,1.59,75
DIST,4,AN0,189B,0.00,0.00,1.95,0.92,AN1,C32D,2.95,0.00,1.95,2.94,AN2,0323,-0.09,6.04,1.95,4.90,AN3,8A94,2.95,5.89,1.95,5.48,POS,0.04,1.02,1.55,76
DIST,4,AN0,189B,0.00,0.00,1.95,0.91,AN1,C32D,2.95,0.00,1.95,2.93,AN2,0323,-0.09,6.04,1.95,4.86,AN3,8A94,2.95,5.89,1.95,5.47,POS,0.04,1.01,1.53,76
DIST,4,AN0,189B,0.00,0.00,1.95,0.90,AN1,C32D,2.95,0.00,1.95,2.92,AN2,0323,-0.09,6.04,1.95,4.94,AN3,8A94,2.95,5.89,1.95,5.41,POS,0.04,1.04,1.63,84
DIST,4,AN0,189B,0.00,0.00,1.95,0.90,AN1,C32D,2.95,0.00,1.95,3.02,AN2,0323,-0.09,6.04,1.95,4.83,AN3,8A94,2.95,5.89,1.95,5.51,POS,0.01,1.03,1.61,73
DIST,4,AN0,189B,0.00,0.00,1.95,0.89,AN1,C32D,2.95,0.00,1.95,3.00,AN2,0323,-0.09,6.04,1.95,4.92,AN3,8A94,2.95,5.89,1.95,5.47,POS,-0.02,1.04,1.56,65
DIST,4,AN0,189B,0.00,0.00,1.95,0.89,AN1,0323,-0.09,6.04,1.95,4.91,AN2,8A94,2.95,5.89,1.95,5.47,AN3,C32D,2.95,0.00,1.95,2.93,POS,0.04,1.02,1.54,81
DIST,4,AN0,189B,0.00,0.00,1.95,0.89,AN1,C32D,2.95,0.00,1.95,2.96,AN2,0323,-0.09,6.04,1.95,4.95,AN3,8A94,2.95,5.89,1.95,5.43,POS,0.00,1.03,1.51,66
DIST,4,AN0,189B,0.00,0.00,1.95,0.86,AN1,C32D,2.95,0.00,1.95,3.04,AN2,0323,-0.09,6.04,1.95,4.97,AN3,8A94,2.95,5.89,1.95,5.49,POS,-0.04,1.03,1.50,62
DIST,4,AN0,189B,0.00,0.00,1.95,0.90,AN1,0323,-0.09,6.04,1.95,4.86,AN2,8A94,2.95,5.89,1.95,5.49,AN3,C32D,2.95,0.00,1.95,2.98,POS,-0.02,1.02,1.50,77
DIST,4,AN0,189B,0.00,0.00,1.95,0.90,AN1,0323,-0.09,6.04,1.95,4.89,AN2,8A94,2.95,5.89,1.95,5.52,AN3,C32D,2.95,0.00,1.95,2.92,POS,-0.01,1.01,1.49,74
DIST,4,AN0,189B,0.00,0.00,1.95,0.90,AN1,0323,-0.09,6.04,1.95,4.90,AN2,8A94,2.95,5.89,1.95,5.42,AN3,C32D,2.95,0.00,1.95,3.04,POS,-0.05,1.04,1.50,66
DIST,4,AN0,189B,0.00,0.00,1.95,0.88,AN1,0323,-0.09,6.04,1.95,4.90,AN2,8A94,2.95,5.89,1.95,5.50,AN3,C32D,2.95,0.00,1.95,2.97,POS,-0.02,1.02,1.50,77
DIST,4,AN0,189B,0.00,0.00,1.95,0.89,AN1,0323,-0.09,6.04,1.95,4.99,AN2,8A94,2.95,5.89,1.95,5.48,AN3,C32D,2.95,0.00,1.95,3.06,POS,-0.06,1.03,1.49,62
DIST,4,AN0,189B,0.00,0.00,1.95,0.92,AN1,0323,-0.09,6.04,1.95,4.91,AN2,8A94,2.95,5.89,1.95,5.44,AN3,C32D,2.95,0.00,1.95,2.97,POS,-0.05,1.05,1.56,81
DIST,4,AN0,189B,0.00,0.00,1.95,0.91,AN1,0323,-0.09,6.04,1.95,4.76,AN2,8A94,2.95,5.89,1.95,5.50,AN3,C32D,2.95,0.00,1.95,3.01,POS,-0.06,1.06,1.59,77
DIST,4,AN0,189B,0.00,0.00,1.95,0.97,AN1,0323,-0.09,6.04,1.95,4.80,AN2,8A94,2.95,5.89,1.95,5.45,AN3,C32D,2.95,0.00,1.95,2.95,POS,-0.04,1.06,1.56,76
DIST,4,AN0,189B,0.00,0.00,1.95,0.97,AN1,0323,-0.09,6.04,1.95,4.88,AN2,8A94,2.95,5.89,1.95,5.40,AN3,C32D,2.95,0.00,1.95,2.92,POS,0.04,1.05,1.52,78
DIST,4,AN0,189B,0.00,0.00,1.95,1.03,AN1,C32D,2.95,0.00,1.95,2.89,AN2,0323,-0.09,6.04,1.95,4.76,AN3,8A94,2.95,5.89,1.95,5.37,POS,0.06,1.06,1.50,78
DIST,4,AN0,189B,0.00,0.00,1.95,1.05,AN1,C32D,2.95,0.00,1.95,2.82,AN2,0323,-0.09,6.04,1.95,4.77,AN3,8A94,2.95,5.89,1.95,5.38,POS,0.09,1.07,1.48,79
DIST,4,AN0,189B,0.00,0.00,1.95,1.07,AN1,C32D,2.95,0.00,1.95,2.76,AN2,0323,-0.09,6.04,1.95,4.84,AN3,8A94,2.95,5.89,1.95,5.31,POS,0.15,1.07,1.45,75
DIST,4,AN0,189B,0.00,0.00,1.95,1.05,AN1,C32D,2.95,0.00,1.95,2.59,AN2,0323,-0.09,6.04,1.95,4.91,AN3,8A94,2.95,5.89,1.95,5.31,POS,0.22,1.05,1.43,71
DIST,4,AN0,189B,0.00,0.00,1.95,0.97,AN1,C32D,2.95,0.00,1.95,2.50,AN2,0323,-0.09,6.04,1.95,4.89,AN3,8A94,2.95,5.89,1.95,5.35,POS,0.27,1.01,1.43,70
DIST,4,AN0,189B,0.00,0.00,1.95,1.08,AN1,C32D,2.95,0.00,1.95,2.34,AN2,0323,-0.09,6.04,1.95,4.95,AN3,8A94,2.95,5.89,1.95,5.26,POS,0.36,1.00,1.44,64
DIST,4,AN0,189B,0.00,0.00,1.95,1.13,AN1,C32D,2.95,0.00,1.95,2.28,AN2,0323,-0.09,6.04,1.95,4.91,AN3,8A94,2.95,5.89,1.95,5.26,POS,0.42,0.97,1.45,66
DIST,4,AN0,189B,0.00,0.00,1.95,1.21,AN1,C32D,2.95,0.00,1.95,2.20,AN2,0323,-0.09,6.04,1.95,4.91,AN3,8A94,2.95,5.89,1.95,5.17,POS,0.50,0.96,1.42,52
DIST,4,AN0,189B,0.00,0.00,1.95,1.24,AN1,C32D,2.95,0.00,1.95,2.13,AN2,0323,-0.09,6.04,1.95,4.90,AN3,8A94,2.95,5.89,1.95,5.14,POS,0.57,0.96,1.43,57
DIST,4,AN0,189B,0.00,0.00,1.95,1.34,AN1,C32D,2.95,0.00,1.95,2.00,AN2,0323,-0.09,6.04,1.95,4.96,AN3,8A94,2.95,5.89,1.95,5.07,POS,0.69,0.98,1.45,63
DIST,4,AN0,189B,0.00,0.00,1.95,1.41,AN1,C32D,2.95,0.00,1.95,1.99,AN2,0323,-0.09,6.04,1.95,4.98,AN3,8A94,2.95,5.89,1.95,5.08,POS,0.77,0.98,1.51,62
DIST,4,AN0,189B,0.00,0.00,1.95,1.48,AN1,C32D,2.95,0.00,1.95,1.85,AN2,0323,-0.09,6.04,1.95,5.07,AN3,8A94,2.95,5.89,1.95,5.07,POS,0.89,0.98,1.48,63
DIST,4,AN0,189B,0.00,0.00,1.95,1.50,AN1,C32D,2.95,0.00,1.95,1.70,AN2,0323,-0.09,6.04,1.95,5.04,AN3,8A94,2.95,5.89,1.95,5.05,POS,0.96,0.95,1.54,61
DIST,4,AN0,189B,0.00,0.00,1.95,1.53,AN1,C32D,2.95,0.00,1.95,1.77,AN2,0323,-0.09,6.04,1.95,5.18,AN3,8A94,2.95,5.89,1.95,5.07,POS,1.05,0.93,1.50,63
DIST,4,AN0,189B,0.00,0.00,1.95,1.57,AN1,C32D,2.95,0.00,1.95,1.68,AN2,0323,-0.09,6.04,1.95,5.18,AN3,8A94,2.95,5.89,1.95,5.05,POS,1.14,0.93,1.47,65
DIST,4,AN0,189B,0.00,0.00,1.95,1.51,AN1,C32D,2.95,0.00,1.95,1.63,AN2,0323,-0.09,6.04,1.95,5.10,AN3,8A94,2.95,5.89,1.95,5.03,POS,1.18,0.91,1.45,61
DIST,4,AN0,189B,0.00,0.00,1.95,1.61,AN1,C32D,2.95,0.00,1.95,1.70,AN2,8A94,2.95,5.89,1.95,5.09,AN3,0323,-0.09,6.04,1.95,5.17,POS,1.22,0.90,1.46,64
DIST,4,AN0,189B,0.00,0.00,1.95,1.53,AN1,C32D,2.95,0.00,1.95,1.68,AN2,8A94,2.95,5.89,1.95,5.04,AN3,0323,-0.09,6.04,1.95,5.05,POS,1.21,0.89,1.52,62
DIST,4,AN0,189B,0.00,0.00,1.95,1.56,AN1,C32D,2.95,0.00,1.95,1.63,AN2,8A94,2.95,5.89,1.95,5.06,AN3,0323,-0.09,6.04,1.95,5.12,POS,1.23,0.87,1.49,60
DIST,4,AN0,189B,0.00,0.00,1.95,1.62,AN1,C32D,2.95,0.00,1.95,1.62,AN2,8A94,2.95,5.89,1.95,5.03,AN3,0323,-0.09,6.04,1.95,5.08,POS,1.24,0.87,1.52,63
DIST,4,AN0,189B,0.00,0.00,1.95,1.51,AN1,C32D,2.95,0.00,1.95,1.67,AN2,8A94,2.95,5.89,1.95,5.05,AN3,0323,-0.09,6.04,1.95,5.13,POS,1.27,0.88,1.53,69
DIST,4,AN0,189B,0.00,0.00,1.95,1.63,AN1,C32D,2.95,0.00,1.95,1.71,AN2,8A94,2.95,5.89,1.95,5.05,AN3,0323,-0.09,6.04,1.95,5.14,POS,1.29,0.89,1.52,66
DIST,4,AN0,189B,0.00,0.00,1.95,1.60,AN1,C32D,2.95,0.00,1.95,1.66,AN2,8A94,2.95,5.89,1.95,5.00,AN3,0323,-0.09,6.04,1.95,5.12,POS,1.32,0.90,1.54,71
DIST,4,AN0,189B,0.00,0.00,1.95,1.52,AN1,C32D,2.95,0.00,1.95,1.63,AN2,8A94,2.95,5.89,1.95,5.04,AN3,0323,-0.09,6.04,1.95,5.05,POS,1.29,0.87,1.47,53
DIST,4,AN0,189B,0.00,0.00,1.95,1.58,AN1,C32D,2.95,0.00,1.95,1.66,AN2,8A94,2.95,5.89,1.95,4.98,AN3,0323,-0.09,6.04,1.95,5.09,POS,1.32,0.90,1.49,72
DIST,4,AN0,189B,0.00,0.00,1.95,1.57,AN1,C32D,2.95,0.00,1.95,1.63,AN2,8A94,2.95,5.89,1.95,5.02,AN3,0323,-0.09,6.04,1.95,5.07,POS,1.31,0.89,1.50,63
DIST,4,AN0,189B,0.00,0.00,1.95,1.63,AN1,C32D,2.95,0.00,1.95,1.66,AN2,8A94,2.95,5.89,1.95,4.97,AN3,0323,-0.09,6.04,1.95,5.05,POS,1.31,0.90,1.47,63
DIST,4,AN0,189B,0.00,0.00,1.95,1.58,AN1,C32D,2.95,0.00,1.95,1.68,AN2,8A94,2.95,5.89,1.95,5.08,AN3,0323,-0.09,6.04,1.95,5.09,POS,1.28,0.88,1.48,59
DIST,4,AN0,189B,0.00,0.00,1.95,1.63,AN1,C32D,2.95,0.00,1.95,1.67,AN2,8A94,2.95,5.89,1.95,4.94,AN3,0323,-0.09,6.04,1.95,4.98,POS,1.28,0.89,1.50,66
DIST,4,AN0,189B,0.00,0.00,1.95,1.67,AN1,C32D,2.95,0.00,1.95,1.62,AN2,8A94,2.95,5.89,1.95,4.95,AN3,0323,-0.09,6.04,1.95,5.07,POS,1.31,0.90,1.45,63
DIST,4,AN0,189B,0.00,0.00,1.95,1.67,AN1,C32D,2.95,0.00,1.95,1.63,AN2,8A94,2.95,5.89,1.95,4.89,AN3,0323,-0.09,6.04,1.95,4.99,POS,1.32,0.92,1.45,68
DIST,4,AN0,189B,0.00,0.00,1.95,1.81,AN1,C32D,2.95,0.00,1.95,1.65,AN2,8A94,2.95,5.89,1.95,4.91,AN3,0323,-0.09,6.04,1.95,5.02,POS,1.34,0.93,1.42,65
DIST,4,AN0,189B,0.00,0.00,1.95,1.74,AN1,C32D,2.95,0.00,1.95,1.56,AN2,8A94,2.95,5.89,1.95,4.85,AN3,0323,-0.09,6.04,1.95,5.08,POS,1.40,0.96,1.46,73
DIST,4,AN0,189B,0.00,0.00,1.95,1.89,AN1,C32D,2.95,0.00,1.95,1.50,AN2,8A94,2.95,5.89,1.95,4.95,AN3,0323,-0.09,6.04,1.95,5.13,POS,1.42,0.94,1.43,64
DIST,4,AN0,189B,0.00,0.00,1.95,1.92,AN1,C32D,2.95,0.00,1.95,1.28,AN2,8A94,2.95,5.89,1.95,4.96,AN3,0323,-0.09,6.04,1.95,5.24,POS,1.49,0.91,1.44,59
DIST,4,AN0,C32D,2.95,0.00,1.95,1.21,AN1,189B,0.00,0.00,1.95,1.93,AN2,8A94,2.95,5.89,1.95,4.96,AN3,0323,-0.09,6.04,1.95,5.34,POS,1.58,0.89,1.51,58
DIST,4,AN0,C32D,2.95,0.00,1.95,1.19,AN1,189B,0.00,0.00,1.95,2.05,AN2,8A94,2.95,5.89,1.95,4.97,AN3,0323,-0.09,6.04,1.95,5.42,POS,1.69,0.88,1.49,51
DIST,4,AN0,C32D,2.95,0.00,1.95,1.11,AN1,189B,0.00,0.00,1.95,2.16,AN2,8A94,2.95,5.89,1.95,4.96,AN3,0323,-0.09,6.04,1.95,5.36,POS,1.74,0.85,1.47,50
DIST,4,AN0,C32D,2.95,0.00,1.95,1.08,AN1,189B,0.00,0.00,1.95,2.30,AN2,8A94,2.95,5.89,1.95,4.91,AN3,0323,-0.09,6.04,1.95,5.40,POS,1.81,0.86,1.53,53
DIST,4,AN0,C32D,2.95,0.00,1.95,1.04,AN1,189B,0.00,0.00,1.95,2.36,AN2,8A94,2.95,5.89,1.95,4.95,AN3,0323,-0.09,6.04,1.95,5.40,POS,1.94,0.89,1.54,71
DIST,4,AN0,C32D,2.95,0.00,1.95,0.93,AN1,189B,0.00,0.00,1.95,2.48,AN2,8A94,2.95,5.89,1.95,4.91,AN3,0323,-0.09,6.04,1.95,5.53,POS,2.03,0.88,1.55,63
DIST,4,AN0,C32D,2.95,0.00,1.95,0.95,AN1,189B,0.00,0.00,1.95,2.59,AN2,8A94,2.95,5.89,1.95,4.91,AN3,0323,-0.09,6.04,1.95,5.47,POS,2.15,0.92,1.58,84
DIST,4,AN0,C32D,2.95,0.00,1.95,0.85,AN1,189B,0.00,0.00,1.95,2.65,AN2,8A94,2.95,5.89,1.95,4.86,AN3,0323,-0.09,6.04,1.95,5.61,POS,2.25,0.91,1.57,75
DIST,4,AN0,C32D,2.95,0.00,1.95,0.82,AN1,189B,0.00,0.00,1.95,2.84,AN2,8A94,2.95,5.89,1.95,4.95,AN3,0323,-0.09,6.04,1.95,5.58,POS,2.42,0.93,1.54,74
DIST,4,AN0,C32D,2.95,0.00,1.95,0.82,AN1,189B,0.00,0.00,1.95,2.93,AN2,8A94,2.95,5.89,1.95,4.93,AN3,0323,-0.09,6.04,1.95,5.66,POS,2.57,0.95,1.51,66
DIST,4,AN0,C32D,2.95,0.00,1.95,0.86,AN1,189B,0.00,0.00,1.95,2.88,AN2,8A94,2.95,5.89,1.95,4.87,AN3,0323,-0.09,6.04,1.95,5.70,POS,2.60,0.92,1.48,72
DIST,4,AN0,C32D,2.95,0.00,1.95,0.90,AN1,189B,0.00,0.00,1.95,2.90,AN2,8A94,2.95,5.89,1.95,4.81,AN3,0323,-0.09,6.04,1.95,5.65,POS,2.62,0.92,1.46,75
DIST,4,AN0,C32D,2.95,0.00,1.95,0.85,AN1,189B,0.00,0.00,1.95,2.93,AN2,8A94,2.95,5.89,1.95,4.82,AN3,0323,-0.09,6.04,1.95,5.60,POS,2.72,0.95,1.46,69
DIST,4,AN0,C32D,2.95,0.00,1.95,0.87,AN1,189B,0.00,0.00,1.95,2.93,AN2,8A94,2.95,5.89,1.95,4.85,AN3,0323,-0.09,6.04,1.95,5.63,POS,2.78,0.98,1.55,84
DIST,4,AN0,C32D,2.95,0.00,1.95,0.85,AN1,189B,0.00,0.00,1.95,2.97,AN2,8A94,2.95,5.89,1.95,4.84,AN3,0323,-0.09,6.04,1.95,5.71,POS,2.77,0.96,1.52,76
DIST,4,AN0,C32D,2.95,0.00,1.95,0.88,AN1,189B,0.00,0.00,1.95,2.95,AN2,8A94,2.95,5.89,1.95,4.88,AN3,0323,-0.09,6.04,1.95,5.72,POS,2.82,0.96,1.51,73
DIST,4,AN0,C32D,2.95,0.00,1.95,0.83,AN1,189B,0.00,0.00,1.95,2.97,AN2,8A94,2.95,5.89,1.95,4.84,AN3,0323,-0.09,6.04,1.95,5.69,POS,2.86,0.98,1.60,82
DIST,4,AN0,C32D,2.95,0.00,1.95,0.79,AN1,189B,0.00,0.00,1.95,3.01,AN2,8A94,2.95,5.89,1.95,4.90,AN3,0323,-0.09,6.04,1.95,5.70,POS,2.93,0.98,1.59,65
DIST,4,AN0,C32D,2.95,0.00,1.95,0.82,AN1,189B,0.00,0.00,1.95,3.00,AN2,8A94,2.95,5.89,1.95,4.87,AN3,0323,-0.09,6.04,1.95,5.69,POS,2.97,0.99,1.56,64
DIST,4,AN0,C32D,2.95,0.00,1.95,0.84,AN1,8A94,2.95,5.89,1.95,4.92,AN2,189B,0.00,0.00,1.95,3.01,AN3,0323,-0.09,6.04,1.95,5.67,POS,3.01,1.00,1.54,64
DIST,4,AN0,C32D,2.95,0.00,1.95,0.87,AN1,8A94,2.95,5.89,1.95,4.93,AN2,189B,0.00,0.00,1.95,3.00,AN3,0323,-0.09,6.04,1.95,5.71,POS,3.01,1.00,1.56,75
DIST,4,AN0,C32D,2.95,0.00,1.95,0.85,AN1,8A94,2.95,5.89,1.95,4.87,AN2,189B,0.00,0.00,1.95,2.97,AN3,0323,-0.09,6.04,1.95,5.70,POS,3.00,1.01,1.60,82
DIST,4,AN0,C32D,2.95,0.00,1.95,0.87,AN1,8A94,2.95,5.89,1.95,4.84,AN2,189B,0.00,0.00,1.95,2.99,AN3,0323,-0.09,6.04,1.95,5.71,POS,3.00,1.01,1.60,76
DIST,4,AN0,C32D,2.95,0.00,1.95,0.89,AN1,8A94,2.95,5.89,1.95,4.85,AN2,189B,0.00,0.00,1.95,3.02,AN3,0323,-0.09,6.04,1.95,5.65,POS,3.02,1.02,1.55,62
DIST,4,AN0,C32D,2.95,0.00,1.95,0.86,AN1,8A94,2.95,5.89,1.95,4.85,AN2,189B,0.00,0.00,1.95,3.00,AN3,0323,-0.09,6.04,1.95,5.61,POS,3.04,1.03,1.55,69
DIST,4,AN0,C32D,2.95,0.00,1.95,0.84,AN1,8A94,2.95,5.89,1.95,4.89,AN2,189B,0.00,0.00,1.95,3.05,AN3,0323,-0.09,6.04,1.95,5.72,POS,3.07,1.03,1.53,60
DIST,4,AN0,C32D,2.95,0.00,1.95,0.87,AN1,8A94,2.95,5.89,1.95,4.91,AN2,189B,0.00,0.00,1.95,3.05,AN3,0323,-0.09,6.04,1.95,5.73,POS,3.07,1.03,1.57,74
DIST,4,AN0,C32D,2.95,0.00,1.95,0.85,AN1,8A94,2.95,5.89,1.95,4.94,AN2,189B,0.00,0.00,1.95,3.03,AN3,0323,-0.09,6.04,1.95,5.80,POS,3.06,1.01,1.56,71
DIST,4,AN0,C32D,2.95,0.00,1.95,0.85,AN1,8A94,2.95,5.89,1.95,4.89,AN2,189B,0.00,0.00,1.95,3.03,AN3,0323,-0.09,6.04,1.95,5.75,POS,3.05,1.00,1.58,76
DIST,4,AN0,C32D,2.95,0.00,1.95,0.80,AN1,8A94,2.95,5.89,1.95,4.96,AN2,189B,0.00,0.00,1.95,3.06,AN3,0323,-0.09,6.04,1.95,5.83,POS,3.05,0.99,1.59,71
DIST,4,AN0,C32D,2.95,0.00,1.95,0.88,AN1,8A94,2.95,5.89,1.95,4.96,AN2,189B,0.00,0.00,1.95,3.10,AN3,0323,-0.09,6.04,1.95,5.77,POS,3.07,1.00,1.60,69
DIST,4,AN0,C32D,2.95,0.00,1.95,0.87,AN1,8A94,2.95,5.89,1.95,4.95,AN2,189B,0.00,0.00,1.95,3.11,AN3,0323,-0.09,6.04,1.95,5.77,POS,3.09,1.00,1.62,69
DIST,4,AN0,C32D,2.95,0.00,1.95,0.84,AN1,8A94,2.95,5.89,1.95,4.96,AN2,189B,0.00,0.00,1.95,3.09,AN3,0323,-0.09,6.04,1.95,5.78,POS,3.10,1.00,1.65,71
DIST,4,AN0,C32D,2.95,0.00,1.95,0.91,AN1,8A94,2.95,5.89,1.95,4.83,AN2,189B,0.00,0.00,1.95,3.04,AN3,0323,-0.09,6.04,1.95,5.79,POS,3.05,0.99,1.65,81
DIST,4,AN0,C32D,2.95,0.00,1.95,0.97,AN1,8A94,2.95,5.89,1.95,4.81,AN2,189B,0.00,0.00,1.95,3.12,AN3,0323,-0.09,6.04,1.95,5.78,POS,3.03,0.99,1.63,77
DIST,4,AN0,C32D,2.95,0.00,1.95,1.03,AN1,8A94,2.95,5.89,1.95,4.82,AN2,189B,0.00,0.00,1.95,3.07,AN3,0323,-0.09,6.04,1.95,5.81,POS,3.01,0.99,1.58,70
DIST,4,AN0,C32D,2.95,0.00,1.95,1.10,AN1,8A94,2.95,5.89,1.95,4.87,AN2,189B,0.00,0.00,1.95,3.12,AN3,0323,-0.09,6.04,1.95,5.83,POS,2.98,1.00,1.58,80
DIST,4,AN0,C32D,2.95,0.00,1.95,1.09,AN1,8A94,2.95,5.89,1.95,4.90,AN2,189B,0.00,0.00,1.95,3.10,AN3,0323,-0.09,6.04,1.95,5.84,POS,2.96,1.00,1.57,80
DIST,4,AN0,C32D,2.95,0.00,1.95,1.05,AN1,8A94,2.95,5.89,1.95,4.92,AN2,189B,0.00,0.00,1.95,3.11,AN3,0323,-0.09,6.04,1.95,5.77,POS,2.96,1.02,1.55,74
DIST,4,AN0,C32D,2.95,0.00,1.95,1.06,AN1,8A94,2.95,5.89,1.95,4.97,AN2,189B,0.00,0.00,1.95,3.13,AN3,0323,-0.09,6.04,1.95,5.85,POS,2.96,1.00,1.53,72
DIST,4,AN0,C32D,2.95,0.00,1.95,1.02,AN1,8A94,2.95,5.89,1.95,4.94,AN2,189B,0.00,0.00,1.95,3.13,AN3,0323,-0.09,6.04,1.95,5.81,POS,2.97,1.01,1.54,74
DIST,4,AN0,C32D,2.95,0.00,1.95,1.04,AN1,8A94,2.95,5.89,1.95,4.91,AN2,189B,0.00,0.00,1.95,3.11,AN3,0323,-0.09,6.04,1.95,5.76,POS,2.97,1.03,1.55,77
DIST,4,AN0,C32D,2.95,0.00,1.95,1.09,AN1,8A94,2.95,5.89,1.95,4.85,AN2,189B,0.00,0.00,1.95,3.03,AN3,0323,-0.09,6.04,1.95,5.78,POS,2.93,1.03,1.58,85
DIST,4,AN0,C32D,2.95,0.00,1.95,1.05,AN1,189B,0.00,0.00,1.95,3.02,AN2,8A94,2.95,5.89,1.95,4.78,AN3,0323,-0.09,6.04,1.95,5.63,POS,2.93,1.05,1.53,72
DIST,4,AN0,C32D,2.95,0.00,1.95,1.12,AN1,189B,0.00,0.00,1.95,3.02,AN2,8A94,2.95,5.89,1.95,4.79,AN3,0323,-0.09,6.04,1.95,5.57,POS,2.91,1.09,1.59,84
DIST,4,AN0,C32D,2.95,0.00,1.95,1.14,AN1,189B,0.00,0.00,1.95,3.10,AN2,8A94,2.95,5.89,1.95,4.67,AN3,0323,-0.09,6.04,1.95,5.59,POS,2.92,1.13,1.65,83
DIST,4,AN0,C32D,2.95,0.00,1.95,1.23,AN1,189B,0.00,0.00,1.95,3.11,AN2,8A94,2.95,5.89,1.95,4.65,AN3,0323,-0.09,6.04,1.95,5.49,POS,2.93,1.17,1.57,70
DIST,4,AN0,C32D,2.95,0.00,1.95,1.32,AN1,189B,0.00,0.00,1.95,3.19,AN2,8A94,2.95,5.89,1.95,4.57,AN3,0323,-0.09,6.04,1.95,5.46,POS,2.94,1.22,1.60,80
DIST,4,AN0,C32D,2.95,0.00,1.95,1.37,AN1,189B,0.00,0.00,1.95,3.19,AN2,8A94,2.95,5.89,1.95,4.41,AN3,0323,-0.09,6.04,1.95,5.40,POS,2.92,1.27,1.58,80
DIST,4,AN0,C32D,2.95,0.00,1.95,1.49,AN1,189B,0.00,0.00,1.95,3.31,AN2,8A94,2.95,5.89,1.95,4.29,AN3,0323,-0.09,6.04,1.95,5.36,POS,2.94,1.33,1.56,75
DIST,4,AN0,C32D,2.95,0.00,1.95,1.62,AN1,189B,0.00,0.00,1.95,3.35,AN2,8A94,2.95,5.89,1.95,4.16,AN3,0323,-0.09,6.04,1.95,5.26,POS,2.95,1.41,1.54,75
DIST,4,AN0,C32D,2.95,0.00,1.95,1.74,AN1,189B,0.00,0.00,1.95,3.32,AN2,8A94,2.95,5.89,1.95,4.14,AN3,0323,-0.09,6.04,1.95,5.16,POS,2.93,1.49,1.47,74
DIST,4,AN0,C32D,2.95,0.00,1.95,1.81,AN1,189B,0.00,0.00,1.95,3.43,AN2,8A94,2.95,5.89,1.95,4.00,AN3,0323,-0.09,6.04,1.95,5.03,POS,2.95,1.59,1.43,69
DIST,4,AN0,C32D,2.95,0.00,1.95,1.93,AN1,189B,0.00,0.00,1.95,3.46,AN2,8A94,2.95,5.89,1.95,3.93,AN3,0323,-0.09,6.04,1.95,5.03,POS,2.94,1.67,1.39,72
DIST,4,AN0,C32D,2.95,0.00,1.95,2.00,AN1,189B,0.00,0.00,1.95,3.65,AN2,8A94,2.95,5.89,1.95,3.74,AN3,0323,-0.09,6.04,1.95,4.96,POS,2.97,1.77,1.44,71
DIST,4,AN0,C32D,2.95,0.00,1.95,2.18,AN1,8A94,2.95,5.89,1.95,3.70,AN2,189B,0.00,0.00,1.95,3.96,AN3,0323,-0.09,6.04,1.95,4.77,POS,3.12,1.94,1.43,75
DIST,4,AN0,C32D,2.95,0.00,1.95,2.29,AN1,8A94,2.95,5.89,1.95,3.57,AN2,189B,0.00,0.00,1.95,4.03,AN3,0323,-0.09,6.04,1.95,4.68,POS,3.24,2.09,1.44,76
DIST,4,AN0,C32D,2.95,0.00,1.95,2.36,AN1,8A94,2.95,5.89,1.95,3.50,AN2,189B,0.00,0.00,1.95,3.92,AN3,0323,-0.09,6.04,1.95,4.68,POS,3.24,2.20,1.45,70
DIST,4,AN0,C32D,2.95,0.00,1.95,2.44,AN1,8A94,2.95,5.89,1.95,3.43,AN2,189B,0.00,0.00,1.95,4.27,AN3,0323,-0.09,6.04,1.95,4.59,POS,3.13,2.26,1.40,72
DIST,4,AN0,C32D,2.95,0.00,1.95,2.37,AN1,8A94,2.95,5.89,1.95,3.41,AN2,189B,0.00,0.00,1.95,3.94,AN3,0323,-0.09,6.04,1.95,4.65,POS,3.17,2.33,1.50,70
DIST,4,AN0,C32D,2.95,0.00,1.95,2.38,AN1,8A94,2.95,5.89,1.95,3.37,AN2,189B,0.00,0.00,1.95,4.16,AN3,0323,-0.09,6.04,1.95,4.68,POS,3.30,2.41,1.53,78
DIST,4,AN0,C32D,2.95,0.00,1.95,2.38,AN1,8A94,2.95,5.89,1.95,3.44,AN2,189B,0.00,0.00,1.95,4.21,AN3,0323,-0.09,6.04,1.95,4.68,POS,3.43,2.48,1.52,80
DIST,4,AN0,C32D,2.95,0.00,1.95,2.40,AN1,8A94,2.95,5.89,1.95,3.39,AN2,189B,0.00,0.00,1.95,4.10,AN3,0323,-0.09,6.04,1.95,4.63,POS,3.47,2.53,1.47,76
DIST,3,AN0,C32D,2.95,0.00,1.95,2.38,AN1,189B,0.00,0.00,1.95,4.16,AN2,0323,-0.09,6.04,1.95,4.58,POS,3.54,2.58,1.51,79
DIST,4,AN0,C32D,2.95,0.00,1.95,2.42,AN1,8A94,2.95,5.89,1.95,3.33,AN2,189B,0.00,0.00,1.95,4.14,AN3,0323,-0.09,6.04,1.95,4.64,POS,3.56,2.60,1.47,77
DIST,4,AN0,C32D,2.95,0.00,1.95,2.38,AN1,8A94,2.95,5.89,1.95,3.41,AN2,189B,0.00,0.00,1.95,4.12,AN3,0323,-0.09,6.04,1.95,4.69,POS,3.57,2.61,1.42,77
DIST,4,AN0,C32D,2.95,0.00,1.95,2.38,AN1,8A94,2.95,5.89,1.95,3.37,AN2,189B,0.00,0.00,1.95,4.13,AN3,0323,-0.09,6.04,1.95,4.63,POS,3.59,2.63,1.47,77
DIST,4,AN0,C32D,2.95,0.00,1.95,2.44,AN1,8A94,2.95,5.89,1.95,3.37,AN2,189B,0.00,0.00,1.95,4.11,AN3,0323,-0.09,6.04,1.95,4.64,POS,3.57,2.63,1.50,75
DIST,4,AN0,C32D,2.95,0.00,1.95,2.40,AN1,8A94,2.95,5.89,1.95,3.38,AN2,189B,0.00,0.00,1.95,4.13,AN3,0323,-0.09,6.04,1.95,4.64,POS,3.58,2.64,1.48,77
DIST,4,AN0,C32D,2.95,0.00,1.95,2.41,AN1,8A94,2.95,5.89,1.95,3.35,AN2,189B,0.00,0.00,1.95,4.12,AN3,0323,-0.09,6.04,1.95,4.59,POS,3.59,2.66,1.50,77
DIST,4,AN0,C32D,2.95,0.00,1.95,2.37,AN1,8A94,2.95,5.89,1.95,3.35,AN2,189B,0.00,0.00,1.95,4.10,AN3,0323,-0.09,6.04,1.95,4.68,POS,3.59,2.65,1.45,77
DIST,4,AN0,C32D,2.95,0.00,1.95,2.37,AN1,8A94,2.95,5.89,1.95,3.41,AN2,189B,0.00,0.00,1.95,4.10,AN3,0323,-0.09,6.04,1.95,4.65,POS,3.60,2.65,1.45,77
DIST,4,AN0,C32D,2.95,0.00,1.95,2.40,AN1,8A94,2.95,5.89,1.95,3.35,AN2,189B,0.00,0.00,1.95,3.90,AN3,0323,-0.09,6.04,1.95,4.67,POS,3.47,2.60,1.47,68
DIST,4,AN0,C32D,2.95,0.00,1.95,2.44,AN1,8A94,2.95,5.89,1.95,3.34,AN2,189B,0.00,0.00,1.95,4.17,AN3,0323,-0.09,6.04,1.95,4.62,POS,3.51,2.63,1.49,78
DIST,4,AN0,C32D,2.95,0.00,1.95,2.48,AN1,8A94,2.95,5.89,1.95,3.31,AN2,189B,0.00,0.00,1.95,4.05,AN3,0323,-0.09,6.04,1.95,4.56,POS,3.48,2.64,1.46,74
DIST,4,AN0,C32D,2.95,0.00,1.95,2.52,AN1,8A94,2.95,5.89,1.95,3.33,AN2,189B,0.00,0.00,1.95,4.03,AN3,0323,-0.09,6.04,1.95,4.50,POS,3.44,2.66,1.41,73
DIST,4,AN0,C32D,2.95,0.00,1.95,2.56,AN1,8A94,2.95,5.89,1.95,3.28,AN2,189B,0.00,0.00,1.95,3.94,AN3,0323,-0.09,6.04,1.95,4.58,POS,3.34,2.65,1.41,68
DIST,4,AN0,C32D,2.95,0.00,1.95,2.55,AN1,8A94,2.95,5.89,1.95,3.24,AN2,189B,0.00,0.00,1.95,3.96,AN3,0323,-0.09,6.04,1.95,4.39,POS,3.30,2.67,1.36,72
DIST,4,AN0,C32D,2.95,0.00,1.95,2.66,AN1,8A94,2.95,5.89,1.95,3.18,AN2,189B,0.00,0.00,1.95,4.06,AN3,0323,-0.09,6.04,1.95,4.33,POS,3.28,2.72,1.34,73
DIST,4,AN0,C32D,2.95,0.00,1.95,2.73,AN1,8A94,2.95,5.89,1.95,3.10,AN2,189B,0.00,0.00,1.95,4.09,AN3,0323,-0.09,6.04,1.95,4.30,POS,3.25,2.77,1.44,72
DIST,4,AN0,C32D,2.95,0.00,1.95,2.80,AN1,8A94,2.95,5.89,1.95,2.96,AN2,189B,0.00,0.00,1.95,4.13,AN3,0323,-0.09,6.04,1.95,4.31,POS,3.19,2.79,1.46,70
DIST,4,AN0,C32D,2.95,0.00,1.95,2.98,AN1,8A94,2.95,5.89,1.95,2.88,AN2,189B,0.00,0.00,1.95,4.23,AN3,0323,-0.09,6.04,1.95,4.22,POS,3.11,2.84,1.40,71
DIST,4,AN0,C32D,2.95,0.00,1.95,3.06,AN1,8A94,2.95,5.89,1.95,2.76,AN2,189B,0.00,0.00,1.95,4.41,AN3,0323,-0.09,6.04,1.95,4.12,POS,3.16,2.95,1.38,73
DIST,4,AN0,8A94,2.95,5.89,1.95,2.65,AN1,C32D,2.95,0.00,1.95,3.16,AN2,189B,0.00,0.00,1.95,4.42,AN3,0323,-0.09,6.04,1.95,4.06,POS,3.09,3.02,1.38,70
DIST,4,AN0,8A94,2.95,5.89,1.95,2.55,AN1,C32D,2.95,0.00,1.95,3.26,AN2,189B,0.00,0.00,1.95,4.40,AN3,0323,-0.09,6.04,1.95,3.94,POS,3.07,3.11,1.36,67
DIST,4,AN0,8A94,2.95,5.89,1.95,2.47,AN1,C32D,2.95,0.00,1.95,3.33,AN2,0323,-0.09,6.04,1.95,3.86,AN3,189B,0.00,0.00,1.95,4.41,POS,3.02,3.18,1.37,73
DIST,4,AN0,8A94,2.95,5.89,1.95,2.39,AN1,C32D,2.95,0.00,1.95,3.42,AN2,0323,-0.09,6.04,1.95,3.81,AN3,189B,0.00,0.00,1.95,4.43,POS,2.97,3.26,1.40,75
DIST,4,AN0,8A94,2.95,5.89,1.95,2.36,AN1,C32D,2.95,0.00,1.95,3.47,AN2,0323,-0.09,6.04,1.95,3.77,AN3,189B,0.00,0.00,1.95,4.48,POS,2.93,3.33,1.49,76
DIST,4,AN0,8A94,2.95,5.89,1.95,2.21,AN1,C32D,2.95,0.00,1.95,3.59,AN2,0323,-0.09,6.04,1.95,3.68,AN3,189B,0.00,0.00,1.95,4.61,POS,2.91,3.41,1.48,75
DIST,4,AN0,8A94,2.95,5.89,1.95,2.15,AN1,C32D,2.95,0.00,1.95,3.74,AN2,0323,-0.09,6.04,1.95,3.60,AN3,189B,0.00,0.00,1.95,4.71,POS,2.92,3.53,1.41,69
DIST,4,AN0,8A94,2.95,5.89,1.95,2.04,AN1,C32D,2.95,0.00,1.95,3.84,AN2,0323,-0.09,6.04,1.95,3.55,AN3,189B,0.00,0.00,1.95,4.77,POS,2.89,3.61,1.37,74
DIST,4,AN0,8A94,2.95,5.89,1.95,1.94,AN1,C32D,2.95,0.00,1.95,3.85,AN2,0323,-0.09,6.04,1.95,3.53,AN3,189B,0.00,0.00,1.95,4.92,POS,2.87,3.69,1.39,79
DIST,4,AN0,8A94,2.95,5.89,1.95,1.85,AN1,C32D,2.95,0.00,1.95,3.93,AN2,0323,-0.09,6.04,1.95,3.46,AN3,189B,0.00,0.00,1.95,4.98,POS,2.85,3.77,1.42,79
DIST,4,AN0,8A94,2.95,5.89,1.95,1.79,AN1,0323,-0.09,6.04,1.95,3.50,AN2,C32D,2.95,0.00,1.95,3.98,AN3,189B,0.00,0.00,1.95,5.00,POS,2.86,3.84,1.44,78
DIST,4,AN0,8A94,2.95,5.89,1.95,1.75,AN1,0323,-0.09,6.04,1.95,3.37,AN2,C32D,2.95,0.00,1.95,3.95,AN3,189B,0.00,0.00,1.95,4.97,POS,2.83,3.89,1.56,79
DIST,4,AN0,8A94,2.95,5.89,1.95,1.79,AN1,0323,-0.09,6.04,1.95,3.40,AN2,C32D,2.95,0.00,1.95,4.03,AN3,189B,0.00,0.00,1.95,4.89,POS,2.82,3.94,1.52,80
DIST,4,AN0,8A94,2.95,5.89,1.95,1.78,AN1,0323,-0.09,6.04,1.95,3.35,AN2,C32D,2.95,0.00,1.95,4.01,AN3,189B,0.00,0.00,1.95,4.96,POS,2.79,3.97,1.52,79
DIST,4,AN0,8A94,2.95,5.89,1.95,1.77,AN1,0323,-0.09,6.04,1.95,3.41,AN2,C32D,2.95,0.00,1.95,4.02,AN3,189B,0.00,0.00,1.95,5.00,POS,2.79,4.00,1.50,80
DIST,4,AN0,8A94,2.95,5.89,1.95,1.81,AN1,0323,-0.09,6.04,1.95,3.41,AN2,C32D,2.95,0.00,1.95,4.01,AN3,189B,0.00,0.00,1.95,4.98,POS,2.78,4.02,1.48,80
DIST,3,AN0,0323,-0.09,6.04,1.95,3.45,AN1,C32D,2.95,0.00,1.95,4.00,AN2,189B,0.00,0.00,1.95,4.96,POS,2.83,4.06,1.48,82
DIST,4,AN0,8A94,2.95,5.89,1.95,1.71,AN1,0323,-0.09,6.04,1.95,3.46,AN2,C32D,2.95,0.00,1.95,4.05,AN3,189B,0.00,0.00,1.95,5.07,POS,2.85,4.07,1.50,79
DIST,4,AN0,8A94,2.95,5.89,1.95,1.78,AN1,0323,-0.09,6.04,1.95,3.47,AN2,C32D,2.95,0.00,1.95,4.06,AN3,189B,0.00,0.00,1.95,4.99,POS,2.86,4.08,1.46,74
DIST,3,AN0,8A94,2.95,5.89,1.95,1.71,AN1,C32D,2.95,0.00,1.95,4.09,AN2,189B,0.00,0.00,1.95,5.05,POS,2.90,4.10,1.45,91
DIST,4,AN0,8A94,2.95,5.89,1.95,1.73,AN1,0323,-0.09,6.04,1.95,3.49,AN2,C32D,2.95,0.00,1.95,4.04,AN3,189B,0.00,0.00,1.95,5.02,POS,2.91,4.11,1.46,75
DIST,4,AN0,8A94,2.95,5.89,1.95,1.70,AN1,0323,-0.09,6.04,1.95,3.50,AN2,C32D,2.95,0.00,1.95,4.05,AN3,189B,0.00,0.00,1.95,5.04,POS,2.93,4.11,1.49,76
DIST,4,AN0,8A94,2.95,5.89,1.95,1.69,AN1,0323,-0.09,6.04,1.95,3.44,AN2,C32D,2.95,0.00,1.95,4.02,AN3,189B,0.00,0.00,1.95,5.05,POS,2.92,4.11,1.55,80
DIST,4,AN0,8A94,2.95,5.89,1.95,1.72,AN1,0323,-0.09,6.04,1.95,3.49,AN2,C32D,2.95,0.00,1.95,4.08,AN3,189B,0.00,0.00,1.95,5.06,POS,2.93,4.12,1.52,73
DIST,4,AN0,8A94,2.95,5.89,1.95,1.75,AN1,0323,-0.09,6.04,1.95,3.45,AN2,C32D,2.95,0.00,1.95,3.98,AN3,189B,0.00,0.00,1.95,5.05,POS,2.90,4.11,1.55,80
DIST,4,AN0,8A94,2.95,5.89,1.95,1.78,AN1,0323,-0.09,6.04,1.95,3.48,AN2,C32D,2.95,0.00,1.95,4.02,AN3,189B,0.00,0.00,1.95,5.01,POS,2.94,4.13,1.52,71
DIST,4,AN0,8A94,2.95,5.89,1.95,1.76,AN1,0323,-0.09,6.04,1.95,3.49,AN2,C32D,2.95,0.00,1.95,3.99,AN3,189B,0.00,0.00,1.95,4.96,POS,2.93,4.11,1.53,78
DIST,4,AN0,8A94,2.95,5.89,1.95,1.76,AN1,0323,-0.09,6.04,1.95,3.49,AN2,C32D,2.95,0.00,1.95,3.99,AN3,189B,0.00,0.00,1.95,4.90,POS,2.92,4.10,1.54,80
DIST,4,AN0,8A94,2.95,5.89,1.95,1.80,AN1,0323,-0.09,6.04,1.95,3.51,AN2,C32D,2.95,0.00,1.95,3.94,AN3,189B,0.00,0.00,1.95,4.95,POS,2.93,4.08,1.55,77
DIST,4,AN0,8A94,2.95,5.89,1.95,1.79,AN1,0323,-0.09,6.04,1.95,3.48,AN2,C32D,2.95,0.00,1.95,3.92,AN3,189B,0.00,0.00,1.95,4.92,POS,2.91,4.07,1.60,80
DIST,4,AN0,8A94,2.95,5.89,1.95,1.89,AN1,0323,-0.09,6.04,1.95,3.48,AN2,C32D,2.95,0.00,1.95,3.91,AN3,189B,0.00,0.00,1.95,4.85,POS,2.89,4.04,1.56,78
DIST,4,AN0,8A94,2.95,5.89,1.95,1.86,AN1,0323,-0.09,6.04,1.95,3.47,AN2,C32D,2.95,0.00,1.95,3.88,AN3,189B,0.00,0.00,1.95,4.73,POS,2.86,4.02,1.58,79
DIST,4,AN0,8A94,2.95,5.89,1.95,1.86,AN1,0323,-0.09,6.04,1.95,3.41,AN2,C32D,2.95,0.00,1.95,3.89,AN3,189B,0.00,0.00,1.95,4.83,POS,2.83,4.01,1.59,79
DIST,4,AN0,8A94,2.95,5.89,1.95,1.84,AN1,0323,-0.09,6.04,1.95,3.39,AN2,C32D,2.95,0.00,1.95,3.89,AN3,189B,0.00,0.00,1.95,4.83,POS,2.80,4.00,1.63,79
DIST,4,AN0,8A94,2.95,5.89,1.95,1.77,AN1,0323,-0.09,6.04,1.95,3.35,AN2,C32D,2.95,0.00,1.95,3.97,AN3,189B,0.00,0.00,1.95,4.77,POS,2.78,4.02,1.64,79
DIST,4,AN0,8A94,2.95,5.89,1.95,1.78,AN1,0323,-0.09,6.04,1.95,3.34,AN2,C32D,2.95,0.00,1.95,3.94,AN3,189B,0.00,0.00,1.95,4.86,POS,2.76,4.02,1.69,79
DIST,4,AN0,8A94,2.95,5.89,1.95,1.78,AN1,0323,-0.09,6.04,1.95,3.34,AN2,C32D,2.95,0.00,1.95,4.01,AN3,189B,0.00,0.00,1.95,4.82,POS,2.74,4.04,1.68,80
DIST,4,AN0,8A94,2.95,5.89,1.95,1.76,AN1,0323,-0.09,6.04,1.95,3.33,AN2,C32D,2.95,0.00,1.95,3.89,AN3,189B,0.00,0.00,1.95,4.83,POS,2.80,4.07,1.62,74
DIST,4,AN0,8A94,2.95,5.89,1.95,1.87,AN1,0323,-0.09,6.04,1.95,3.32,AN2,C32D,2.95,0.00,1.95,3.88,AN3,189B,0.00,0.00,1.95,4.70,POS,2.77,4.04,1.66,78
DIST,4,AN0,8A94,2.95,5.89,1.95,1.87,AN1,0323,-0.09,6.04,1.95,3.27,AN2,C32D,2.95,0.00,1.95,3.87,AN3,189B,0.00,0.00,1.95,4.73,POS,2.78,4.06,1.54,72
DIST,4,AN0,8A94,2.95,5.89,1.95,1.86,AN1,0323,-0.09,6.04,1.95,3.20,AN2,C32D,2.95,0.00,1.95,3.92,AN3,189B,0.00,0.00,1.95,4.62,POS,2.71,4.04,1.59,78
DIST,4,AN0,8A94,2.95,5.89,1.95,1.88,AN1,0323,-0.09,6.04,1.95,3.10,AN2,C32D,2.95,0.00,1.95,3.97,AN3,189B,0.00,0.00,1.95,4.61,POS,2.63,4.03,1.61,78
DIST,4,AN0,8A94,2.95,5.89,1.95,1.85,AN1,0323,-0.09,6.04,1.95,3.01,AN2,C32D,2.95,0.00,1.95,4.00,AN3,189B,0.00,0.00,1.95,4.60,POS,2.57,4.05,1.53,78
DIST,4,AN0,8A94,2.95,5.89,1.95,1.87,AN1,0323,-0.09,6.04,1.95,2.93,AN2,C32D,2.95,0.00,1.95,4.04,AN3,189B,0.00,0.00,1.95,4.61,POS,2.51,4.08,1.50,79
DIST,4,AN0,8A94,2.95,5.89,1.95,1.90,AN1,0323,-0.09,6.04,1.95,2.88,AN2,C32D,2.95,0.00,1.95,4.07,AN3,189B,0.00,0.00,1.95,4.48,POS,2.42,4.09,1.43,70
DIST,4,AN0,8A94,2.95,5.89,1.95,1.95,AN1,0323,-0.09,6.04,1.95,2.85,AN2,C32D,2.95,0.00,1.95,3.96,AN3,189B,0.00,0.00,1.95,4.45,POS,2.37,4.09,1.47,78
DIST,4,AN0,8A94,2.95,5.89,1.95,2.04,AN1,0323,-0.09,6.04,1.95,2.78,AN2,C32D,2.95,0.00,1.95,4.02,AN3,189B,0.00,0.00,1.95,4.39,POS,2.27,4.08,1.42,76
DIST,4,AN0,8A94,2.95,5.89,1.95,2.08,AN1,0323,-0.09,6.04,1.95,2.73,AN2,C32D,2.95,0.00,1.95,3.98,AN3,189B,0.00,0.00,1.95,4.27,POS,2.18,4.06,1.39,80
DIST,4,AN0,8A94,2.95,5.89,1.95,2.10,AN1,0323,-0.09,6.04,1.95,2.65,AN2,C32D,2.95,0.00,1.95,3.95,AN3,189B,0.00,0.00,1.95,4.27,POS,2.12,4.06,1.33,75
DIST,4,AN0,8A94,2.95,5.89,1.95,2.11,AN1,0323,-0.09,6.04,1.95,2.51,AN2,C32D,2.95,0.00,1.95,4.04,AN3,189B,0.00,0.00,1.95,4.20,POS,2.01,4.05,1.40,89
DIST,4,AN0,8A94,2.95,5.89,1.95,2.14,AN1,0323,-0.09,6.04,1.95,2.43,AN2,C32D,2.95,0.00,1.95,4.13,AN3,189B,0.00,0.00,1.95,4.26,POS,1.90,4.06,1.41,87
DIST,4,AN0,8A94,2.95,5.89,1.95,2.17,AN1,0323,-0.09,6.04,1.95,2.36,AN2,C32D,2.95,0.00,1.95,4.22,AN3,189B,0.00,0.00,1.95,4.23,POS,1.80,4.08,1.39,86
DIST,4,AN0,8A94,2.95,5.89,1.95,2.20,AN1,0323,-0.09,6.04,1.95,2.29,AN2,C32D,2.95,0.00,1.95,4.19,AN3,189B,0.00,0.00,1.95,4.26,POS,1.70,4.08,1.43,89
DIST,4,AN0,8A94,2.95,5.89,1.95,2.25,AN1,0323,-0.09,6.04,1.95,2.32,AN2,C32D,2.95,0.00,1.95,4.19,AN3,189B,0.00,0.00,1.95,4.13,POS,1.62,4.08,1.43,87
DIST,4,AN0,8A94,2.95,5.89,1.95,2.26,AN1,0323,-0.09,6.04,1.95,2.30,AN2,C32D,2.95,0.00,1.95,4.15,AN3,189B,0.00,0.00,1.95,4.16,POS,1.59,4.08,1.54,94
DIST,4,AN0,8A94,2.95,5.89,1.95,2.31,AN1,0323,-0.09,6.04,1.95,2.33,AN2,C32D,2.95,0.00,1.95,4.13,AN3,189B,0.00,0.00,1.95,4.09,POS,1.54,4.07,1.55,90
DIST,4,AN0,8A94,2.95,5.89,1.95,2.28,AN1,0323,-0.09,6.04,1.95,2.33,AN2,C32D,2.95,0.00,1.95,4.14,AN3,189B,0.00,0.00,1.95,4.07,POS,1.50,4.06,1.55,89
DIST,4,AN0,8A94,2.95,5.89,1.95,2.30,AN1,0323,-0.09,6.04,1.95,2.37,AN2,C32D,2.95,0.00,1.95,4.15,AN3,189B,0.00,0.00,1.95,4.15,POS,1.48,4.06,1.52,88
DIST,4,AN0,8A94,2.95,5.89,1.95,2.28,AN1,0323,-0.09,6.04,1.95,2.32,AN2,C32D,2.95,0.00,1.95,4.21,AN3,189B,0.00,0.00,1.95,4.04,POS,1.42,4.07,1.45,79
DIST,4,AN0,8A94,2.95,5.89,1.95,2.26,AN1,0323,-0.09,6.04,1.95,2.37,AN2,189B,0.00,0.00,1.95,4.12,AN3,C32D,2.95,0.00,1.95,4.16,POS,1.42,4.06,1.44,87
DIST,4,AN0,8A94,2.95,5.89,1.95,2.24,AN1,0323,-0.09,6.04,1.95,2.30,AN2,189B,0.00,0.00,1.95,4.11,AN3,C32D,2.95,0.00,1.95,4.13,POS,1.42,4.06,1.46,89
DIST,4,AN0,8A94,2.95,5.89,1.95,2.28,AN1,0323,-0.09,6.04,1.95,2.28,AN2,189B,0.00,0.00,1.95,4.19,AN3,C32D,2.95,0.00,1.95,4.16,POS,1.40,4.06,1.50,89
DIST,4,AN0,8A94,2.95,5.89,1.95,2.28,AN1,0323,-0.09,6.04,1.95,2.31,AN2,189B,0.00,0.00,1.95,4.12,AN3,C32D,2.95,0.00,1.95,4.19,POS,1.39,4.06,1.48,87
DIST,4,AN0,8A94,2.95,5.89,1.95,2.28,AN1,0323,-0.09,6.04,1.95,2.26,AN2,189B,0.00,0.00,1.95,4.15,AN3,C32D,2.95,0.00,1.95,4.17,POS,1.40,4.08,1.41,81
DIST,4,AN0,8A94,2.95,5.89,1.95,2.27,AN1,0323,-0.09,6.04,1.95,2.31,AN2,189B,0.00,0.00,1.95,4.15,AN3,C32D,2.95,0.00,1.95,4.14,POS,1.42,4.09,1.35,81
DIST,4,AN0,8A94,2.95,5.89,1.95,2.26,AN1,0323,-0.09,6.04,1.95,2.31,AN2,189B,0.00,0.00,1.95,4.16,AN3,C32D,2.95,0.00,1.95,4.18,POS,1.42,4.09,1.39,89
DIST,4,AN0,8A94,2.95,5.89,1.95,2.28,AN1,0323,-0.09,6.04,1.95,2.31,AN2,189B,0.00,0.00,1.95,4.16,AN3,C32D,2.95,0.00,1.95,4.14,POS,1.44,4.10,1.34,82
DIST,4,AN0,8A94,2.95,5.89,1.95,2.25,AN1,0323,-0.09,6.04,1.95,2.27,AN2,189B,0.00,0.00,1.95,4.09,AN3,C32D,2.95,0.00,1.95,4.15,POS,1.42,4.09,1.41,90
DIST,4,AN0,8A94,2.95,5.89,1.95,2.28,AN1,0323,-0.09,6.04,1.95,2.23,AN2,189B,0.00,0.00,1.95,4.07,AN3,C32D,2.95,0.00,1.95,4.17,POS,1.40,4.08,1.53,91
DIST,4,AN0,8A94,2.95,5.89,1.95,2.27,AN1,0323,-0.09,6.04,1.95,2.28,AN2,189B,0.00,0.00,1.95,4.09,AN3,C32D,2.95,0.00,1.95,4.12,POS,1.39,4.08,1.45,82
DIST,4,AN0,8A94,2.95,5.89,1.95,2.27,AN1,0323,-0.09,6.04,1.95,2.29,AN2,189B,0.00,0.00,1.95,4.16,AN3,C32D,2.95,0.00,1.95,4.19,POS,1.39,4.09,1.48,89
DIST,4,AN0,8A94,2.95,5.89,1.95,2.28,AN1,0323,-0.09,6.04,1.95,2.32,AN2,189B,0.00,0.00,1.95,4.19,AN3,C32D,2.95,0.00,1.95,4.12,POS,1.44,4.10,1.42,83
DIST,4,AN0,8A94,2.95,5.89,1.95,2.26,AN1,0323,-0.09,6.04,1.95,2.35,AN2,189B,0.00,0.00,1.95,4.13,AN3,C32D,2.95,0.00,1.95,4.17,POS,1.43,4.09,1.41,87
DIST,4,AN0,8A94,2.95,5.89,1.95,2.27,AN1,0323,-0.09,6.04,1.95,2.33,AN2,189B,0.00,0.00,1.95,4.16,AN3,C32D,2.95,0.00,1.95,4.19,POS,1.43,4.09,1.42,87
DIST,4,AN0,8A94,2.95,5.89,1.95,2.27,AN1,0323,-0.09,6.04,1.95,2.31,AN2,189B,0.00,0.00,1.95,4.20,AN3,C32D,2.95,0.00,1.95,4.21,POS,1.42,4.10,1.44,88
DIST,4,AN0,8A94,2.95,5.89,1.95,2.28,AN1,0323,-0.09,6.04,1.95,2.30,AN2,189B,0.00,0.00,1.95,4.10,AN3,C32D,2.95,0.00,1.95,4.13,POS,1.42,4.09,1.44,88
DIST,4,AN0,8A94,2.95,5.89,1.95,2.30,AN1,0323,-0.09,6.04,1.95,2.34,AN2,189B,0.00,0.00,1.95,4.10,AN3,C32D,2.95,0.00,1.95,4.14,POS,1.41,4.08,1.47,89
DIST,4,AN0,8A94,2.95,5.89,1.95,2.34,AN1,0323,-0.09,6.04,1.95,2.33,AN2,189B,0.00,0.00,1.95,4.07,AN3,C32D,2.95,0.00,1.95,4.12,POS,1.40,4.06,1.52,91
DIST,4,AN0,8A94,2.95,5.89,1.95,2.38,AN1,0323,-0.09,6.04,1.95,2.32,AN2,189B,0.00,0.00,1.95,4.04,AN3,C32D,2.95,0.00,1.95,4.11,POS,1.38,4.05,1.55,90
DIST,4,AN0,8A94,2.95,5.89,1.95,2.38,AN1,0323,-0.09,6.04,1.95,2.33,AN2,189B,0.00,0.00,1.95,3.96,AN3,C32D,2.95,0.00,1.95,4.09,POS,1.36,4.02,1.57,90
DIST,4,AN0,8A94,2.95,5.89,1.95,2.48,AN1,0323,-0.09,6.04,1.95,2.28,AN2,189B,0.00,0.00,1.95,3.95,AN3,C32D,2.95,0.00,1.95,4.16,POS,1.31,4.00,1.55,86
DIST,4,AN0,0323,-0.09,6.04,1.95,2.23,AN1,8A94,2.95,5.89,1.95,2.52,AN2,189B,0.00,0.00,1.95,3.93,AN3,C32D,2.95,0.00,1.95,4.20,POS,1.25,3.99,1.56,84
DIST,4,AN0,0323,-0.09,6.04,1.95,2.14,AN1,8A94,2.95,5.89,1.95,2.57,AN2,189B,0.00,0.00,1.95,3.87,AN3,C32D,2.95,0.00,1.95,4.22,POS,1.18,3.99,1.46,74
DIST,4,AN0,0323,-0.09,6.04,1.95,2.13,AN1,8A94,2.95,5.89,1.95,2.67,AN2,189B,0.00,0.00,1.95,3.86,AN3,C32D,2.95,0.00,1.95,4.26,POS,1.10,3.98,1.51,81
DIST,4,AN0,0323,-0.09,6.04,1.95,2.08,AN1,8A94,2.95,5.89,1.95,2.64,AN2,189B,0.00,0.00,1.95,3.85,AN3,C32D,2.95,0.00,1.95,4.32,POS,1.03,3.99,1.46,72
DIST,4,AN0,0323,-0.09,6.04,1.95,2.05,AN1,8A94,2.95,5.89,1.95,2.76,AN2,189B,0.00,0.00,1.95,3.86,AN3,C32D,2.95,0.00,1.95,4.33,POS,0.96,3.99,1.54,77
DIST,4,AN0,0323,-0.09,6.04,1.95,2.02,AN1,8A94,2.95,5.89,1.95,2.84,AN2,189B,0.00,0.00,1.95,3.79,AN3,C32D,2.95,0.00,1.95,4.46,POS,0.84,4.00,1.51,78
DIST,4,AN0,0323,-0.09,6.04,1.95,2.03,AN1,8A94,2.95,5.89,1.95,2.92,AN2,189B,0.00,0.00,1.95,3.79,AN3,C32D,2.95,0.00,1.95,4.44,POS,0.76,3.99,1.56,77
DIST,4,AN0,0323,-0.09,6.04,1.95,2.03,AN1,8A94,2.95,5.89,1.95,2.97,AN2,189B,0.00,0.00,1.95,3.82,AN3,C32D,2.95,0.00,1.95,4.49,POS,0.69,3.98,1.53,78
DIST,4,AN0,0323,-0.09,6.04,1.95,1.97,AN1,8A94,2.95,5.89,1.95,3.04,AN2,189B,0.00,0.00,1.95,3.84,AN3,C32D,2.95,0.00,1.95,4.62,POS,0.61,3.98,1.50,78
DIST,4,AN0,0323,-0.09,6.04,1.95,1.87,AN1,8A94,2.95,5.89,1.95,3.14,AN2,189B,0.00,0.00,1.95,3.85,AN3,C32D,2.95,0.00,1.95,4.69,POS,0.51,3.99,1.52,79
DIST,4,AN0,0323,-0.09,6.04,1.95,1.85,AN1,8A94,2.95,5.89,1.95,3.24,AN2,189B,0.00,0.00,1.95,3.93,AN3,C32D,2.95,0.00,1.95,4.69,POS,0.39,3.99,1.47,76
DIST,4,AN0,0323,-0.09,6.04,1.95,1.84,AN1,8A94,2.95,5.89,1.95,3.27,AN2,189B,0.00,0.00,1.95,3.89,AN3,C32D,2.95,0.00,1.95,4.82,POS,0.30,4.01,1.47,79
DIST,4,AN0,0323,-0.09,6.04,1.95,1.90,AN1,8A94,2.95,5.89,1.95,3.28,AN2,189B,0.00,0.00,1.95,3.90,AN3,C32D,2.95,0.00,1.95,4.81,POS,0.25,4.02,1.43,77
DIST,4,AN0,0323,-0.09,6.04,1.95,1.87,AN1,8A94,2.95,5.89,1.95,3.31,AN2,189B,0.00,0.00,1.95,3.88,AN3,C32D,2.95,0.00,1.95,4.83,POS,0.19,4.03,1.43,77
DIST,4,AN0,0323,-0.09,6.04,1.95,1.88,AN1,8A94,2.95,5.89,1.95,3.27,AN2,189B,0.00,0.00,1.95,3.88,AN3,C32D,2.95,0.00,1.95,4.75,POS,0.17,4.03,1.42,80
DIST,4,AN0,0323,-0.09,6.04,1.95,1.90,AN1,8A94,2.95,5.89,1.95,3.28,AN2,189B,0.00,0.00,1.95,3.81,AN3,C32D,2.95,0.00,1.95,4.74,POS,0.14,4.02,1.45,80
DIST,4,AN0,0323,-0.09,6.04,1.95,1.85,AN1,8A94,2.95,5.89,1.95,3.33,AN2,189B,0.00,0.00,1.95,3.91,AN3,C32D,2.95,0.00,1.95,4.79,POS,0.13,4.03,1.44,80
DIST,4,AN0,0323,-0.09,6.04,1.95,1.81,AN1,8A94,2.95,5.89,1.95,3.27,AN2,189B,0.00,0.00,1.95,3.85,AN3,C32D,2.95,0.00,1.95,4.80,POS,0.10,4.03,1.52,80
DIST,4,AN0,0323,-0.09,6.04,1.95,1.84,AN1,8A94,2.95,5.89,1.95,3.25,AN2,189B,0.00,0.00,1.95,3.85,AN3,C32D,2.95,0.00,1.95,4.84,POS,0.07,4.03,1.54,80
DIST,4,AN0,0323,-0.09,6.04,1.95,1.85,AN1,8A94,2.95,5.89,1.95,3.30,AN2,189B,0.00,0.00,1.95,3.91,AN3,C32D,2.95,0.00,1.95,4.85,POS,0.06,4.04,1.52,78
DIST,4,AN0,0323,-0.09,6.04,1.95,1.85,AN1,8A94,2.95,5.89,1.95,3.31,AN2,189B,0.00,0.00,1.95,3.81,AN3,C32D,2.95,0.00,1.95,4.83,POS,0.03,4.03,1.56,80
DIST,4,AN0,0323,-0.09,6.04,1.95,1.91,AN1,8A94,2.95,5.89,1.95,3.42,AN2,189B,0.00,0.00,1.95,3.88,AN3,C32D,2.95,0.00,1.95,4.92,POS,-0.00,4.03,1.50,71
DIST,4,AN0,0323,-0.09,6.04,1.95,1.91,AN1,8A94,2.95,5.89,1.95,3.49,AN2,189B,0.00,0.00,1.95,3.88,AN3,C32D,2.95,0.00,1.95,4.96,POS,-0.05,4.04,1.49,70
DIST,4,AN0,0323,-0.09,6.04,1.95,1.92,AN1,8A94,2.95,5.89,1.95,3.51,AN2,189B,0.00,0.00,1.95,3.88,AN3,C32D,2.95,0.00,1.95,5.05,POS,-0.08,4.03,1.44,68
DIST,4,AN0,0323,-0.09,6.04,1.95,1.90,AN1,8A94,2.95,5.89,1.95,3.45,AN2,189B,0.00,0.00,1.95,3.90,AN3,C32D,2.95,0.00,1.95,5.04,POS,-0.09,4.04,1.41,70
DIST,4,AN0,0323,-0.09,6.04,1.95,1.87,AN1,8A94,2.95,5.89,1.95,3.46,AN2,189B,0.00,0.00,1.95,3.94,AN3,C32D,2.95,0.00,1.95,4.99,POS,-0.11,4.05,1.39,69
DIST,4,AN0,0323,-0.09,6.04,1.95,1.92,AN1,189B,0.00,0.00,1.95,3.93,AN2,8A94,2.95,5.89,1.95,3.43,AN3,C32D,2.95,0.00,1.95,4.97,POS,-0.10,4.04,1.50,79
DIST,4,AN0,0323,-0.09,6.04,1.95,1.93,AN1,189B,0.00,0.00,1.95,3.88,AN2,8A94,2.95,5.89,1.95,3.36,AN3,C32D,2.95,0.00,1.95,4.91,POS,-0.09,4.04,1.45,71
DIST,4,AN0,0323,-0.09,6.04,1.95,1.95,AN1,189B,0.00,0.00,1.95,3.88,AN2,8A94,2.95,5.89,1.95,3.37,AN3,C32D,2.95,0.00,1.95,4.93,POS,-0.12,4.06,1.41,68
DIST,4,AN0,0323,-0.09,6.04,1.95,1.99,AN1,189B,0.00,0.00,1.95,3.82,AN2,8A94,2.95,5.89,1.95,3.38,AN3,C32D,2.95,0.00,1.95,4.89,POS,-0.08,4.04,1.38,74
DIST,4,AN0,0323,-0.09,6.04,1.95,1.99,AN1,8A94,2.95,5.89,1.95,3.37,AN2,189B,0.00,0.00,1.95,3.81,AN3,C32D,2.95,0.00,1.95,4.87,POS,-0.11,4.04,1.39,70
DIST,4,AN0,0323,-0.09,6.04,1.95,2.02,AN1,189B,0.00,0.00,1.95,3.80,AN2,8A94,2.95,5.89,1.95,3.39,AN3,C32D,2.95,0.00,1.95,4.84,POS,-0.09,4.02,1.35,71
DIST,4,AN0,0323,-0.09,6.04,1.95,2.02,AN1,189B,0.00,0.00,1.95,3.76,AN2,8A94,2.95,5.89,1.95,3.35,AN3,C32D,2.95,0.00,1.95,4.81,POS,-0.11,4.02,1.37,72
DIST,4,AN0,0323,-0.09,6.04,1.95,2.05,AN1,189B,0.00,0.00,1.95,3.76,AN2,8A94,2.95,5.89,1.95,3.40,AN3,C32D,2.95,0.00,1.95,4.83,POS,-0.07,3.99,1.35,75
DIST,4,AN0,0323,-0.09,6.04,1.95,2.15,AN1,8A94,2.95,5.89,1.95,3.53,AN2,189B,0.00,0.00,1.95,3.65,AN3,C32D,2.95,0.00,1.95,4.78,POS,-0.11,3.97,1.34,65
DIST,4,AN0,0323,-0.09,6.04,1.95,2.27,AN1,189B,0.00,0.00,1.95,3.58,AN2,8A94,2.95,5.89,1.95,3.66,AN3,C32D,2.95,0.00,1.95,4.75,POS,-0.10,3.89,1.46,76
DIST,4,AN0,0323,-0.09,6.04,1.95,2.37,AN1,189B,0.00,0.00,1.95,3.41,AN2,8A94,2.95,5.89,1.95,3.73,AN3,C32D,2.95,0.00,1.95,4.57,POS,-0.12,3.81,1.44,68
DIST,4,AN0,0323,-0.09,6.04,1.95,2.52,AN1,189B,0.00,0.00,1.95,3.29,AN2,8A94,2.95,5.89,1.95,3.75,AN3,C32D,2.95,0.00,1.95,4.50,POS,-0.14,3.74,1.39,65
DIST,4,AN0,0323,-0.09,6.04,1.95,2.63,AN1,189B,0.00,0.00,1.95,3.19,AN2,8A94,2.95,5.89,1.95,3.81,AN3,C32D,2.95,0.00,1.95,4.45,POS,-0.11,3.63,1.34,68
DIST,4,AN0,0323,-0.09,6.04,1.95,2.75,AN1,189B,0.00,0.00,1.95,3.07,AN2,8A94,2.95,5.89,1.95,3.89,AN3,C32D,2.95,0.00,1.95,4.38,POS,-0.08,3.52,1.31,67
DIST,4,AN0,0323,-0.09,6.04,1.95,2.84,AN1,189B,0.00,0.00,1.95,2.91,AN2,8A94,2.95,5.89,1.95,3.93,AN3,C32D,2.95,0.00,1.95,4.20,POS,-0.11,3.43,1.32,69
DIST,4,AN0,0323,-0.09,6.04,1.95,2.96,AN1,189B,0.00,0.00,1.95,2.82,AN2,8A94,2.95,5.89,1.95,4.08,AN3,C32D,2.95,0.00,1.95,4.01,POS,-0.09,3.29,1.39,70
DIST,4,AN0,0323,-0.09,6.04,1.95,3.11,AN1,189B,0.00,0.00,1.95,2.69,AN2,8A94,2.95,5.89,1.95,4.10,AN3,C32D,2.95,0.00,1.95,3.96,POS,-0.07,3.17,1.36,70
DIST,4,AN0,0323,-0.09,6.04,1.95,3.24,AN1,189B,0.00,0.00,1.95,2.57,AN2,8A94,2.95,5.89,1.95,4.24,AN3,C32D,2.95,0.00,1.95,4.07,POS,-0.06,3.05,1.33,68
DIST,4,AN0,0323,-0.09,6.04,1.95,3.33,AN1,189B,0.00,0.00,1.95,2.49,AN2,8A94,2.95,5.89,1.95,4.34,AN3,C32D,2.95,0.00,1.95,3.92,POS,-0.07,2.95,1.36,68
DIST,4,AN0,189B,0.00,0.00,1.95,2.45,AN1,0323,-0.09,6.04,1.95,3.31,AN2,8A94,2.95,5.89,1.95,4.34,AN3,C32D,2.95,0.00,1.95,3.93,POS,-0.09,2.85,1.35,69
DIST,4,AN0,189B,0.00,0.00,1.95,2.44,AN1,0323,-0.09,6.04,1.95,3.35,AN2,C32D,2.95,0.00,1.95,3.87,AN3,8A94,2.95,5.89,1.95,4.37,POS,-0.10,2.78,1.33,68
DIST,4,AN0,189B,0.00,0.00,1.95,2.43,AN1,0323,-0.09,6.04,1.95,3.39,AN2,C32D,2.95,0.00,1.95,3.83,AN3,8A94,2.95,5.89,1.95,4.46,POS,-0.11,2.70,1.37,67
DIST,4,AN0,189B,0.00,0.00,1.95,2.38,AN1,0323,-0.09,6.04,1.95,3.37,AN2,C32D,2.95,0.00,1.95,3.81,AN3,8A94,2.95,5.89,1.95,4.41,POS,-0.11,2.65,1.40,67
DIST,4,AN0,189B,0.00,0.00,1.95,2.38,AN1,0323,-0.09,6.04,1.95,3.39,AN2,C32D,2.95,0.00,1.95,3.88,AN3,8A94,2.95,5.89,1.95,4.37,POS,-0.09,2.62,1.38,68
DIST,4,AN0,189B,0.00,0.00,1.95,2.37,AN1,0323,-0.09,6.04,1.95,3.40,AN2,C32D,2.95,0.00,1.95,3.85,AN3,8A94,2.95,5.89,1.95,4.38,POS,-0.10,2.59,1.37,67
DIST,4,AN0,189B,0.00,0.00,1.95,2.38,AN1,0323,-0.09,6.04,1.95,3.40,AN2,C32D,2.95,0.00,1.95,3.85,AN3,8A94,2.95,5.89,1.95,4.38,POS,-0.11,2.56,1.36,67
DIST,4,AN0,189B,0.00,0.00,1.95,2.39,AN1,0323,-0.09,6.04,1.95,3.40,AN2,C32D,2.95,0.00,1.95,3.85,AN3,8A94,2.95,5.89,1.95,4.37,POS,-0.11,2.55,1.34,67
DIST,4,AN0,189B,0.00,0.00,1.95,2.39,AN1,0323,-0.09,6.04,1.95,3.38,AN2,C32D,2.95,0.00,1.95,3.85,AN3,8A94,2.95,5.89,1.95,4.43,POS,-0.12,2.54,1.34,68
DIST,4,AN0,189B,0.00,0.00,1.95,2.39,AN1,0323,-0.09,6.04,1.95,3.40,AN2,C32D,2.95,0.00,1.95,3.89,AN3,8A94,2.95,5.89,1.95,4.47,POS,-0.14,2.54,1.35,69
DIST,4,AN0,189B,0.00,0.00,1.95,2.41,AN1,0323,-0.09,6.04,1.95,3.39,AN2,C32D,2.95,0.00,1.95,3.87,AN3,8A94,2.95,5.89,1.95,4.45,POS,-0.15,2.53,1.33,69
DIST,4,AN0,189B,0.00,0.00,1.95,2.37,AN1,0323,-0.09,6.04,1.95,3.37,AN2,C32D,2.95,0.00,1.95,3.83,AN3,8A94,2.95,5.89,1.95,4.35,POS,-0.14,2.53,1.35,67
DIST,4,AN0,189B,0.00,0.00,1.95,2.39,AN1,0323,-0.09,6.04,1.95,3.35,AN2,C32D,2.95,0.00,1.95,3.89,AN3,8A94,2.95,5.89,1.95,4.39,POS,-0.15,2.53,1.37,68
DIST,4,AN0,189B,0.00,0.00,1.95,2.37,AN1,0323,-0.09,6.04,1.95,3.39,AN2,C32D,2.95,0.00,1.95,3.85,AN3,8A94,2.95,5.89,1.95,4.36,POS,-0.12,2.52,1.37,68
DIST,4,AN0,189B,0.00,0.00,1.95,2.33,AN1,0323,-0.09,6.04,1.95,3.37,AN2,C32D,2.95,0.00,1.95,3.80,AN3,8A94,2.95,5.89,1.95,4.46,POS,-0.14,2.51,1.41,68
DIST,4,AN0,189B,0.00,0.00,1.95,2.37,AN1,0323,-0.09,6.04,1.95,3.41,AN2,C32D,2.95,0.00,1.95,3.80,AN3,8A94,2.95,5.89,1.95,4.38,POS,-0.12,2.51,1.39,67
DIST,4,AN0,189B,0.00,0.00,1.95,2.36,AN1,0323,-0.09,6.04,1.95,3.44,AN2,C32D,2.95,0.00,1.95,3.81,AN3,8A94,2.95,5.89,1.95,4.39,POS,-0.12,2.50,1.36,66
DIST,4,AN0,189B,0.00,0.00,1.95,2.28,AN1,0323,-0.09,6.04,1.95,3.48,AN2,C32D,2.95,0.00,1.95,3.76,AN3,8A94,2.95,5.89,1.95,4.48,POS,-0.12,2.48,1.37,66
DIST,4,AN0,189B,0.00,0.00,1.95,2.29,AN1,0323,-0.09,6.04,1.95,3.54,AN2,C32D,2.95,0.00,1.95,3.74,AN3,8A94,2.95,5.89,1.95,4.43,POS,-0.09,2.45,1.33,67
DIST,4,AN0,189B,0.00,0.00,1.95,2.17,AN1,0323,-0.09,6.04,1.95,3.56,AN2,C32D,2.95,0.00,1.95,3.64,AN3,8A94,2.95,5.89,1.95,4.52,POS,-0.09,2.41,1.39,71
DIST,4,AN0,189B,0.00,0.00,1.95,2.15,AN1,0323,-0.09,6.04,1.95,3.61,AN2,C32D,2.95,0.00,1.95,3.63,AN3,8A94,2.95,5.89,1.95,4.62,POS,-0.10,2.38,1.39,66
DIST,4,AN0,189B,0.00,0.00,1.95,2.08,AN1,0323,-0.09,6.04,1.95,3.72,AN2,C32D,2.95,0.00,1.95,3.58,AN3,8A94,2.95,5.89,1.95,4.86,POS,-0.09,2.33,1.36,67
DIST,4,AN0,189B,0.00,0.00,1.95,2.02,AN1,0323,-0.09,6.04,1.95,3.81,AN2,C32D,2.95,0.00,1.95,3.53,AN3,8A94,2.95,5.89,1.95,4.92,POS,-0.08,2.27,1.32,66
DIST,4,AN0,189B,0.00,0.00,1.95,1.88,AN1,0323,-0.09,6.04,1.95,3.89,AN2,8A94,2.95,5.89,1.95,4.98,AN3,C32D,2.95,0.00,1.95,3.53,POS,-0.09,2.20,1.33,67
DIST,4,AN0,189B,0.00,0.00,1.95,1.80,AN1,0323,-0.09,6.04,1.95,4.05,AN2,C32D,2.95,0.00,1.95,3.48,AN3,8A94,2.95,5.89,1.95,5.03,POS,-0.15,2.09,1.33,63
DIST,4,AN0,189B,0.00,0.00,1.95,1.69,AN1,0323,-0.09,6.04,1.95,4.09,AN2,C32D,2.95,0.00,1.95,3.40,AN3,8A94,2.95,5.89,1.95,5.15,POS,-0.14,2.01,1.34,67
DIST,4,AN0,189B,0.00,0.00,1.95,1.62,AN1,0323,-0.09,6.04,1.95,4.17,AN2,C32D,2.95,0.00,1.95,3.34,AN3,8A94,2.95,5.89,1.95,5.14,POS,-0.12,1.94,1.34,70
DIST,4,AN0,189B,0.00,0.00,1.95,1.50,AN1,0323,-0.09,6.04,1.95,4.27,AN2,C32D,2.95,0.00,1.95,3.39,AN3,8A94,2.95,5.89,1.95,5.22,POS,-0.16,1.85,1.36,62
DIST,4,AN0,189B,0.00,0.00,1.95,1.39,AN1,0323,-0.09,6.04,1.95,4.46,AN2,C32D,2.95,0.00,1.95,3.15,AN3,8A94,2.95,5.89,1.95,5.15,POS,-0.10,1.76,1.49,81
DIST,4,AN0,189B,0.00,0.00,1.95,1.29,AN1,0323,-0.09,6.04,1.95,4.52,AN2,C32D,2.95,0.00,1.95,3.30,AN3,8A94,2.95,5.89,1.95,5.19,POS,-0.15,1.69,1.48,61
DIST,4,AN0,189B,0.00,0.00,1.95,1.19,AN1,0323,-0.09,6.04,1.95,4.64,AN2,C32D,2.95,0.00,1.95,3.24,AN3,8A94,2.95,5.89,1.95,5.34,POS,-0.11,1.58,1.44,69
DIST,4,AN0,189B,0.00,0.00,1.95,1.12,AN1,0323,-0.09,6.04,1.95,4.70,AN2,C32D,2.95,0.00,1.95,3.28,AN3,8A94,2.95,5.89,1.95,5.43,POS,-0.10,1.48,1.41,66
DIST,4,AN0,189B,0.00,0.00,1.95,1.03,AN1,0323,-0.09,6.04,1.95,4.76,AN2,C32D,2.95,0.00,1.95,3.17,AN3,8A94,2.95,5.89,1.95,5.50,POS,-0.11,1.40,1.45,68
DIST,4,AN0,189B,0.00,0.00,1.95,1.01,AN1,0323,-0.09,6.04,1.95,4.79,AN2,C32D,2.95,0.00,1.95,3.11,AN3,8A94,2.95,5.89,1.95,5.38,POS,-0.13,1.34,1.45,64
DIST,4,AN0,189B,0.00,0.00,1.95,1.04,AN1,0323,-0.09,6.04,1.95,4.75,AN2,C32D,2.95,0.00,1.95,3.10,AN3,8A94,2.95,5.89,1.95,5.42,POS,-0.10,1.29,1.44,72
DIST,4,AN0,189B,0.00,0.00,1.95,1.04,AN1,0323,-0.09,6.04,1.95,4.68,AN2,C32D,2.95,0.00,1.95,3.10,AN3,8A94,2.95,5.89,1.95,5.31,POS,-0.11,1.28,1.46,69
DIST,4,AN0,189B,0.00,0.00,1.95,1.06,AN1,0323,-0.09,6.04,1.95,4.69,AN2,C32D,2.95,0.00,1.95,3.09,AN3,8A94,2.95,5.89,1.95,5.43,POS,-0.10,1.25,1.46,71
DIST,4,AN0,189B,0.00,0.00,1.95,1.03,AN1,0323,-0.09,6.04,1.95,4.76,AN2,C32D,2.95,0.00,1.95,3.07,AN3,8A94,2.95,5.89,1.95,5.41,POS,-0.07,1.22,1.46,73
DIST,4,AN0,189B,0.00,0.00,1.95,0.99,AN1,0323,-0.09,6.04,1.95,4.74,AN2,8A94,2.95,5.89,1.95,5.43,AN3,C32D,2.95,0.00,1.95,2.99,POS,-0.06,1.19,1.48,76
DIST,4,AN0,189B,0.00,0.00,1.95,1.04,AN1,0323,-0.09,6.04,1.95,4.78,AN2,8A94,2.95,5.89,1.95,5.43,AN3,C32D,2.95,0.00,1.95,3.07,POS,-0.04,1.17,1.45,71
DIST,4,AN0,189B,0.00,0.00,1.95,1.02,AN1,0323,-0.09,6.04,1.95,4.78,AN2,8A94,2.95,5.89,1.95,5.48,AN3,C32D,2.95,0.00,1.95,3.03,POS,-0.04,1.15,1.44,69
DIST,4,AN0,189B,0.00,0.00,1.95,0.97,AN1,0323,-0.09,6.04,1.95,4.76,AN2,8A94,2.95,5.89,1.95,5.43,AN3,C32D,2.95,0.00,1.95,3.05,POS,-0.03,1.13,1.46,76
DIST,4,AN0,189B,0.00,0.00,1.95,1.02,AN1,0323,-0.09,6.04,1.95,4.71,AN2,8A94,2.95,5.89,1.95,5.38,AN3,C32D,2.95,0.00,1.95,3.05,POS,-0.02,1.14,1.48,78
DIST,4,AN0,189B,0.00,0.00,1.95,0.95,AN1,0323,-0.09,6.04,1.95,4.78,AN2,8A94,2.95,5.89,1.95,5.41,AN3,C32D,2.95,0.00,1.95,2.99,POS,0.00,1.12,1.51,81
DIST,4,AN0,189B,0.00,0.00,1.95,1.01,AN1,C32D,2.95,0.00,1.95,3.07,AN2,0323,-0.09,6.04,1.95,4.76,AN3,8A94,2.95,5.89,1.95,5.50,POS,-0.02,1.12,1.52,71
DIST,4,AN0,189B,0.00,0.00,1.95,0.93,AN1,0323,-0.09,6.04,1.95,4.83,AN2,8A94,2.95,5.89,1.95,5.44,AN3,C32D,2.95,0.00,1.95,3.06,POS,-0.06,1.11,1.50,65
DIST,4,AN0,189B,0.00,0.00,1.95,0.97,AN1,0323,-0.09,6.04,1.95,4.83,AN2,8A94,2.95,5.89,1.95,5.44,AN3,C32D,2.95,0.00,1.95,2.98,POS,-0.02,1.10,1.48,75
DIST,4,AN0,189B,0.00,0.00,1.95,0.96,AN1,0323,-0.09,6.04,1.95,4.83,AN2,8A94,2.95,5.89,1.95,5.45,AN3,C32D,2.95,0.00,1.95,3.04,POS,0.01,1.08,1.47,76
DIST,4,AN0,189B,0.00,0.00,1.95,1.00,AN1,C32D,2.95,0.00,1.95,3.03,AN2,0323,-0.09,6.04,1.95,4.81,AN3,8A94,2.95,5.89,1.95,5.42,POS,0.04,1.08,1.46,77
DIST,4,AN0,189B,0.00,0.00,1.95,0.95,AN1,C32D,2.95,0.00,1.95,3.02,AN2,0323,-0.09,6.04,1.95,4.82,AN3,8A94,2.95,5.89,1.95,5.44,POS,0.05,1.07,1.46,79
DIST,4,AN0,189B,0.00,0.00,1.95,1.02,AN1,C32D,2.95,0.00,1.95,3.05,AN2,0323,-0.09,6.04,1.95,4.77,AN3,8A94,2.95,5.89,1.95,5.45,POS,0.03,1.08,1.45,70
DIST,4,AN0,189B,0.00,0.00,1.95,0.91,AN1,C32D,2.95,0.00,1.95,3.00,AN2,0323,-0.09,6.04,1.95,4.80,AN3,8A94,2.95,5.89,1.95,5.43,POS,0.03,1.07,1.49,81
DIST,4,AN0,189B,0.00,0.00,1.95,0.96,AN1,C32D,2.95,0.00,1.95,3.02,AN2,0323,-0.09,6.04,1.95,4.85,AN3,8A94,2.95,5.89,1.95,5.41,POS,0.08,1.06,1.48,81
DIST,4,AN0,189B,0.00,0.00,1.95,0.96,AN1,C32D,2.95,0.00,1.95,3.02,AN2,0323,-0.09,6.04,1.95,4.74,AN3,8A94,2.95,5.89,1.95,5.40,POS,0.06,1.07,1.52,80
DIST,4,AN0,189B,0.00,0.00,1.95,0.98,AN1,C32D,2.95,0.00,1.95,2.98,AN2,0323,-0.09,6.04,1.95,4.83,AN3,8A94,2.95,5.89,1.95,5.42,POS,0.08,1.07,1.50,79
DIST,4,AN0,189B,0.00,0.00,1.95,0.97,AN1,C32D,2.95,0.00,1.95,3.02,AN2,0323,-0.09,6.04,1.95,4.81,AN3,8A94,2.95,5.89,1.95,5.41,POS,0.09,1.07,1.49,79
DIST,4,AN0,189B,0.00,0.00,1.95,0.96,AN1,C32D,2.95,0.00,1.95,3.02,AN2,0323,-0.09,6.04,1.95,4.82,AN3,8A94,2.95,5.89,1.95,5.47,POS,0.07,1.07,1.51,77
DIST,4,AN0,189B,0.00,0.00,1.95,0.98,AN1,C32D,2.95,0.00,1.95,3.02,AN2,0323,-0.09,6.04,1.95,4.77,AN3,8A94,2.95,5.89,1.95,5.40,POS,0.06,1.08,1.51,78
DIST,4,AN0,189B,0.00,0.00,1.95,1.01,AN1,C32D,2.95,0.00,1.95,3.03,AN2,0323,-0.09,6.04,1.95,4.83,AN3,8A94,2.95,5.89,1.95,5.40,POS,0.10,1.07,1.48,78
DIST,4,AN0,189B,0.00,0.00,1.95,0.98,AN1,C32D,2.95,0.00,1.95,3.05,AN2,0323,-0.09,6.04,1.95,4.72,AN3,8A94,2.95,5.89,1.95,5.43,POS,0.06,1.08,1.51,75
DIST,4,AN0,189B,0.00,0.00,1.95,0.96,AN1,C32D,2.95,0.00,1.95,3.03,AN2,0323,-0.09,6.04,1.95,4.80,AN3,8A94,2.95,5.89,1.95,5.45,POS,0.05,1.08,1.51,76
DIST,4,AN0,189B,0.00,0.00,1.95,0.99,AN1,C32D,2.95,0.00,1.95,3.07,AN2,0323,-0.09,6.04,1.95,4.72,AN3,8A94,2.95,5.89,1.95,5.41,POS,0.02,1.09,1.53,76
DIST,4,AN0,189B,0.00,0.00,1.95,1.03,AN1,C32D,2.95,0.00,1.95,3.04,AN2,0323,-0.09,6.04,1.95,4.77,AN3,8A94,2.95,5.89,1.95,5.33,POS,-0.00,1.12,1.50,68
DIST,4,AN0,189B,0.00,0.00,1.95,1.02,AN1,0323,-0.09,6.04,1.95,4.76,AN2,8A94,2.95,5.89,1.95,5.42,AN3,C32D,2.95,0.00,1.95,3.03,POS,-0.01,1.12,1.48,72
DIST,4,AN0,189B,0.00,0.00,1.95,0.95,AN1,0323,-0.09,6.04,1.95,4.76,AN2,8A94,2.95,5.89,1.95,5.43,AN3,C32D,2.95,0.00,1.95,3.03,POS,-0.01,1.11,1.51,77
DIST,4,AN0,189B,0.00,0.00,1.95,0.95,AN1,0323,-0.09,6.04,1.95,4.77,AN2,8A94,2.95,5.89,1.95,5.41,AN3,C32D,2.95,0.00,1.95,3.03,POS,0.01,1.11,1.53,82
DIST,4,AN0,189B,0.00,0.00,1.95,0.99,AN1,C32D,2.95,0.00,1.95,3.06,AN2,0323,-0.09,6.04,1.95,4.70,AN3,8A94,2.95,5.89,1.95,5.42,POS,-0.01,1.12,1.56,76
DIST,4,AN0,189B,0.00,0.00,1.95,1.01,AN1,0323,-0.09,6.04,1.95,4.77,AN2,8A94,2.95,5.89,1.95,5.43,AN3,C32D,2.95,0.00,1.95,3.04,POS,-0.01,1.11,1.53,71
DIST,4,AN0,189B,0.00,0.00,1.95,0.98,AN1,0323,-0.09,6.04,1.95,4.80,AN2,8A94,2.95,5.89,1.95,5.45,AN3,C32D,2.95,0.00,1.95,3.04,POS,-0.01,1.10,1.51,73
DIST,4,AN0,189B,0.00,0.00,1.95,0.95,AN1,0323,-0.09,6.04,1.95,4.76,AN2,8A94,2.95,5.89,1.95,5.42,AN3,C32D,2.95,0.00,1.95,3.05,POS,-0.01,1.10,1.53,78
DIST,4,AN0,189B,0.00,0.00,1.95,0.98,AN1,0323,-0.09,6.04,1.95,4.69,AN2,8A94,2.95,5.89,1.95,5.45,AN3,C32D,2.95,0.00,1.95,3.07,POS,-0.03,1.11,1.58,76
DIST,4,AN0,189B,0.00,0.00,1.95,0.97,AN1,0323,-0.09,6.04,1.95,4.77,AN2,8A94,2.95,5.89,1.95,5.46,AN3,C32D,2.95,0.00,1.95,3.04,POS,-0.04,1.11,1.57,73
DIST,4,AN0,189B,0.00,0.00,1.95,0.98,AN1,0323,-0.09,6.04,1.95,4.76,AN2,8A94,2.95,5.89,1.95,5.39,AN3,C32D,2.95,0.00,1.95,3.11,POS,-0.07,1.12,1.55,66
DIST,4,AN0,189B,0.00,0.00,1.95,0.97,AN1,0323,-0.09,6.04,1.95,4.74,AN2,8A94,2.95,5.89,1.95,5.39,AN3,C32D,2.95,0.00,1.95,3.08,POS,-0.04,1.12,1.56,82
DIST,4,AN0,189B,0.00,0.00,1.95,1.00,AN1,0323,-0.09,6.04,1.95,4.76,AN2,8A94,2.95,5.89,1.95,5.42,AN3,C32D,2.95,0.00,1.95,3.04,POS,-0.03,1.12,1.55,74
DIST,4,AN0,189B,0.00,0.00,1.95,0.96,AN1,0323,-0.09,6.04,1.95,4.76,AN2,8A94,2.95,5.89,1.95,5.41,AN3,C32D,2.95,0.00,1.95,3.09,POS,-0.07,1.13,1.53,66
DIST,4,AN0,189B,0.00,0.00,1.95,1.00,AN1,0323,-0.09,6.04,1.95,4.75,AN2,8A94,2.95,5.89,1.95,5.43,AN3,C32D,2.95,0.00,1.95,3.08,POS,-0.06,1.12,1.52,74
DIST,4,AN0,189B,0.00,0.00,1.95,1.00,AN1,0323,-0.09,6.04,1.95,4.72,AN2,8A94,2.95,5.89,1.95,5.37,AN3,C32D,2.95,0.00,1.95,3.08,POS,-0.02,1.13,1.53,81
DIST,4,AN0,189B,0.00,0.00,1.95,0.95,AN1,0323,-0.09,6.04,1.95,4.75,AN2,8A94,2.95,5.89,1.95,5.40,AN3,C32D,2.95,0.00,1.95,3.06,POS,-0.00,1.12,1.55,82
DIST,4,AN0,189B,0.00,0.00,1.95,1.03,AN1,0323,-0.09,6.04,1.95,4.73,AN2,8A94,2.95,5.89,1.95,5.44,AN3,C32D,2.95,0.00,1.95,3.05,POS,-0.02,1.12,1.54,72
DIST,4,AN0,189B,0.00,0.00,1.95,0.97,AN1,0323,-0.09,6.04,1.95,4.68,AN2,8A94,2.95,5.89,1.95,5.43,AN3,C32D,2.95,0.00,1.95,3.05,POS,-0.04,1.13,1.60,78
DIST,4,AN0,189B,0.00,0.00,1.95,1.00,AN1,0323,-0.09,6.04,1.95,4.81,AN2,8A94,2.95,5.89,1.95,5.45,AN3,C32D,2.95,0.00,1.95,3.01,POS,-0.03,1.12,1.55,70
DIST,4,AN0,189B,0.00,0.00,1.95,1.00,AN1,0323,-0.09,6.04,1.95,4.74,AN2,8A94,2.95,5.89,1.95,5.43,AN3,C32D,2.95,0.00,1.95,3.11,POS,-0.03,1.12,1.54,73
DIST,4,AN0,189B,0.00,0.00,1.95,1.03,AN1,0323,-0.09,6.04,1.95,4.73,AN2,8A94,2.95,5.89,1.95,5.43,AN3,C32D,2.95,0.00,1.95,3.10,POS,-0.04,1.12,1.52,71
DIST,4,AN0,189B,0.00,0.00,1.95,0.98,AN1,0323,-0.09,6.04,1.95,4.74,AN2,8A94,2.95,5.89,1.95,5.47,AN3,C32D,2.95,0.00,1.95,3.13,POS,-0.06,1.12,1.53,71
