DIST,4,AN0,189B,0.00,0.00,1.95,0.95,AN1,0323,-0.09,6.04,1.95,4.74,AN2,8A94,2.95,5.89,1.95,5.50,AN3,C32D,2.95,0.00,1.95,3.09,POS,-0.07,1.11,1.54,73
DIST,4,AN0,189B,0.00,0.00,1.95,0.99,AN1,0323,-0.09,6.04,1.95,4.79,AN2,8A94,2.95,5.89,1.95,5.44,AN3,C32D,2.95,0.00,1.95,3.10,POS,-0.04,1.10,1.52,75
DIST,4,AN0,189B,0.00,0.00,1.95,0.95,AN1,0323,-0.09,6.04,1.95,4.78,AN2,8A94,2.95,5.89,1.95,5.40,AN3,C32D,2.95,0.00,1.95,3.05,POS,-0.06,1.11,1.51,67
DIST,4,AN0,189B,0.00,0.00,1.95,0.96,AN1,0323,-0.09,6.04,1.95,4.81,AN2,8A94,2.95,5.89,1.95,5.43,AN3,C32D,2.95,0.00,1.95,3.11,POS,-0.10,1.12,1.50,64
DIST,4,AN0,189B,0.00,0.00,1.95,0.98,AN1,0323,-0.09,6.04,1.95,4.77,AN2,C32D,2.95,0.00,1.95,3.03,AN3,8A94,2.95,5.89,1.95,5.48,POS,-0.08,1.11,1.50,72
DIST,4,AN0,189B,0.00,0.00,1.95,1.00,AN1,0323,-0.09,6.04,1.95,4.84,AN2,8A94,2.95,5.89,1.95,5.41,AN3,C32D,2.95,0.00,1.95,3.02,POS,-0.02,1.09,1.47,77
DIST,4,AN0,189B,0.00,0.00,1.95,1.02,AN1,0323,-0.09,6.04,1.95,4.75,AN2,8A94,2.95,5.89,1.95,5.48,AN3,C32D,2.95,0.00,1.95,3.05,POS,-0.03,1.10,1.50,74
DIST,4,AN0,189B,0.00,0.00,1.95,0.97,AN1,0323,-0.09,6.04,1.95,4.76,AN2,8A94,2.95,5.89,1.95,5.44,AN3,C32D,2.95,0.00,1.95,2.99,POS,-0.03,1.10,1.51,76
DIST,4,AN0,189B,0.00,0.00,1.95,1.01,AN1,0323,-0.09,6.04,1.95,4.76,AN2,8A94,2.95,5.89,1.95,5.43,AN3,C32D,2.95,0.00,1.95,3.03,POS,-0.02,1.10,1.50,73
DIST,4,AN0,189B,0.00,0.00,1.95,0.99,AN1,0323,-0.09,6.04,1.95,4.77,AN2,8A94,2.95,5.89,1.95,5.48,AN3,C32D,2.95,0.00,1.95,3.09,POS,-0.04,1.10,1.49,69
DIST,4,AN0,189B,0.00,0.00,1.95,1.04,AN1,0323,-0.09,6.04,1.95,4.76,AN2,8A94,2.95,5.89,1.95,5.40,AN3,C32D,2.95,0.00,1.95,2.97,POS,-0.02,1.10,1.47,74
DIST,4,AN0,189B,0.00,0.00,1.95,1.06,AN1,0323,-0.09,6.04,1.95,4.75,AN2,8A94,2.95,5.89,1.95,5.42,AN3,C32D,2.95,0.00,1.95,2.99,POS,-0.01,1.11,1.45,72
DIST,4,AN0,189B,0.00,0.00,1.95,1.07,AN1,0323,-0.09,6.04,1.95,4.76,AN2,8A94,2.95,5.89,1.95,5.46,AN3,C32D,2.95,0.00,1.95,2.99,POS,0.00,1.10,1.51,83
DIST,4,AN0,189B,0.00,0.00,1.95,1.04,AN1,C32D,2.95,0.00,1.95,3.08,AN2,0323,-0.09,6.04,1.95,4.75,AN3,8A94,2.95,5.89,1.95,5.34,POS,-0.03,1.13,1.49,66
DIST,4,AN0,189B,0.00,0.00,1.95,1.07,AN1,0323,-0.09,6.04,1.95,4.64,AN2,8A94,2.95,5.89,1.95,5.33,AN3,C32D,2.95,0.00,1.95,2.97,POS,-0.02,1.15,1.55,83
DIST,4,AN0,189B,0.00,0.00,1.95,1.03,AN1,0323,-0.09,6.04,1.95,4.68,AN2,8A94,2.95,5.89,1.95,5.29,AN3,C32D,2.95,0.00,1.95,2.92,POS,0.02,1.16,1.57,83
DIST,4,AN0,189B,0.00,0.00,1.95,1.08,AN1,C32D,2.95,0.00,1.95,2.89,AN2,0323,-0.09,6.04,1.95,4.70,AN3,8A94,2.95,5.89,1.95,5.29,POS,0.05,1.16,1.55,81
DIST,4,AN0,189B,0.00,0.00,1.95,1.06,AN1,C32D,2.95,0.00,1.95,2.78,AN2,0323,-0.09,6.04,1.95,4.79,AN3,8A94,2.95,5.89,1.95,5.33,POS,0.10,1.14,1.50,79
DIST,4,AN0,189B,0.00,0.00,1.95,1.04,AN1,C32D,2.95,0.00,1.95,2.68,AN2,0323,-0.09,6.04,1.95,4.79,AN3,8A94,2.95,5.89,1.95,5.23,POS,0.17,1.13,1.52,83
DIST,4,AN0,189B,0.00,0.00,1.95,1.08,AN1,C32D,2.95,0.00,1.95,2.55,AN2,0323,-0.09,6.04,1.95,4.78,AN3,8A94,2.95,5.89,1.95,5.23,POS,0.24,1.13,1.52,79
DIST,4,AN0,189B,0.00,0.00,1.95,1.11,AN1,C32D,2.95,0.00,1.95,2.40,AN2,0323,-0.09,6.04,1.95,4.84,AN3,8A94,2.95,5.89,1.95,5.17,POS,0.33,1.11,1.52,71
DIST,4,AN0,189B,0.00,0.00,1.95,1.24,AN1,C32D,2.95,0.00,1.95,2.30,AN2,0323,-0.09,6.04,1.95,4.80,AN3,8A94,2.95,5.89,1.95,5.04,POS,0.44,1.12,1.53,65
DIST,4,AN0,189B,0.00,0.00,1.95,1.28,AN1,C32D,2.95,0.00,1.95,2.29,AN2,0323,-0.09,6.04,1.95,4.80,AN3,8A94,2.95,5.89,1.95,5.06,POS,0.53,1.13,1.51,63
DIST,4,AN0,189B,0.00,0.00,1.95,1.39,AN1,C32D,2.95,0.00,1.95,2.22,AN2,0323,-0.09,6.04,1.95,4.80,AN3,8A94,2.95,5.89,1.95,4.98,POS,0.62,1.13,1.50,62
DIST,4,AN0,189B,0.00,0.00,1.95,1.41,AN1,C32D,2.95,0.00,1.95,2.13,AN2,0323,-0.09,6.04,1.95,4.77,AN3,8A94,2.95,5.89,1.95,4.98,POS,0.68,1.12,1.48,57
DIST,4,AN0,189B,0.00,0.00,1.95,1.45,AN1,C32D,2.95,0.00,1.95,1.97,AN2,0323,-0.09,6.04,1.95,4.84,AN3,8A94,2.95,5.89,1.95,4.96,POS,0.75,1.10,1.49,60
DIST,4,AN0,189B,0.00,0.00,1.95,1.56,AN1,C32D,2.95,0.00,1.95,1.90,AN2,0323,-0.09,6.04,1.95,4.93,AN3,8A94,2.95,5.89,1.95,4.99,POS,0.84,1.07,1.44,58
DIST,4,AN0,189B,0.00,0.00,1.95,1.58,AN1,C32D,2.95,0.00,1.95,1.88,AN2,0323,-0.09,6.04,1.95,4.93,AN3,8A94,2.95,5.89,1.95,4.91,POS,0.94,1.08,1.44,70
DIST,4,AN0,189B,0.00,0.00,1.95,1.63,AN1,C32D,2.95,0.00,1.95,1.78,AN2,0323,-0.09,6.04,1.95,4.93,AN3,8A94,2.95,5.89,1.95,4.92,POS,1.01,1.06,1.44,64
DIST,4,AN0,189B,0.00,0.00,1.95,1.72,AN1,C32D,2.95,0.00,1.95,1.82,AN2,0323,-0.09,6.04,1.95,4.88,AN3,8A94,2.95,5.89,1.95,4.89,POS,1.05,1.06,1.43,65
DIST,4,AN0,189B,0.00,0.00,1.95,1.74,AN1,C32D,2.95,0.00,1.95,1.79,AN2,0323,-0.09,6.04,1.95,4.85,AN3,8A94,2.95,5.89,1.95,4.83,POS,1.09,1.06,1.45,68
DIST,4,AN0,189B,0.00,0.00,1.95,1.67,AN1,C32D,2.95,0.00,1.95,1.70,AN2,0323,-0.09,6.04,1.95,4.89,AN3,8A94,2.95,5.89,1.95,4.78,POS,1.16,1.07,1.43,71
DIST,4,AN0,189B,0.00,0.00,1.95,1.66,AN1,C32D,2.95,0.00,1.95,1.76,AN2,0323,-0.09,6.04,1.95,4.93,AN3,8A94,2.95,5.89,1.95,4.87,POS,1.20,1.06,1.40,65
DIST,4,AN0,189B,0.00,0.00,1.95,1.73,AN1,C32D,2.95,0.00,1.95,1.69,AN2,8A94,2.95,5.89,1.95,4.86,AN3,0323,-0.09,6.04,1.95,4.91,POS,1.27,1.10,1.49,81
DIST,4,AN0,189B,0.00,0.00,1.95,1.76,AN1,C32D,2.95,0.00,1.95,1.74,AN2,8A94,2.95,5.89,1.95,4.85,AN3,0323,-0.09,6.04,1.95,4.84,POS,1.33,1.14,1.55,83
DIST,4,AN0,189B,0.00,0.00,1.95,1.72,AN1,C32D,2.95,0.00,1.95,1.64,AN2,8A94,2.95,5.89,1.95,4.85,AN3,0323,-0.09,6.04,1.95,4.97,POS,1.34,1.10,1.51,69
DIST,4,AN0,189B,0.00,0.00,1.95,1.72,AN1,C32D,2.95,0.00,1.95,1.76,AN2,8A94,2.95,5.89,1.95,4.89,AN3,0323,-0.09,6.04,1.95,4.93,POS,1.32,1.08,1.47,65
DIST,4,AN0,189B,0.00,0.00,1.95,1.70,AN1,C32D,2.95,0.00,1.95,1.72,AN2,8A94,2.95,5.89,1.95,4.83,AN3,0323,-0.09,6.04,1.95,4.85,POS,1.30,1.08,1.57,72
DIST,4,AN0,189B,0.00,0.00,1.95,1.74,AN1,C32D,2.95,0.00,1.95,1.69,AN2,8A94,2.95,5.89,1.95,4.83,AN3,0323,-0.09,6.04,1.95,4.91,POS,1.30,1.07,1.55,70
DIST,4,AN0,189B,0.00,0.00,1.95,1.71,AN1,C32D,2.95,0.00,1.95,1.78,AN2,8A94,2.95,5.89,1.95,4.84,AN3,0323,-0.09,6.04,1.95,4.85,POS,1.28,1.07,1.56,69
DIST,4,AN0,189B,0.00,0.00,1.95,1.70,AN1,C32D,2.95,0.00,1.95,1.66,AN2,8A94,2.95,5.89,1.95,4.86,AN3,0323,-0.09,6.04,1.95,4.96,POS,1.30,1.05,1.52,68
DIST,4,AN0,189B,0.00,0.00,1.95,1.76,AN1,C32D,2.95,0.00,1.95,1.80,AN2,8A94,2.95,5.89,1.95,4.91,AN3,0323,-0.09,6.04,1.95,4.98,POS,1.30,1.06,1.53,71
DIST,4,AN0,189B,0.00,0.00,1.95,1.71,AN1,C32D,2.95,0.00,1.95,1.67,AN2,8A94,2.95,5.89,1.95,4.87,AN3,0323,-0.09,6.04,1.95,4.89,POS,1.28,1.03,1.48,61
DIST,4,AN0,189B,0.00,0.00,1.95,1.72,AN1,C32D,2.95,0.00,1.95,1.77,AN2,8A94,2.95,5.89,1.95,4.89,AN3,0323,-0.09,6.04,1.95,4.95,POS,1.32,1.06,1.46,75
DIST,4,AN0,189B,0.00,0.00,1.95,1.72,AN1,C32D,2.95,0.00,1.95,1.72,AN2,8A94,2.95,5.89,1.95,4.89,AN3,0323,-0.09,6.04,1.95,4.98,POS,1.36,1.08,1.46,75
DIST,4,AN0,189B,0.00,0.00,1.95,1.70,AN1,C32D,2.95,0.00,1.95,1.73,AN2,8A94,2.95,5.89,1.95,4.86,AN3,0323,-0.09,6.04,1.95,4.93,POS,1.34,1.07,1.44,67
DIST,4,AN0,189B,0.00,0.00,1.95,1.77,AN1,C32D,2.95,0.00,1.95,1.72,AN2,8A94,2.95,5.89,1.95,4.81,AN3,0323,-0.09,6.04,1.95,4.94,POS,1.38,1.09,1.45,76
DIST,4,AN0,189B,0.00,0.00,1.95,1.76,AN1,C32D,2.95,0.00,1.95,1.69,AN2,8A94,2.95,5.89,1.95,4.79,AN3,0323,-0.09,6.04,1.95,4.91,POS,1.39,1.09,1.41,70
DIST,4,AN0,189B,0.00,0.00,1.95,1.82,AN1,C32D,2.95,0.00,1.95,1.70,AN2,8A94,2.95,5.89,1.95,4.78,AN3,0323,-0.09,6.04,1.95,4.89,POS,1.39,1.09,1.40,70
DIST,4,AN0,189B,0.00,0.00,1.95,1.86,AN1,C32D,2.95,0.00,1.95,1.74,AN2,8A94,2.95,5.89,1.95,4.79,AN3,0323,-0.09,6.04,1.95,4.85,POS,1.43,1.14,1.44,79
DIST,4,AN0,189B,0.00,0.00,1.95,1.85,AN1,C32D,2.95,0.00,1.95,1.68,AN2,8A94,2.95,5.89,1.95,4.84,AN3,0323,-0.09,6.04,1.95,4.85,POS,1.47,1.18,1.52,81
DIST,4,AN0,189B,0.00,0.00,1.95,1.91,AN1,C32D,2.95,0.00,1.95,1.65,AN2,8A94,2.95,5.89,1.95,4.77,AN3,0323,-0.09,6.04,1.95,4.90,POS,1.51,1.20,1.53,77
DIST,4,AN0,C32D,2.95,0.00,1.95,1.66,AN1,189B,0.00,0.00,1.95,1.92,AN2,8A94,2.95,5.89,1.95,4.80,AN3,0323,-0.09,6.04,1.95,4.96,POS,1.50,1.16,1.46,68
DIST,4,AN0,C32D,2.95,0.00,1.95,1.54,AN1,189B,0.00,0.00,1.95,1.85,AN2,8A94,2.95,5.89,1.95,4.82,AN3,0323,-0.09,6.04,1.95,5.01,POS,1.50,1.12,1.45,70
DIST,4,AN0,C32D,2.95,0.00,1.95,1.37,AN1,189B,0.00,0.00,1.95,1.98,AN2,8A94,2.95,5.89,1.95,4.83,AN3,0323,-0.09,6.04,1.95,5.14,POS,1.56,1.08,1.41,60
DIST,4,AN0,C32D,2.95,0.00,1.95,1.31,AN1,189B,0.00,0.00,1.95,2.05,AN2,8A94,2.95,5.89,1.95,4.79,AN3,0323,-0.09,6.04,1.95,5.15,POS,1.62,1.05,1.40,59
DIST,4,AN0,C32D,2.95,0.00,1.95,1.23,AN1,189B,0.00,0.00,1.95,2.22,AN2,8A94,2.95,5.89,1.95,4.89,AN3,0323,-0.09,6.04,1.95,5.13,POS,1.75,1.07,1.38,58
DIST,4,AN0,C32D,2.95,0.00,1.95,1.26,AN1,189B,0.00,0.00,1.95,2.23,AN2,8A94,2.95,5.89,1.95,4.79,AN3,0323,-0.09,6.04,1.95,5.23,POS,1.80,1.06,1.46,62
DIST,4,AN0,C32D,2.95,0.00,1.95,1.21,AN1,189B,0.00,0.00,1.95,2.38,AN2,8A94,2.95,5.89,1.95,4.69,AN3,0323,-0.09,6.04,1.95,5.11,POS,1.92,1.10,1.43,67
DIST,4,AN0,C32D,2.95,0.00,1.95,1.17,AN1,189B,0.00,0.00,1.95,2.48,AN2,8A94,2.95,5.89,1.95,4.76,AN3,0323,-0.09,6.04,1.95,5.21,POS,2.03,1.13,1.51,82
DIST,4,AN0,C32D,2.95,0.00,1.95,1.07,AN1,189B,0.00,0.00,1.95,2.54,AN2,8A94,2.95,5.89,1.95,4.73,AN3,0323,-0.09,6.04,1.95,5.28,POS,2.15,1.14,1.47,73
DIST,4,AN0,C32D,2.95,0.00,1.95,1.01,AN1,189B,0.00,0.00,1.95,2.72,AN2,8A94,2.95,5.89,1.95,4.76,AN3,0323,-0.09,6.04,1.95,5.39,POS,2.30,1.14,1.44,78
DIST,4,AN0,C32D,2.95,0.00,1.95,0.94,AN1,189B,0.00,0.00,1.95,2.77,AN2,8A94,2.95,5.89,1.95,4.80,AN3,0323,-0.09,6.04,1.95,5.44,POS,2.42,1.13,1.43,78
DIST,4,AN0,C32D,2.95,0.00,1.95,0.92,AN1,189B,0.00,0.00,1.95,2.85,AN2,8A94,2.95,5.89,1.95,4.80,AN3,0323,-0.09,6.04,1.95,5.60,POS,2.47,1.08,1.43,75
DIST,4,AN0,C32D,2.95,0.00,1.95,0.89,AN1,189B,0.00,0.00,1.95,2.97,AN2,8A94,2.95,5.89,1.95,4.79,AN3,0323,-0.09,6.04,1.95,5.59,POS,2.62,1.08,1.43,68
DIST,4,AN0,C32D,2.95,0.00,1.95,0.95,AN1,189B,0.00,0.00,1.95,2.97,AN2,8A94,2.95,5.89,1.95,4.70,AN3,0323,-0.09,6.04,1.95,5.60,POS,2.66,1.06,1.44,80
DIST,4,AN0,C32D,2.95,0.00,1.95,0.94,AN1,189B,0.00,0.00,1.95,3.01,AN2,8A94,2.95,5.89,1.95,4.70,AN3,0323,-0.09,6.04,1.95,5.55,POS,2.76,1.08,1.45,69
DIST,4,AN0,C32D,2.95,0.00,1.95,1.00,AN1,189B,0.00,0.00,1.95,3.04,AN2,8A94,2.95,5.89,1.95,4.72,AN3,0323,-0.09,6.04,1.95,5.58,POS,2.81,1.11,1.51,80
DIST,4,AN0,C32D,2.95,0.00,1.95,0.98,AN1,189B,0.00,0.00,1.95,3.02,AN2,8A94,2.95,5.89,1.95,4.79,AN3,0323,-0.09,6.04,1.95,5.56,POS,2.86,1.12,1.61,81
DIST,4,AN0,C32D,2.95,0.00,1.95,0.94,AN1,189B,0.00,0.00,1.95,3.01,AN2,8A94,2.95,5.89,1.95,4.77,AN3,0323,-0.09,6.04,1.95,5.65,POS,2.83,1.08,1.55,76
DIST,4,AN0,C32D,2.95,0.00,1.95,0.95,AN1,189B,0.00,0.00,1.95,3.02,AN2,8A94,2.95,5.89,1.95,4.76,AN3,0323,-0.09,6.04,1.95,5.62,POS,2.87,1.09,1.59,81
DIST,4,AN0,C32D,2.95,0.00,1.95,0.93,AN1,189B,0.00,0.00,1.95,3.04,AN2,8A94,2.95,5.89,1.95,4.76,AN3,0323,-0.09,6.04,1.95,5.60,POS,2.93,1.10,1.56,65
DIST,4,AN0,C32D,2.95,0.00,1.95,0.92,AN1,189B,0.00,0.00,1.95,2.98,AN2,8A94,2.95,5.89,1.95,4.76,AN3,0323,-0.09,6.04,1.95,5.61,POS,2.94,1.10,1.62,82
DIST,4,AN0,C32D,2.95,0.00,1.95,0.91,AN1,189B,0.00,0.00,1.95,2.98,AN2,8A94,2.95,5.89,1.95,4.76,AN3,0323,-0.09,6.04,1.95,5.49,POS,2.97,1.12,1.65,77
DIST,4,AN0,C32D,2.95,0.00,1.95,0.95,AN1,8A94,2.95,5.89,1.95,4.80,AN2,189B,0.00,0.00,1.95,3.04,AN3,0323,-0.09,6.04,1.95,5.51,POS,3.00,1.14,1.65,71
DIST,4,AN0,C32D,2.95,0.00,1.95,0.96,AN1,8A94,2.95,5.89,1.95,4.78,AN2,189B,0.00,0.00,1.95,2.98,AN3,0323,-0.09,6.04,1.95,5.59,POS,2.98,1.14,1.65,82
DIST,4,AN0,C32D,2.95,0.00,1.95,0.92,AN1,8A94,2.95,5.89,1.95,4.72,AN2,189B,0.00,0.00,1.95,3.02,AN3,0323,-0.09,6.04,1.95,5.56,POS,3.01,1.14,1.62,69
DIST,4,AN0,C32D,2.95,0.00,1.95,0.93,AN1,8A94,2.95,5.89,1.95,4.79,AN2,189B,0.00,0.00,1.95,3.01,AN3,0323,-0.09,6.04,1.95,5.59,POS,3.03,1.13,1.57,65
DIST,4,AN0,C32D,2.95,0.00,1.95,0.92,AN1,8A94,2.95,5.89,1.95,4.74,AN2,189B,0.00,0.00,1.95,3.00,AN3,0323,-0.09,6.04,1.95,5.56,POS,3.04,1.13,1.55,68
DIST,4,AN0,C32D,2.95,0.00,1.95,0.98,AN1,8A94,2.95,5.89,1.95,4.76,AN2,189B,0.00,0.00,1.95,3.03,AN3,0323,-0.09,6.04,1.95,5.64,POS,3.03,1.12,1.54,73
DIST,4,AN0,C32D,2.95,0.00,1.95,1.00,AN1,8A94,2.95,5.89,1.95,4.76,AN2,189B,0.00,0.00,1.95,3.09,AN3,0323,-0.09,6.04,1.95,5.65,POS,3.03,1.12,1.54,73
DIST,4,AN0,C32D,2.95,0.00,1.95,0.94,AN1,8A94,2.95,5.89,1.95,4.82,AN2,189B,0.00,0.00,1.95,3.14,AN3,0323,-0.09,6.04,1.95,5.57,POS,3.08,1.14,1.59,66
DIST,4,AN0,C32D,2.95,0.00,1.95,1.02,AN1,8A94,2.95,5.89,1.95,4.85,AN2,189B,0.00,0.00,1.95,3.10,AN3,0323,-0.09,6.04,1.95,5.85,POS,3.05,1.10,1.54,67
DIST,4,AN0,C32D,2.95,0.00,1.95,1.01,AN1,8A94,2.95,5.89,1.95,4.83,AN2,189B,0.00,0.00,1.95,3.11,AN3,0323,-0.09,6.04,1.95,5.87,POS,3.04,1.06,1.63,82
DIST,4,AN0,C32D,2.95,0.00,1.95,1.01,AN1,8A94,2.95,5.89,1.95,4.89,AN2,189B,0.00,0.00,1.95,3.06,AN3,0323,-0.09,6.04,1.95,5.91,POS,3.02,1.05,1.70,85
DIST,4,AN0,C32D,2.95,0.00,1.95,0.99,AN1,8A94,2.95,5.89,1.95,4.90,AN2,189B,0.00,0.00,1.95,3.11,AN3,0323,-0.09,6.04,1.95,5.83,POS,3.02,1.04,1.66,72
DIST,4,AN0,C32D,2.95,0.00,1.95,1.00,AN1,8A94,2.95,5.89,1.95,4.94,AN2,189B,0.00,0.00,1.95,3.09,AN3,0323,-0.09,6.04,1.95,5.89,POS,2.99,1.02,1.66,82
DIST,4,AN0,C32D,2.95,0.00,1.95,0.99,AN1,8A94,2.95,5.89,1.95,4.92,AN2,189B,0.00,0.00,1.95,3.05,AN3,0323,-0.09,6.04,1.95,5.87,POS,2.96,1.01,1.69,85
DIST,4,AN0,C32D,2.95,0.00,1.95,1.03,AN1,8A94,2.95,5.89,1.95,4.91,AN2,189B,0.00,0.00,1.95,3.11,AN3,0323,-0.09,6.04,1.95,5.78,POS,2.97,1.02,1.66,76
DIST,4,AN0,C32D,2.95,0.00,1.95,1.02,AN1,8A94,2.95,5.89,1.95,4.85,AN2,189B,0.00,0.00,1.95,3.05,AN3,0323,-0.09,6.04,1.95,5.77,POS,2.94,1.01,1.60,75
DIST,4,AN0,C32D,2.95,0.00,1.95,1.06,AN1,189B,0.00,0.00,1.95,3.05,AN2,8A94,2.95,5.89,1.95,4.80,AN3,0323,-0.09,6.04,1.95,5.82,POS,2.94,1.01,1.55,69
DIST,4,AN0,C32D,2.95,0.00,1.95,1.09,AN1,189B,0.00,0.00,1.95,3.04,AN2,8A94,2.95,5.89,1.95,4.81,AN3,0323,-0.09,6.04,1.95,5.73,POS,2.93,1.01,1.50,71
DIST,4,AN0,C32D,2.95,0.00,1.95,1.20,AN1,189B,0.00,0.00,1.95,3.11,AN2,8A94,2.95,5.89,1.95,4.71,AN3,0323,-0.09,6.04,1.95,5.63,POS,2.89,1.04,1.46,75
DIST,4,AN0,C32D,2.95,0.00,1.95,1.30,AN1,189B,0.00,0.00,1.95,3.11,AN2,8A94,2.95,5.89,1.95,4.61,AN3,0323,-0.09,6.04,1.95,5.52,POS,2.85,1.09,1.42,77
DIST,4,AN0,C32D,2.95,0.00,1.95,1.38,AN1,189B,0.00,0.00,1.95,3.24,AN2,8A94,2.95,5.89,1.95,4.46,AN3,0323,-0.09,6.04,1.95,5.37,POS,2.90,1.18,1.42,70
DIST,4,AN0,C32D,2.95,0.00,1.95,1.55,AN1,189B,0.00,0.00,1.95,3.27,AN2,8A94,2.95,5.89,1.95,4.33,AN3,0323,-0.09,6.04,1.95,5.41,POS,2.91,1.26,1.40,72
DIST,4,AN0,C32D,2.95,0.00,1.95,1.62,AN1,189B,0.00,0.00,1.95,3.37,AN2,8A94,2.95,5.89,1.95,4.18,AN3,0323,-0.09,6.04,1.95,5.19,POS,2.95,1.38,1.39,69
DIST,4,AN0,C32D,2.95,0.00,1.95,1.78,AN1,189B,0.00,0.00,1.95,3.43,AN2,8A94,2.95,5.89,1.95,4.12,AN3,0323,-0.09,6.04,1.95,5.11,POS,2.96,1.50,1.44,76
DIST,4,AN0,C32D,2.95,0.00,1.95,1.82,AN1,8A94,2.95,5.89,1.95,3.97,AN2,189B,0.00,0.00,1.95,3.44,AN3,0323,-0.09,6.04,1.95,5.05,POS,2.95,1.58,1.44,76
DIST,4,AN0,C32D,2.95,0.00,1.95,1.94,AN1,189B,0.00,0.00,1.95,3.42,AN2,8A94,2.95,5.89,1.95,3.85,AN3,0323,-0.09,6.04,1.95,4.96,POS,2.93,1.68,1.45,78
DIST,4,AN0,C32D,2.95,0.00,1.95,2.00,AN1,189B,0.00,0.00,1.95,3.76,AN2,8A94,2.95,5.89,1.95,3.77,AN3,0323,-0.09,6.04,1.95,4.83,POS,3.06,1.82,1.40,71
DIST,4,AN0,C32D,2.95,0.00,1.95,2.12,AN1,8A94,2.95,5.89,1.95,3.73,AN2,189B,0.00,0.00,1.95,3.87,AN3,0323,-0.09,6.04,1.95,4.78,POS,3.15,1.96,1.51,72
DIST,4,AN0,C32D,2.95,0.00,1.95,2.22,AN1,8A94,2.95,5.89,1.95,3.63,AN2,189B,0.00,0.00,1.95,4.04,AN3,0323,-0.09,6.04,1.95,4.77,POS,3.28,2.09,1.53,76
DIST,4,AN0,C32D,2.95,0.00,1.95,2.30,AN1,8A94,2.95,5.89,1.95,3.51,AN2,189B,0.00,0.00,1.95,4.01,AN3,0323,-0.09,6.04,1.95,4.68,POS,3.34,2.21,1.47,75
DIST,4,AN0,C32D,2.95,0.00,1.95,2.38,AN1,8A94,2.95,5.89,1.95,3.46,AN2,189B,0.00,0.00,1.95,4.03,AN3,0323,-0.09,6.04,1.95,4.65,POS,3.36,2.30,1.46,74
DIST,4,AN0,C32D,2.95,0.00,1.95,2.40,AN1,8A94,2.95,5.89,1.95,3.47,AN2,189B,0.00,0.00,1.95,3.76,AN3,0323,-0.09,6.04,1.95,4.67,POS,3.25,2.33,1.42,70
DIST,4,AN0,C32D,2.95,0.00,1.95,2.43,AN1,8A94,2.95,5.89,1.95,3.44,AN2,189B,0.00,0.00,1.95,3.66,AN3,0323,-0.09,6.04,1.95,4.67,POS,3.16,2.35,1.38,71
DIST,4,AN0,C32D,2.95,0.00,1.95,2.38,AN1,8A94,2.95,5.89,1.95,3.41,AN2,189B,0.00,0.00,1.95,3.64,AN3,0323,-0.09,6.04,1.95,4.70,POS,3.06,2.37,1.39,75
DIST,4,AN0,C32D,2.95,0.00,1.95,2.39,AN1,8A94,2.95,5.89,1.95,3.43,AN2,189B,0.00,0.00,1.95,4.34,AN3,0323,-0.09,6.04,1.95,4.60,POS,3.01,2.38,1.38,74
DIST,4,AN0,C32D,2.95,0.00,1.95,2.35,AN1,8A94,2.95,5.89,1.95,3.42,AN2,189B,0.00,0.00,1.95,3.69,AN3,0323,-0.09,6.04,1.95,4.65,POS,2.98,2.38,1.43,75
DIST,4,AN0,C32D,2.95,0.00,1.95,2.36,AN1,8A94,2.95,5.89,1.95,3.40,AN2,189B,0.00,0.00,1.95,4.01,AN3,0323,-0.09,6.04,1.95,4.66,POS,3.10,2.43,1.45,73
DIST,4,AN0,C32D,2.95,0.00,1.95,2.39,AN1,8A94,2.95,5.89,1.95,3.40,AN2,189B,0.00,0.00,1.95,4.16,AN3,0323,-0.09,6.04,1.95,4.68,POS,3.24,2.49,1.45,78
DIST,4,AN0,C32D,2.95,0.00,1.95,2.38,AN1,8A94,2.95,5.89,1.95,3.39,AN2,189B,0.00,0.00,1.95,4.17,AN3,0323,-0.09,6.04,1.95,4.69,POS,3.35,2.53,1.48,78
DIST,4,AN0,C32D,2.95,0.00,1.95,2.37,AN1,8A94,2.95,5.89,1.95,3.43,AN2,189B,0.00,0.00,1.95,4.12,AN3,0323,-0.09,6.04,1.95,4.75,POS,3.41,2.54,1.54,76
DIST,4,AN0,C32D,2.95,0.00,1.95,2.37,AN1,8A94,2.95,5.89,1.95,3.41,AN2,189B,0.00,0.00,1.95,4.15,AN3,0323,-0.09,6.04,1.95,4.70,POS,3.48,2.57,1.55,78
DIST,4,AN0,C32D,2.95,0.00,1.95,2.38,AN1,8A94,2.95,5.89,1.95,3.43,AN2,189B,0.00,0.00,1.95,4.17,AN3,0323,-0.09,6.04,1.95,4.71,POS,3.54,2.59,1.55,78
DIST,4,AN0,C32D,2.95,0.00,1.95,2.38,AN1,8A94,2.95,5.89,1.95,3.47,AN2,189B,0.00,0.00,1.95,4.11,AN3,0323,-0.09,6.04,1.95,4.69,POS,3.56,2.59,1.48,77
DIST,4,AN0,C32D,2.95,0.00,1.95,2.38,AN1,8A94,2.95,5.89,1.95,3.42,AN2,189B,0.00,0.00,1.95,4.11,AN3,0323,-0.09,6.04,1.95,4.69,POS,3.57,2.60,1.43,77
DIST,4,AN0,C32D,2.95,0.00,1.95,2.35,AN1,8A94,2.95,5.89,1.95,3.46,AN2,189B,0.00,0.00,1.95,4.14,AN3,0323,-0.09,6.04,1.95,4.66,POS,3.40,2.54,1.42,73
DIST,4,AN0,C32D,2.95,0.00,1.95,2.34,AN1,8A94,2.95,5.89,1.95,3.41,AN2,189B,0.00,0.00,1.95,4.03,AN3,0323,-0.09,6.04,1.95,4.70,POS,3.42,2.55,1.45,74
DIST,4,AN0,C32D,2.95,0.00,1.95,2.36,AN1,8A94,2.95,5.89,1.95,3.44,AN2,189B,0.00,0.00,1.95,4.08,AN3,0323,-0.09,6.04,1.95,4.65,POS,3.46,2.57,1.43,76
DIST,4,AN0,C32D,2.95,0.00,1.95,2.35,AN1,8A94,2.95,5.89,1.95,3.41,AN2,189B,0.00,0.00,1.95,4.06,AN3,0323,-0.09,6.04,1.95,4.68,POS,3.49,2.57,1.39,76
DIST,4,AN0,C32D,2.95,0.00,1.95,2.36,AN1,8A94,2.95,5.89,1.95,3.43,AN2,189B,0.00,0.00,1.95,4.08,AN3,0323,-0.09,6.04,1.95,4.60,POS,3.51,2.60,1.46,76
DIST,4,AN0,C32D,2.95,0.00,1.95,2.40,AN1,8A94,2.95,5.89,1.95,3.33,AN2,189B,0.00,0.00,1.95,3.64,AN3,0323,-0.09,6.04,1.95,4.60,POS,3.38,2.54,1.48,73
DIST,4,AN0,C32D,2.95,0.00,1.95,2.47,AN1,8A94,2.95,5.89,1.95,3.35,AN2,189B,0.00,0.00,1.95,4.20,AN3,0323,-0.09,6.04,1.95,4.58,POS,3.45,2.60,1.56,78
DIST,4,AN0,C32D,2.95,0.00,1.95,2.52,AN1,8A94,2.95,5.89,1.95,3.32,AN2,189B,0.00,0.00,1.95,3.99,AN3,0323,-0.09,6.04,1.95,4.58,POS,3.38,2.61,1.49,70
DIST,4,AN0,C32D,2.95,0.00,1.95,2.57,AN1,8A94,2.95,5.89,1.95,3.24,AN2,189B,0.00,0.00,1.95,3.98,AN3,0323,-0.09,6.04,1.95,4.60,POS,3.30,2.61,1.48,69
DIST,4,AN0,C32D,2.95,0.00,1.95,2.63,AN1,8A94,2.95,5.89,1.95,3.15,AN2,189B,0.00,0.00,1.95,4.13,AN3,0323,-0.09,6.04,1.95,4.31,POS,3.33,2.69,1.45,76
DIST,4,AN0,C32D,2.95,0.00,1.95,2.74,AN1,8A94,2.95,5.89,1.95,3.04,AN2,189B,0.00,0.00,1.95,4.18,AN3,0323,-0.09,6.04,1.95,4.35,POS,3.32,2.75,1.40,75
DIST,4,AN0,C32D,2.95,0.00,1.95,2.89,AN1,8A94,2.95,5.89,1.95,2.91,AN2,189B,0.00,0.00,1.95,4.23,AN3,0323,-0.09,6.04,1.95,4.28,POS,3.28,2.82,1.39,73
DIST,4,AN0,C32D,2.95,0.00,1.95,3.04,AN1,8A94,2.95,5.89,1.95,2.76,AN2,189B,0.00,0.00,1.95,4.40,AN3,0323,-0.09,6.04,1.95,4.19,POS,3.29,2.92,1.34,74
DIST,4,AN0,C32D,2.95,0.00,1.95,3.12,AN1,8A94,2.95,5.89,1.95,2.71,AN2,189B,0.00,0.00,1.95,4.40,AN3,0323,-0.09,6.04,1.95,4.08,POS,3.19,2.98,1.33,69
DIST,4,AN0,8A94,2.95,5.89,1.95,2.55,AN1,C32D,2.95,0.00,1.95,3.23,AN2,189B,0.00,0.00,1.95,4.36,AN3,0323,-0.09,6.04,1.95,4.00,POS,3.12,3.06,1.36,71
DIST,4,AN0,8A94,2.95,5.89,1.95,2.39,AN1,C32D,2.95,0.00,1.95,3.38,AN2,189B,0.00,0.00,1.95,4.47,AN3,0323,-0.09,6.04,1.95,3.92,POS,3.08,3.16,1.40,72
DIST,4,AN0,8A94,2.95,5.89,1.95,2.27,AN1,C32D,2.95,0.00,1.95,3.51,AN2,0323,-0.09,6.04,1.95,3.66,AN3,189B,0.00,0.00,1.95,4.58,POS,2.98,3.26,1.43,75
DIST,4,AN0,8A94,2.95,5.89,1.95,2.09,AN1,C32D,2.95,0.00,1.95,3.66,AN2,0323,-0.09,6.04,1.95,3.57,AN3,189B,0.00,0.00,1.95,4.64,POS,2.94,3.38,1.46,77
DIST,4,AN0,8A94,2.95,5.89,1.95,2.05,AN1,C32D,2.95,0.00,1.95,3.76,AN2,0323,-0.09,6.04,1.95,3.54,AN3,189B,0.00,0.00,1.95,4.76,POS,2.89,3.49,1.45,78
DIST,4,AN0,8A94,2.95,5.89,1.95,1.96,AN1,C32D,2.95,0.00,1.95,3.84,AN2,0323,-0.09,6.04,1.95,3.47,AN3,189B,0.00,0.00,1.95,4.86,POS,2.85,3.59,1.46,78
DIST,4,AN0,8A94,2.95,5.89,1.95,1.86,AN1,C32D,2.95,0.00,1.95,3.92,AN2,0323,-0.09,6.04,1.95,3.49,AN3,189B,0.00,0.00,1.95,4.93,POS,2.84,3.69,1.46,79
DIST,4,AN0,8A94,2.95,5.89,1.95,1.82,AN1,C32D,2.95,0.00,1.95,3.96,AN2,0323,-0.09,6.04,1.95,3.44,AN3,189B,0.00,0.00,1.95,4.96,POS,2.83,3.78,1.47,80
DIST,4,AN0,8A94,2.95,5.89,1.95,1.77,AN1,0323,-0.09,6.04,1.95,3.48,AN2,C32D,2.95,0.00,1.95,3.96,AN3,189B,0.00,0.00,1.95,4.97,POS,2.84,3.84,1.52,80
DIST,4,AN0,8A94,2.95,5.89,1.95,1.73,AN1,0323,-0.09,6.04,1.95,3.51,AN2,C32D,2.95,0.00,1.95,3.99,AN3,189B,0.00,0.00,1.95,4.98,POS,2.87,3.90,1.56,78
DIST,4,AN0,8A94,2.95,5.89,1.95,1.79,AN1,0323,-0.09,6.04,1.95,3.53,AN2,C32D,2.95,0.00,1.95,3.96,AN3,189B,0.00,0.00,1.95,5.01,POS,2.88,3.94,1.56,78
DIST,4,AN0,8A94,2.95,5.89,1.95,1.80,AN1,0323,-0.09,6.04,1.95,3.50,AN2,C32D,2.95,0.00,1.95,4.00,AN3,189B,0.00,0.00,1.95,5.05,POS,2.88,3.97,1.52,78
DIST,4,AN0,8A94,2.95,5.89,1.95,1.76,AN1,0323,-0.09,6.04,1.95,3.48,AN2,C32D,2.95,0.00,1.95,4.02,AN3,189B,0.00,0.00,1.95,5.01,POS,2.92,4.03,1.51,72
DIST,4,AN0,8A94,2.95,5.89,1.95,1.74,AN1,0323,-0.09,6.04,1.95,3.49,AN2,C32D,2.95,0.00,1.95,4.05,AN3,189B,0.00,0.00,1.95,5.04,POS,2.93,4.05,1.50,74
DIST,4,AN0,8A94,2.95,5.89,1.95,1.76,AN1,0323,-0.09,6.04,1.95,3.53,AN2,C32D,2.95,0.00,1.95,4.01,AN3,189B,0.00,0.00,1.95,5.05,POS,2.97,4.09,1.52,70
DIST,4,AN0,8A94,2.95,5.89,1.95,1.73,AN1,C32D,2.95,0.00,1.95,3.97,AN2,0323,-0.09,6.04,1.95,3.49,AN3,189B,0.00,0.00,1.95,5.06,POS,2.95,4.08,1.59,80
DIST,4,AN0,8A94,2.95,5.89,1.95,1.71,AN1,0323,-0.09,6.04,1.95,3.43,AN2,C32D,2.95,0.00,1.95,4.05,AN3,189B,0.00,0.00,1.95,4.96,POS,2.93,4.09,1.57,80
DIST,4,AN0,8A94,2.95,5.89,1.95,1.73,AN1,0323,-0.09,6.04,1.95,3.39,AN2,C32D,2.95,0.00,1.95,4.05,AN3,189B,0.00,0.00,1.95,4.91,POS,2.90,4.10,1.56,80
DIST,4,AN0,8A94,2.95,5.89,1.95,1.74,AN1,0323,-0.09,6.04,1.95,3.36,AN2,C32D,2.95,0.00,1.95,4.02,AN3,189B,0.00,0.00,1.95,4.92,POS,2.87,4.10,1.56,80
DIST,4,AN0,8A94,2.95,5.89,1.95,1.72,AN1,0323,-0.09,6.04,1.95,3.40,AN2,C32D,2.95,0.00,1.95,4.03,AN3,189B,0.00,0.00,1.95,4.98,POS,2.90,4.13,1.58,77
DIST,4,AN0,8A94,2.95,5.89,1.95,1.73,AN1,0323,-0.09,6.04,1.95,3.36,AN2,C32D,2.95,0.00,1.95,4.00,AN3,189B,0.00,0.00,1.95,5.00,POS,2.86,4.12,1.61,80
DIST,4,AN0,8A94,2.95,5.89,1.95,1.70,AN1,0323,-0.09,6.04,1.95,3.37,AN2,C32D,2.95,0.00,1.95,4.04,AN3,189B,0.00,0.00,1.95,4.95,POS,2.85,4.12,1.61,80
DIST,4,AN0,8A94,2.95,5.89,1.95,1.73,AN1,0323,-0.09,6.04,1.95,3.34,AN2,C32D,2.95,0.00,1.95,4.08,AN3,189B,0.00,0.00,1.95,4.97,POS,2.84,4.12,1.57,80
DIST,4,AN0,8A94,2.95,5.89,1.95,1.77,AN1,0323,-0.09,6.04,1.95,3.37,AN2,C32D,2.95,0.00,1.95,4.03,AN3,189B,0.00,0.00,1.95,4.90,POS,2.82,4.12,1.54,80
DIST,4,AN0,8A94,2.95,5.89,1.95,1.77,AN1,0323,-0.09,6.04,1.95,3.35,AN2,C32D,2.95,0.00,1.95,3.97,AN3,189B,0.00,0.00,1.95,4.85,POS,2.81,4.10,1.58,80
DIST,4,AN0,8A94,2.95,5.89,1.95,1.83,AN1,0323,-0.09,6.04,1.95,3.37,AN2,C32D,2.95,0.00,1.95,3.94,AN3,189B,0.00,0.00,1.95,4.85,POS,2.83,4.11,1.56,79
DIST,4,AN0,8A94,2.95,5.89,1.95,1.85,AN1,0323,-0.09,6.04,1.95,3.38,AN2,C32D,2.95,0.00,1.95,3.90,AN3,189B,0.00,0.00,1.95,4.74,POS,2.80,4.07,1.59,79
DIST,4,AN0,8A94,2.95,5.89,1.95,1.85,AN1,0323,-0.09,6.04,1.95,3.32,AN2,C32D,2.95,0.00,1.95,3.87,AN3,189B,0.00,0.00,1.95,4.76,POS,2.81,4.08,1.49,70
DIST,4,AN0,8A94,2.95,5.89,1.95,1.85,AN1,0323,-0.09,6.04,1.95,3.27,AN2,C32D,2.95,0.00,1.95,3.90,AN3,189B,0.00,0.00,1.95,4.66,POS,2.76,4.05,1.58,78
DIST,4,AN0,8A94,2.95,5.89,1.95,1.86,AN1,0323,-0.09,6.04,1.95,3.17,AN2,C32D,2.95,0.00,1.95,3.99,AN3,189B,0.00,0.00,1.95,4.63,POS,2.68,4.05,1.57,78
DIST,4,AN0,8A94,2.95,5.89,1.95,1.92,AN1,0323,-0.09,6.04,1.95,3.09,AN2,C32D,2.95,0.00,1.95,3.99,AN3,189B,0.00,0.00,1.95,4.54,POS,2.59,4.04,1.57,77
DIST,4,AN0,8A94,2.95,5.89,1.95,1.88,AN1,0323,-0.09,6.04,1.95,2.97,AN2,C32D,2.95,0.00,1.95,4.03,AN3,189B,0.00,0.00,1.95,4.58,POS,2.51,4.05,1.60,78
DIST,4,AN0,8A94,2.95,5.89,1.95,1.83,AN1,0323,-0.09,6.04,1.95,2.91,AN2,C32D,2.95,0.00,1.95,4.01,AN3,189B,0.00,0.00,1.95,4.57,POS,2.45,4.06,1.53,76
DIST,4,AN0,8A94,2.95,5.89,1.95,1.89,AN1,0323,-0.09,6.04,1.95,2.74,AN2,C32D,2.95,0.00,1.95,4.04,AN3,189B,0.00,0.00,1.95,4.47,POS,2.36,4.07,1.48,75
DIST,4,AN0,8A94,2.95,5.89,1.95,1.99,AN1,0323,-0.09,6.04,1.95,2.73,AN2,C32D,2.95,0.00,1.95,4.01,AN3,189B,0.00,0.00,1.95,4.47,POS,2.32,4.10,1.43,70
DIST,4,AN0,8A94,2.95,5.89,1.95,2.01,AN1,0323,-0.09,6.04,1.95,2.70,AN2,C32D,2.95,0.00,1.95,4.05,AN3,189B,0.00,0.00,1.95,4.30,POS,2.21,4.09,1.41,80
DIST,4,AN0,8A94,2.95,5.89,1.95,2.00,AN1,0323,-0.09,6.04,1.95,2.68,AN2,C32D,2.95,0.00,1.95,4.09,AN3,189B,0.00,0.00,1.95,4.25,POS,2.08,4.09,1.48,88
DIST,4,AN0,8A94,2.95,5.89,1.95,2.06,AN1,0323,-0.09,6.04,1.95,2.53,AN2,C32D,2.95,0.00,1.95,4.12,AN3,189B,0.00,0.00,1.95,4.22,POS,1.98,4.09,1.51,88
DIST,4,AN0,8A94,2.95,5.89,1.95,2.08,AN1,0323,-0.09,6.04,1.95,2.39,AN2,C32D,2.95,0.00,1.95,4.16,AN3,189B,0.00,0.00,1.95,4.26,POS,1.89,4.10,1.52,88
DIST,4,AN0,8A94,2.95,5.89,1.95,2.14,AN1,0323,-0.09,6.04,1.95,2.28,AN2,C32D,2.95,0.00,1.95,4.17,AN3,189B,0.00,0.00,1.95,4.23,POS,1.81,4.13,1.45,82
DIST,4,AN0,8A94,2.95,5.89,1.95,2.19,AN1,0323,-0.09,6.04,1.95,2.28,AN2,C32D,2.95,0.00,1.95,4.19,AN3,189B,0.00,0.00,1.95,4.16,POS,1.71,4.12,1.49,90
DIST,4,AN0,8A94,2.95,5.89,1.95,2.24,AN1,0323,-0.09,6.04,1.95,2.26,AN2,C32D,2.95,0.00,1.95,4.33,AN3,189B,0.00,0.00,1.95,4.17,POS,1.59,4.14,1.52,85
DIST,4,AN0,8A94,2.95,5.89,1.95,2.37,AN1,0323,-0.09,6.04,1.95,2.13,AN2,C32D,2.95,0.00,1.95,4.26,AN3,189B,0.00,0.00,1.95,4.11,POS,1.48,4.12,1.57,86
DIST,4,AN0,8A94,2.95,5.89,1.95,2.46,AN1,0323,-0.09,6.04,1.95,2.11,AN2,C32D,2.95,0.00,1.95,4.27,AN3,189B,0.00,0.00,1.95,3.97,POS,1.37,4.10,1.65,85
DIST,4,AN0,8A94,2.95,5.89,1.95,2.61,AN1,0323,-0.09,6.04,1.95,2.13,AN2,189B,0.00,0.00,1.95,3.97,AN3,C32D,2.95,0.00,1.95,4.27,POS,1.27,4.08,1.65,82
DIST,4,AN0,0323,-0.09,6.04,1.95,2.10,AN1,8A94,2.95,5.89,1.95,2.66,AN2,189B,0.00,0.00,1.95,3.87,AN3,C32D,2.95,0.00,1.95,4.26,POS,1.17,4.06,1.53,72
DIST,4,AN0,0323,-0.09,6.04,1.95,2.09,AN1,8A94,2.95,5.89,1.95,2.62,AN2,189B,0.00,0.00,1.95,3.88,AN3,C32D,2.95,0.00,1.95,4.23,POS,1.11,4.05,1.46,74
DIST,4,AN0,0323,-0.09,6.04,1.95,2.08,AN1,8A94,2.95,5.89,1.95,2.59,AN2,189B,0.00,0.00,1.95,3.93,AN3,C32D,2.95,0.00,1.95,4.22,POS,1.09,4.05,1.42,78
DIST,4,AN0,0323,-0.09,6.04,1.95,2.12,AN1,8A94,2.95,5.89,1.95,2.48,AN2,189B,0.00,0.00,1.95,3.99,AN3,C32D,2.95,0.00,1.95,4.24,POS,1.08,4.05,1.36,75
DIST,4,AN0,0323,-0.09,6.04,1.95,2.21,AN1,8A94,2.95,5.89,1.95,2.40,AN2,189B,0.00,0.00,1.95,4.02,AN3,C32D,2.95,0.00,1.95,4.15,POS,1.13,4.06,1.34,81
DIST,4,AN0,0323,-0.09,6.04,1.95,2.22,AN1,8A94,2.95,5.89,1.95,2.36,AN2,189B,0.00,0.00,1.95,4.12,AN3,C32D,2.95,0.00,1.95,4.22,POS,1.18,4.07,1.42,89
DIST,4,AN0,0323,-0.09,6.04,1.95,2.30,AN1,8A94,2.95,5.89,1.95,2.26,AN2,189B,0.00,0.00,1.95,4.10,AN3,C32D,2.95,0.00,1.95,4.19,POS,1.22,4.07,1.45,88
DIST,4,AN0,0323,-0.09,6.04,1.95,2.34,AN1,8A94,2.95,5.89,1.95,2.32,AN2,189B,0.00,0.00,1.95,4.09,AN3,C32D,2.95,0.00,1.95,4.12,POS,1.26,4.06,1.49,90
DIST,4,AN0,0323,-0.09,6.04,1.95,2.39,AN1,8A94,2.95,5.89,1.95,2.30,AN2,189B,0.00,0.00,1.95,4.07,AN3,C32D,2.95,0.00,1.95,4.12,POS,1.30,4.04,1.47,88
DIST,4,AN0,0323,-0.09,6.04,1.95,2.40,AN1,8A94,2.95,5.89,1.95,2.30,AN2,189B,0.00,0.00,1.95,4.08,AN3,C32D,2.95,0.00,1.95,4.11,POS,1.33,4.03,1.46,88
DIST,4,AN0,0323,-0.09,6.04,1.95,2.41,AN1,8A94,2.95,5.89,1.95,2.30,AN2,189B,0.00,0.00,1.95,4.06,AN3,C32D,2.95,0.00,1.95,4.09,POS,1.36,4.02,1.45,89
DIST,4,AN0,8A94,2.95,5.89,1.95,2.37,AN1,0323,-0.09,6.04,1.95,2.42,AN2,189B,0.00,0.00,1.95,4.02,AN3,C32D,2.95,0.00,1.95,3.99,POS,1.40,4.01,1.39,85
DIST,4,AN0,8A94,2.95,5.89,1.95,2.35,AN1,0323,-0.09,6.04,1.95,2.41,AN2,189B,0.00,0.00,1.95,4.05,AN3,C32D,2.95,0.00,1.95,4.04,POS,1.42,4.00,1.49,94
DIST,4,AN0,8A94,2.95,5.89,1.95,2.32,AN1,0323,-0.09,6.04,1.95,2.47,AN2,189B,0.00,0.00,1.95,4.09,AN3,C32D,2.95,0.00,1.95,4.06,POS,1.44,3.99,1.46,89
DIST,4,AN0,8A94,2.95,5.89,1.95,2.35,AN1,0323,-0.09,6.04,1.95,2.44,AN2,189B,0.00,0.00,1.95,4.01,AN3,C32D,2.95,0.00,1.95,4.01,POS,1.44,3.98,1.51,93
DIST,4,AN0,8A94,2.95,5.89,1.95,2.40,AN1,0323,-0.09,6.04,1.95,2.37,AN2,189B,0.00,0.00,1.95,3.94,AN3,C32D,2.95,0.00,1.95,4.05,POS,1.41,3.96,1.53,91
DIST,4,AN0,8A94,2.95,5.89,1.95,2.51,AN1,0323,-0.09,6.04,1.95,2.46,AN2,189B,0.00,0.00,1.95,3.92,AN3,C32D,2.95,0.00,1.95,4.08,POS,1.37,3.94,1.48,85
DIST,4,AN0,8A94,2.95,5.89,1.95,2.62,AN1,0323,-0.09,6.04,1.95,2.50,AN2,189B,0.00,0.00,1.95,3.82,AN3,C32D,2.95,0.00,1.95,3.99,POS,1.34,3.90,1.45,86
DIST,4,AN0,8A94,2.95,5.89,1.95,2.81,AN1,0323,-0.09,6.04,1.95,2.54,AN2,189B,0.00,0.00,1.95,3.64,AN3,C32D,2.95,0.00,1.95,3.84,POS,1.30,3.83,1.52,93
DIST,4,AN0,0323,-0.09,6.04,1.95,2.64,AN1,8A94,2.95,5.89,1.95,3.06,AN2,189B,0.00,0.00,1.95,3.39,AN3,C32D,2.95,0.00,1.95,3.87,POS,1.19,3.74,1.51,85
DIST,4,AN0,0323,-0.09,6.04,1.95,2.74,AN1,8A94,2.95,5.89,1.95,3.34,AN2,189B,0.00,0.00,1.95,3.11,AN3,C32D,2.95,0.00,1.95,3.71,POS,1.08,3.61,1.58,88
DIST,4,AN0,0323,-0.09,6.04,1.95,3.07,AN1,8A94,2.95,5.89,1.95,3.62,AN2,189B,0.00,0.00,1.95,2.98,AN3,C32D,2.95,0.00,1.95,4.05,POS,0.83,3.52,1.55,73
DIST,4,AN0,0323,-0.09,6.04,1.95,3.28,AN1,8A94,2.95,5.89,1.95,3.94,AN2,189B,0.00,0.00,1.95,2.72,AN3,C32D,2.95,0.00,1.95,3.59,POS,0.75,3.32,1.58,83
DIST,4,AN0,0323,-0.09,6.04,1.95,3.50,AN1,8A94,2.95,5.89,1.95,4.26,AN2,189B,0.00,0.00,1.95,2.52,AN3,C32D,2.95,0.00,1.95,3.45,POS,0.69,3.12,1.55,79
DIST,4,AN0,0323,-0.09,6.04,1.95,3.71,AN1,189B,0.00,0.00,1.95,2.28,AN2,8A94,2.95,5.89,1.95,4.48,AN3,C32D,2.95,0.00,1.95,3.60,POS,0.55,2.92,1.53,74
DIST,4,AN0,189B,0.00,0.00,1.95,2.07,AN1,0323,-0.09,6.04,1.95,4.41,AN2,C32D,2.95,0.00,1.95,3.57,AN3,8A94,2.95,5.89,1.95,4.78,POS,0.42,2.63,1.36,58
DIST,4,AN0,189B,0.00,0.00,1.95,1.80,AN1,0323,-0.09,6.04,1.95,4.26,AN2,C32D,2.95,0.00,1.95,3.42,AN3,8A94,2.95,5.89,1.95,5.05,POS,0.33,2.42,1.45,79
DIST,4,AN0,189B,0.00,0.00,1.95,1.62,AN1,C32D,2.95,0.00,1.95,3.36,AN2,0323,-0.09,6.04,1.95,4.48,AN3,8A94,2.95,5.89,1.95,5.23,POS,0.25,2.21,1.48,78
DIST,4,AN0,189B,0.00,0.00,1.95,1.53,AN1,C32D,2.95,0.00,1.95,3.31,AN2,0323,-0.09,6.04,1.95,4.61,AN3,8A94,2.95,5.89,1.95,5.42,POS,0.17,2.02,1.48,73
DIST,4,AN0,189B,0.00,0.00,1.95,1.35,AN1,C32D,2.95,0.00,1.95,3.49,AN2,0323,-0.09,6.04,1.95,4.88,AN3,8A94,2.95,5.89,1.95,5.69,POS,0.06,1.82,1.46,58
DIST,4,AN0,189B,0.00,0.00,1.95,1.18,AN1,C32D,2.95,0.00,1.95,3.19,AN2,0323,-0.09,6.04,1.95,6.91,AN3,8A94,2.95,5.89,1.95,5.78,POS,0.05,1.61,1.42,63
DIST,4,AN0,189B,0.00,0.00,1.95,1.13,AN1,C32D,2.95,0.00,1.95,3.58,AN2,0323,-0.09,6.04,1.95,6.88,AN3,8A94,2.95,5.89,1.95,5.74,POS,-0.15,1.49,1.43,75
DIST,4,AN0,189B,0.00,0.00,1.95,0.97,AN1,0323,-0.09,6.04,1.95,6.91,AN2,C32D,2.95,0.00,1.95,3.05,AN3,8A94,2.95,5.89,1.95,5.93,POS,-0.10,1.30,1.41,63
DIST,4,AN0,189B,0.00,0.00,1.95,0.95,AN1,0323,-0.09,6.04,1.95,5.28,AN2,C32D,2.95,0.00,1.95,3.01,AN3,8A94,2.95,5.89,1.95,5.93,POS,-0.06,1.17,1.41,70
DIST,4,AN0,189B,0.00,0.00,1.95,0.98,AN1,0323,-0.09,6.04,1.95,5.25,AN2,8A94,2.95,5.89,1.95,5.86,AN3,C32D,2.95,0.00,1.95,2.85,POS,0.02,1.09,1.43,77
DIST,4,AN0,189B,0.00,0.00,1.95,0.94,AN1,C32D,2.95,0.00,1.95,2.78,AN2,0323,-0.09,6.04,1.95,5.17,AN3,8A94,2.95,5.89,1.95,5.68,POS,0.09,1.04,1.56,84
DIST,4,AN0,189B,0.00,0.00,1.95,1.06,AN1,C32D,2.95,0.00,1.95,2.83,AN2,0323,-0.09,6.04,1.95,5.24,AN3,8A94,2.95,5.89,1.95,5.65,POS,0.14,0.99,1.51,71
DIST,4,AN0,189B,0.00,0.00,1.95,1.08,AN1,C32D,2.95,0.00,1.95,2.78,AN2,0323,-0.09,6.04,1.95,5.22,AN3,8A94,2.95,5.89,1.95,5.61,POS,0.20,0.96,1.49,71
DIST,4,AN0,189B,0.00,0.00,1.95,1.07,AN1,C32D,2.95,0.00,1.95,2.72,AN2,0323,-0.09,6.04,1.95,5.18,AN3,8A94,2.95,5.89,1.95,5.62,POS,0.25,0.94,1.51,77
DIST,4,AN0,189B,0.00,0.00,1.95,1.04,AN1,C32D,2.95,0.00,1.95,2.75,AN2,0323,-0.09,6.04,1.95,5.20,AN3,8A94,2.95,5.89,1.95,5.54,POS,0.27,0.94,1.47,73
DIST,4,AN0,189B,0.00,0.00,1.95,1.05,AN1,C32D,2.95,0.00,1.95,2.74,AN2,0323,-0.09,6.04,1.95,5.25,AN3,8A94,2.95,5.89,1.95,5.54,POS,0.29,0.94,1.45,70
DIST,4,AN0,189B,0.00,0.00,1.95,1.10,AN1,C32D,2.95,0.00,1.95,2.73,AN2,0323,-0.09,6.04,1.95,5.23,AN3,8A94,2.95,5.89,1.95,5.61,POS,0.33,0.92,1.43,67
DIST,4,AN0,189B,0.00,0.00,1.95,1.05,AN1,C32D,2.95,0.00,1.95,2.76,AN2,0323,-0.09,6.04,1.95,5.18,AN3,8A94,2.95,5.89,1.95,5.64,POS,0.34,0.91,1.46,78
DIST,4,AN0,189B,0.00,0.00,1.95,1.12,AN1,C32D,2.95,0.00,1.95,2.76,AN2,0323,-0.09,6.04,1.95,5.21,AN3,8A94,2.95,5.89,1.95,5.67,POS,0.35,0.91,1.44,70
DIST,4,AN0,189B,0.00,0.00,1.95,1.09,AN1,C32D,2.95,0.00,1.95,2.79,AN2,0323,-0.09,6.04,1.95,5.27,AN3,8A94,2.95,5.89,1.95,5.62,POS,0.35,0.89,1.42,66
DIST,4,AN0,189B,0.00,0.00,1.95,1.08,AN1,C32D,2.95,0.00,1.95,2.76,AN2,0323,-0.09,6.04,1.95,5.19,AN3,8A94,2.95,5.89,1.95,5.63,POS,0.36,0.89,1.44,75
DIST,4,AN0,189B,0.00,0.00,1.95,1.04,AN1,C32D,2.95,0.00,1.95,2.77,AN2,0323,-0.09,6.04,1.95,5.20,AN3,8A94,2.95,5.89,1.95,5.62,POS,0.37,0.89,1.46,76
DIST,4,AN0,189B,0.00,0.00,1.95,1.02,AN1,C32D,2.95,0.00,1.95,2.74,AN2,0323,-0.09,6.04,1.95,5.20,AN3,8A94,2.95,5.89,1.95,5.63,POS,0.37,0.88,1.49,78
DIST,4,AN0,189B,0.00,0.00,1.95,1.03,AN1,C32D,2.95,0.00,1.95,2.77,AN2,0323,-0.09,6.04,1.95,5.18,AN3,8A94,2.95,5.89,1.95,5.62,POS,0.37,0.89,1.51,80
DIST,4,AN0,189B,0.00,0.00,1.95,1.06,AN1,C32D,2.95,0.00,1.95,2.79,AN2,0323,-0.09,6.04,1.95,5.21,AN3,8A94,2.95,5.89,1.95,5.61,POS,0.37,0.88,1.50,74
DIST,4,AN0,189B,0.00,0.00,1.95,1.09,AN1,C32D,2.95,0.00,1.95,2.74,AN2,0323,-0.09,6.04,1.95,5.20,AN3,8A94,2.95,5.89,1.95,5.60,POS,0.38,0.88,1.49,71
DIST,4,AN0,189B,0.00,0.00,1.95,1.09,AN1,C32D,2.95,0.00,1.95,2.76,AN2,0323,-0.09,6.04,1.95,5.28,AN3,8A94,2.95,5.89,1.95,5.56,POS,0.38,0.87,1.45,64
DIST,4,AN0,189B,0.00,0.00,1.95,1.05,AN1,C32D,2.95,0.00,1.95,2.78,AN2,0323,-0.09,6.04,1.95,5.29,AN3,8A94,2.95,5.89,1.95,5.57,POS,0.37,0.85,1.43,66
DIST,4,AN0,189B,0.00,0.00,1.95,1.04,AN1,C32D,2.95,0.00,1.95,2.73,AN2,0323,-0.09,6.04,1.95,5.21,AN3,8A94,2.95,5.89,1.95,5.61,POS,0.38,0.85,1.46,75
DIST,4,AN0,189B,0.00,0.00,1.95,1.10,AN1,C32D,2.95,0.00,1.95,2.70,AN2,0323,-0.09,6.04,1.95,5.26,AN3,8A94,2.95,5.89,1.95,5.63,POS,0.41,0.85,1.44,65
DIST,4,AN0,189B,0.00,0.00,1.95,1.09,AN1,C32D,2.95,0.00,1.95,2.69,AN2,0323,-0.09,6.04,1.95,5.20,AN3,8A94,2.95,5.89,1.95,5.61,POS,0.42,0.86,1.46,72
DIST,4,AN0,189B,0.00,0.00,1.95,1.05,AN1,C32D,2.95,0.00,1.95,2.67,AN2,0323,-0.09,6.04,1.95,5.16,AN3,8A94,2.95,5.89,1.95,5.61,POS,0.42,0.87,1.52,82
DIST,4,AN0,189B,0.00,0.00,1.95,1.02,AN1,C32D,2.95,0.00,1.95,2.72,AN2,0323,-0.09,6.04,1.95,5.20,AN3,8A94,2.95,5.89,1.95,5.64,POS,0.41,0.87,1.54,79
DIST,4,AN0,189B,0.00,0.00,1.95,1.10,AN1,C32D,2.95,0.00,1.95,2.73,AN2,0323,-0.09,6.04,1.95,5.20,AN3,8A94,2.95,5.89,1.95,5.57,POS,0.42,0.88,1.52,72
DIST,4,AN0,189B,0.00,0.00,1.95,1.06,AN1,C32D,2.95,0.00,1.95,2.74,AN2,0323,-0.09,6.04,1.95,5.25,AN3,8A94,2.95,5.89,1.95,5.55,POS,0.41,0.87,1.50,70
DIST,4,AN0,189B,0.00,0.00,1.95,1.03,AN1,C32D,2.95,0.00,1.95,2.77,AN2,0323,-0.09,6.04,1.95,5.16,AN3,8A94,2.95,5.89,1.95,5.58,POS,0.41,0.89,1.58,84
DIST,4,AN0,189B,0.00,0.00,1.95,1.05,AN1,C32D,2.95,0.00,1.95,2.74,AN2,0323,-0.09,6.04,1.95,5.23,AN3,8A94,2.95,5.89,1.95,5.60,POS,0.42,0.90,1.59,78
DIST,4,AN0,189B,0.00,0.00,1.95,1.11,AN1,C32D,2.95,0.00,1.95,2.73,AN2,0323,-0.09,6.04,1.95,5.14,AN3,8A94,2.95,5.89,1.95,5.64,POS,0.42,0.91,1.58,77
DIST,4,AN0,189B,0.00,0.0DIST,4,AN0,189B,0.00,0.00,1.95,1.02,AN1,C32D,2.95,0.00,1.95,2.94,AN2,0323,-0.09,6.04,1.95,4.77,AN3,8A94,2.95,5.89,1.95,5.35,POS,0.19,1.13,1.50,80
DIST,4,AN0,189B,0.00,0.00,1.95,0.97,AN1,C32D,2.95,0.00,1.95,3.02,AN2,0323,-0.09,6.04,1.95,4.77,AN3,8A94,2.95,5.89,1.95,5.35,POS,0.12,1.14,1.49,70
DIST,4,AN0,189B,0.00,0.00,1.95,1.00,AN1,C32D,2.95,0.00,1.95,2.97,AN2,0323,-0.09,6.04,1.95,4.78,AN3,8A94,2.95,5.89,1.95,5.36,POS,0.13,1.13,1.49,82
DIST,4,AN0,189B,0.00,0.00,1.95,0.98,AN1,C32D,2.95,0.00,1.95,2.98,AN2,0323,-0.09,6.04,1.95,4.81,AN3,8A94,2.95,5.89,1.95,5.38,POS,0.15,1.11,1.48,82
DIST,4,AN0,189B,0.00,0.00,1.95,1.01,AN1,C32D,2.95,0.00,1.95,3.04,AN2,0323,-0.09,6.04,1.95,4.77,AN3,8A94,2.95,5.89,1.95,5.33,POS,0.09,1.13,1.48,70
DIST,4,AN0,189B,0.00,0.00,1.95,1.05,AN1,C32D,2.95,0.00,1.95,3.02,AN2,0323,-0.09,6.04,1.95,4.79,AN3,8A94,2.95,5.89,1.95,5.37,POS,0.11,1.12,1.45,77
DIST,4,AN0,189B,0.00,0.00,1.95,1.03,AN1,C32D,2.95,0.00,1.95,3.03,AN2,0323,-0.09,6.04,1.95,4.81,AN3,8A94,2.95,5.89,1.95,5.43,POS,0.10,1.11,1.42,71
DIST,4,AN0,189B,0.00,0.00,1.95,1.01,AN1,C32D,2.95,0.00,1.95,3.03,AN2,0323,-0.09,6.04,1.95,4.82,AN3,8A94,2.95,5.89,1.95,5.51,POS,0.07,1.10,1.41,67
DIST,4,AN0,189B,0.00,0.00,1.95,1.00,AN1,C32D,2.95,0.00,1.95,3.02,AN2,0323,-0.09,6.04,1.95,4.85,AN3,8A94,2.95,5.89,1.95,5.43,POS,0.09,1.08,1.39,75
DIST,4,AN0,189B,0.00,0.00,1.95,0.98,AN1,C32D,2.95,0.00,1.95,2.97,AN2,0323,-0.09,6.04,1.95,4.80,AN3,8A94,2.95,5.89,1.95,5.46,POS,0.07,1.08,1.40,73
DIST,4,AN0,189B,0.00,0.00,1.95,1.00,AN1,C32D,2.95,0.00,1.95,3.00,AN2,0323,-0.09,6.04,1.95,4.83,AN3,8A94,2.95,5.89,1.95,5.46,POS,0.06,1.07,1.40,69
DIST,4,AN0,189B,0.00,0.00,1.95,0.99,AN1,C32D,2.95,0.00,1.95,3.03,AN2,0323,-0.09,6.04,1.95,4.76,AN3,8A94,2.95,5.89,1.95,5.39,POS,0.07,1.08,1.43,81
DIST,4,AN0,189B,0.00,0.00,1.95,0.97,AN1,C32D,2.95,0.00,1.95,3.00,AN2,0323,-0.09,6.04,1.95,4.82,AN3,8A94,2.95,5.89,1.95,5.46,POS,0.05,1.07,1.43,72
DIST,4,AN0,189B,0.00,0.00,1.95,0.95,AN1,C32D,2.95,0.00,1.95,3.01,AN2,0323,-0.09,6.04,1.95,4.82,AN3,8A94,2.95,5.89,1.95,5.46,POS,0.05,1.06,1.44,75
DIST,4,AN0,189B,0.00,0.00,1.95,0.96,AN1,C32D,2.95,0.00,1.95,3.01,AN2,0323,-0.09,6.04,1.95,4.83,AN3,8A94,2.95,5.89,1.95,5.42,POS,0.07,1.06,1.44,79
DIST,4,AN0,189B,0.00,0.00,1.95,0.92,AN1,C32D,2.95,0.00,1.95,3.01,AN2,0323,-0.09,6.04,1.95,4.80,AN3,8A94,2.95,5.89,1.95,5.38,POS,0.03,1.08,1.46,71
DIST,4,AN0,189B,0.00,0.00,1.95,0.97,AN1,C32D,2.95,0.00,1.95,2.99,AN2,0323,-0.09,6.04,1.95,4.82,AN3,8A94,2.95,5.89,1.95,5.34,POS,0.01,1.10,1.46,71
DIST,4,AN0,189B,0.00,0.00,1.95,0.97,AN1,C32D,2.95,0.00,1.95,3.02,AN2,0323,-0.09,6.04,1.95,4.83,AN3,8A94,2.95,5.89,1.95,5.41,POS,0.05,1.09,1.45,80
DIST,4,AN0,189B,0.00,0.00,1.95,0.97,AN1,C32D,2.95,0.00,1.95,2.96,AN2,0323,-0.09,6.04,1.95,4.78,AN3,8A94,2.95,5.89,1.95,5.40,POS,0.06,1.08,1.47,80
DIST,4,AN0,189B,0.00,0.00,1.95,1.02,AN1,C32D,2.95,0.00,1.95,2.98,AN2,0323,-0.09,6.04,1.95,4.77,AN3,8A94,2.95,5.89,1.95,5.40,POS,0.06,1.09,1.46,74
DIST,4,AN0,189B,0.00,0.00,1.95,1.01,AN1,C32D,2.95,0.00,1.95,2.94,AN2,0323,-0.09,6.04,1.95,4.87,AN3,8A94,2.95,5.89,1.95,5.42,POS,0.10,1.09,1.56,83
DIST,4,AN0,189B,0.00,0.00,1.95,0.97,AN1,C32D,2.95,0.00,1.95,2.95,AN2,0323,-0.09,6.04,1.95,4.86,AN3,8A94,2.95,5.89,1.95,5.38,POS,0.14,1.07,1.53,80
DIST,4,AN0,189B,0.00,0.00,1.95,0.99,AN1,C32D,2.95,0.00,1.95,2.96,AN2,0323,-0.09,6.04,1.95,4.74,AN3,8A94,2.95,5.89,1.95,5.37,POS,0.12,1.08,1.54,80
DIST,4,AN0,189B,0.00,0.00,1.95,0.96,AN1,C32D,2.95,0.00,1.95,2.98,AN2,0323,-0.09,6.04,1.95,4.81,AN3,8A94,2.95,5.89,1.95,5.36,POS,0.08,1.10,1.51,69
DIST,4,AN0,189B,0.00,0.00,1.95,0.97,AN1,C32D,2.95,0.00,1.95,2.95,AN2,0323,-0.09,6.04,1.95,4.76,AN3,8A94,2.95,5.89,1.95,5.31,POS,0.06,1.11,1.49,73
DIST,4,AN0,189B,0.00,0.00,1.95,1.03,AN1,C32D,2.95,0.00,1.95,2.94,AN2,0323,-0.09,6.04,1.95,4.79,AN3,8A94,2.95,5.89,1.95,5.31,POS,0.11,1.11,1.48,82
DIST,4,AN0,189B,0.00,0.00,1.95,1.06,AN1,C32D,2.95,0.00,1.95,2.90,AN2,0323,-0.09,6.04,1.95,4.79,AN3,8A94,2.95,5.89,1.95,5.34,POS,0.14,1.10,1.46,78
DIST,4,AN0,189B,0.00,0.00,1.95,1.14,AN1,C32D,2.95,0.00,1.95,2.80,AN2,0323,-0.09,6.04,1.95,4.66,AN3,8A94,2.95,5.89,1.95,5.31,POS,0.12,1.10,1.52,84
DIST,4,AN0,189B,0.00,0.00,1.95,1.16,AN1,C32D,2.95,0.00,1.95,2.84,AN2,0323,-0.09,6.04,1.95,4.64,AN3,8A94,2.95,5.89,1.95,5.26,POS,0.14,1.14,1.50,82
DIST,4,AN0,189B,0.00,0.00,1.95,1.17,AN1,C32D,2.95,0.00,1.95,2.78,AN2,0323,-0.09,6.04,1.95,4.67,AN3,8A94,2.95,5.89,1.95,5.30,POS,0.13,1.12,1.51,82
DIST,4,AN0,189B,0.00,0.00,1.95,1.08,AN1,C32D,2.95,0.00,1.95,2.80,AN2,0323,-0.09,6.04,1.95,4.57,AN3,8A94,2.95,5.89,1.95,5.21,POS,0.14,1.14,1.55,83
DIST,4,AN0,189B,0.00,0.00,1.95,1.15,AN1,C32D,2.95,0.00,1.95,2.65,AN2,0323,-0.09,6.04,1.95,4.72,AN3,8A94,2.95,5.89,1.95,5.28,POS,0.16,1.11,1.56,84
DIST,4,AN0,189B,0.00,0.00,1.95,1.16,AN1,C32D,2.95,0.00,1.95,2.58,AN2,0323,-0.09,6.04,1.95,4.84,AN3,8A94,2.95,5.89,1.95,5.17,POS,0.27,1.11,1.52,66
DIST,4,AN0,189B,0.00,0.00,1.95,1.17,AN1,C32D,2.95,0.00,1.95,2.48,AN2,0323,-0.09,6.04,1.95,4.84,AN3,8A94,2.95,5.89,1.95,5.17,POS,0.35,1.10,1.49,67
DIST,4,AN0,189B,0.00,0.00,1.95,1.20,AN1,C32D,2.95,0.00,1.95,2.27,AN2,0323,-0.09,6.04,1.95,4.79,AN3,8A94,2.95,5.89,1.95,5.13,POS,0.41,1.07,1.54,75
DIST,4,AN0,189B,0.00,0.00,1.95,1.27,AN1,C32D,2.95,0.00,1.95,2.18,AN2,0323,-0.09,6.04,1.95,4.79,AN3,8A94,2.95,5.89,1.95,5.07,POS,0.48,1.06,1.60,71
DIST,4,AN0,189B,0.00,0.00,1.95,1.39,AN1,C32D,2.95,0.00,1.95,2.10,AN2,0323,-0.09,6.04,1.95,4.80,AN3,8A94,2.95,5.89,1.95,5.08,POS,0.61,1.09,1.60,67
DIST,4,AN0,189B,0.00,0.00,1.95,1.46,AN1,C32D,2.95,0.00,1.95,2.07,AN2,0323,-0.09,6.04,1.95,4.76,AN3,8A94,2.95,5.89,1.95,4.97,POS,0.66,1.07,1.51,51
DIST,4,AN0,189B,0.00,0.00,1.95,1.54,AN1,C32D,2.95,0.00,1.95,1.96,AN2,0323,-0.09,6.04,1.95,4.82,AN3,8A94,2.95,5.89,1.95,4.97,POS,0.80,1.10,1.53,73
DIST,4,AN0,189B,0.00,0.00,1.95,1.58,AN1,C32D,2.95,0.00,1.95,1.85,AN2,0323,-0.09,6.04,1.95,4.87,AN3,8A94,2.95,5.89,1.95,4.97,POS,0.92,1.12,1.55,75
DIST,4,AN0,189B,0.00,0.00,1.95,1.58,AN1,C32D,2.95,0.00,1.95,1.78,AN2,0323,-0.09,6.04,1.95,4.93,AN3,8A94,2.95,5.89,1.95,4.93,POS,0.99,1.09,1.53,64
DIST,4,AN0,189B,0.00,0.00,1.95,1.63,AN1,C32D,2.95,0.00,1.95,1.68,AN2,0323,-0.09,6.04,1.95,4.97,AN3,8A94,2.95,5.89,1.95,4.92,POS,1.06,1.06,1.53,67
DIST,4,AN0,189B,0.00,0.00,1.95,1.69,AN1,C32D,2.95,0.00,1.95,1.72,AN2,0323,-0.09,6.04,1.95,5.02,AN3,8A94,2.95,5.89,1.95,4.94,POS,1.16,1.06,1.51,73
DIST,4,AN0,189B,0.00,0.00,1.95,1.69,AN1,C32D,2.95,0.00,1.95,1.65,AN2,0323,-0.09,6.04,1.95,5.07,AN3,8A94,2.95,5.89,1.95,4.95,POS,1.24,1.06,1.49,72
DIST,4,AN0,189B,0.00,0.00,1.95,1.70,AN1,C32D,2.95,0.00,1.95,1.74,AN2,8A94,2.95,5.89,1.95,4.93,AN3,0323,-0.09,6.04,1.95,4.99,POS,1.25,1.04,1.44,63
DIST,4,AN0,189B,0.00,0.00,1.95,1.71,AN1,C32D,2.95,0.00,1.95,1.66,AN2,8A94,2.95,5.89,1.95,4.92,AN3,0323,-0.09,6.04,1.95,4.92,POS,1.32,1.07,1.55,81
DIST,4,AN0,189B,0.00,0.00,1.95,1.72,AN1,C32D,2.95,0.00,1.95,1.69,AN2,8A94,2.95,5.89,1.95,4.90,AN3,0323,-0.09,6.04,1.95,4.99,POS,1.32,1.05,1.49,65
DIST,4,AN0,189B,0.00,0.00,1.95,1.73,AN1,C32D,2.95,0.00,1.95,1.70,AN2,8A94,2.95,5.89,1.95,4.90,AN3,0323,-0.09,6.04,1.95,4.96,POS,1.32,1.04,1.47,66
DIST,4,AN0,189B,0.00,0.00,1.95,1.76,AN1,C32D,2.95,0.00,1.95,1.67,AN2,8A94,2.95,5.89,1.95,4.87,AN3,0323,-0.09,6.04,1.95,4.96,POS,1.32,1.03,1.47,68
DIST,4,AN0,189B,0.00,0.00,1.95,1.74,AN1,C32D,2.95,0.00,1.95,1.67,AN2,8A94,2.95,5.89,1.95,4.89,AN3,0323,-0.09,6.04,1.95,4.97,POS,1.32,1.02,1.47,68
DIST,4,AN0,189B,0.00,0.00,1.95,1.74,AN1,C32D,2.95,0.00,1.95,1.68,AN2,8A94,2.95,5.89,1.95,4.90,AN3,0323,-0.09,6.04,1.95,4.94,POS,1.37,1.05,1.52,79
DIST,4,AN0,189B,0.00,0.00,1.95,1.75,AN1,C32D,2.95,0.00,1.95,1.69,AN2,8A94,2.95,5.89,1.95,4.95,AN3,0323,-0.09,6.04,1.95,4.97,POS,1.40,1.08,1.52,76
DIST,4,AN0,189B,0.00,0.00,1.95,1.74,AN1,C32D,2.95,0.00,1.95,1.63,AN2,8A94,2.95,5.89,1.95,4.87,AN3,0323,-0.09,6.04,1.95,4.93,POS,1.38,1.04,1.45,60
DIST,4,AN0,189B,0.00,0.00,1.95,1.76,AN1,C32D,2.95,0.00,1.95,1.65,AN2,8A94,2.95,5.89,1.95,4.84,AN3,0323,-0.09,6.04,1.95,4.97,POS,1.38,1.04,1.43,68
DIST,4,AN0,189B,0.00,0.00,1.95,1.82,AN1,C32D,2.95,0.00,1.95,1.63,AN2,8A94,2.95,5.89,1.95,4.79,AN3,0323,-0.09,6.04,1.95,4.93,POS,1.39,1.04,1.43,72
DIST,4,AN0,189B,0.00,0.00,1.95,1.89,AN1,C32D,2.95,0.00,1.95,1.58,AN2,8A94,2.95,5.89,1.95,4.82,AN3,0323,-0.09,6.04,1.95,4.95,POS,1.46,1.08,1.48,75
DIST,4,AN0,189B,0.00,0.00,1.95,1.86,AN1,C32D,2.95,0.00,1.95,1.57,AN2,8A94,2.95,5.89,1.95,4.78,AN3,0323,-0.09,6.04,1.95,4.94,POS,1.46,1.08,1.49,75
DIST,4,AN0,189B,0.00,0.00,1.95,1.96,AN1,C32D,2.95,0.00,1.95,1.54,AN2,8A94,2.95,5.89,1.95,4.85,AN3,0323,-0.09,6.04,1.95,4.97,POS,1.54,1.11,1.53,73
DIST,4,AN0,C32D,2.95,0.00,1.95,1.40,AN1,189B,0.00,0.00,1.95,2.07,AN2,8A94,2.95,5.89,1.95,4.84,AN3,0323,-0.09,6.04,1.95,5.09,POS,1.63,1.13,1.54,66
DIST,4,AN0,C32D,2.95,0.00,1.95,1.29,AN1,189B,0.00,0.00,1.95,2.14,AN2,8A94,2.95,5.89,1.95,4.85,AN3,0323,-0.09,6.04,1.95,5.12,POS,1.73,1.14,1.61,65
DIST,3,AN0,189B,0.00,0.00,1.95,2.17,AN1,8A94,2.95,5.89,1.95,4.78,AN2,0323,-0.09,6.04,1.95,5.23,POS,1.78,1.13,1.62,82
DIST,4,AN0,C32D,2.95,0.00,1.95,1.18,AN1,189B,0.00,0.00,1.95,2.39,AN2,8A94,2.95,5.89,1.95,4.79,AN3,0323,-0.09,6.04,1.95,5.34,POS,1.87,1.10,1.58,57
DIST,4,AN0,C32D,2.95,0.00,1.95,1.17,AN1,189B,0.00,0.00,1.95,2.41,AN2,8A94,2.95,5.89,1.95,4.70,AN3,0323,-0.09,6.04,1.95,5.31,POS,1.98,1.09,1.55,67
DIST,4,AN0,C32D,2.95,0.00,1.95,1.11,AN1,189B,0.00,0.00,1.95,2.53,AN2,8A94,2.95,5.89,1.95,4.72,AN3,0323,-0.09,6.04,1.95,5.30,POS,2.10,1.11,1.57,83
DIST,4,AN0,C32D,2.95,0.00,1.95,1.05,AN1,189B,0.00,0.00,1.95,2.67,AN2,8A94,2.95,5.89,1.95,4.78,AN3,0323,-0.09,6.04,1.95,5.37,POS,2.22,1.12,1.60,83
DIST,4,AN0,C32D,2.95,0.00,1.95,1.01,AN1,189B,0.00,0.00,1.95,2.71,AN2,8A94,2.95,5.89,1.95,4.78,AN3,0323,-0.09,6.04,1.95,5.52,POS,2.28,1.08,1.54,69
DIST,4,AN0,C32D,2.95,0.00,1.95,0.92,AN1,189B,0.00,0.00,1.95,2.83,AN2,8A94,2.95,5.89,1.95,4.82,AN3,0323,-0.09,6.04,1.95,5.57,POS,2.41,1.08,1.57,84
DIST,4,AN0,C32D,2.95,0.00,1.95,0.84,AN1,189B,0.00,0.00,1.95,2.89,AN2,8A94,2.95,5.89,1.95,4.83,AN3,0323,-0.09,6.04,1.95,5.62,POS,2.54,1.06,1.53,71
DIST,4,AN0,C32D,2.95,0.00,1.95,0.86,AN1,189B,0.00,0.00,1.95,2.96,AN2,8A94,2.95,5.89,1.95,4.86,AN3,0323,-0.09,6.04,1.95,5.64,POS,2.67,1.05,1.50,65
DIST,4,AN0,C32D,2.95,0.00,1.95,0.89,AN1,189B,0.00,0.00,1.95,2.99,AN2,8A94,2.95,5.89,1.95,4.78,AN3,0323,-0.09,6.04,1.95,5.70,POS,2.71,1.02,1.48,76
DIST,4,AN0,C32D,2.95,0.00,1.95,0.91,AN1,189B,0.00,0.00,1.95,2.99,AN2,8A94,2.95,5.89,1.95,4.90,AN3,0323,-0.09,6.04,1.95,5.60,POS,2.80,1.04,1.46,66
DIST,4,AN0,C32D,2.95,0.00,1.95,0.90,AN1,189B,0.00,0.00,1.95,3.01,AN2,8A94,2.95,5.89,1.95,4.83,AN3,0323,-0.09,6.04,1.95,5.70,POS,2.85,1.04,1.50,74
DIST,4,AN0,C32D,2.95,0.00,1.95,0.94,AN1,189B,0.00,0.00,1.95,3.03,AN2,8A94,2.95,5.89,1.95,4.84,AN3,0323,-0.09,6.04,1.95,5.62,POS,2.90,1.06,1.56,79
DIST,4,AN0,C32D,2.95,0.00,1.95,0.91,AN1,189B,0.00,0.00,1.95,3.07,AN2,8A94,2.95,5.89,1.95,4.83,AN3,0323,-0.09,6.04,1.95,5.61,POS,2.96,1.07,1.55,65
DIST,4,AN0,C32D,2.95,0.00,1.95,0.92,AN1,8A94,2.95,5.89,1.95,4.80,AN2,189B,0.00,0.00,1.95,3.09,AN3,0323,-0.09,6.04,1.95,5.66,POS,2.99,1.08,1.65,76
DIST,4,AN0,C32D,2.95,0.00,1.95,0.95,AN1,8A94,2.95,5.89,1.95,4.81,AN2,189B,0.00,0.00,1.95,3.12,AN3,0323,-0.09,6.04,1.95,5.72,POS,3.02,1.08,1.63,70
DIST,4,AN0,C32D,2.95,0.00,1.95,0.95,AN1,8A94,2.95,5.89,1.95,4.87,AN2,189B,0.00,0.00,1.95,3.14,AN3,0323,-0.09,6.04,1.95,5.79,POS,3.04,1.07,1.59,64
DIST,4,AN0,C32D,2.95,0.00,1.95,0.94,AN1,8A94,2.95,5.89,1.95,4.88,AN2,189B,0.00,0.00,1.95,3.14,AN3,0323,-0.09,6.04,1.95,5.76,POS,3.06,1.06,1.58,67
DIST,4,AN0,C32D,2.95,0.00,1.95,0.98,AN1,8A94,2.95,5.89,1.95,4.90,AN2,189B,0.00,0.00,1.95,3.20,AN3,0323,-0.09,6.04,1.95,5.89,POS,3.07,1.05,1.58,66
DIST,4,AN0,C32D,2.95,0.00,1.95,1.00,AN1,8A94,2.95,5.89,1.95,4.92,AN2,189B,0.00,0.00,1.95,3.19,AN3,0323,-0.09,6.04,1.95,5.93,POS,3.06,1.03,1.61,78
DIST,4,AN0,C32D,2.95,0.00,1.95,1.00,AN1,8A94,2.95,5.89,1.95,4.91,AN2,189B,0.00,0.00,1.95,3.15,AN3,0323,-0.09,6.04,1.95,5.91,POS,3.04,1.02,1.65,82
DIST,4,AN0,C32D,2.95,0.00,1.95,0.98,AN1,8A94,2.95,5.89,1.95,4.93,AN2,189B,0.00,0.00,1.95,3.12,AN3,0323,-0.09,6.04,1.95,5.86,POS,3.00,1.00,1.68,85
DIST,4,AN0,C32D,2.95,0.00,1.95,0.92,AN1,8A94,2.95,5.89,1.95,4.95,AN2,189B,0.00,0.00,1.95,3.09,AN3,0323,-0.09,6.04,1.95,5.93,POS,3.00,0.97,1.61,65
DIST,4,AN0,C32D,2.95,0.00,1.95,0.97,AN1,8A94,2.95,5.89,1.95,4.95,AN2,189B,0.00,0.00,1.95,3.11,AN3,0323,-0.09,6.04,1.95,5.90,POS,2.98,0.96,1.64,83
DIST,4,AN0,C32D,2.95,0.00,1.95,0.96,AN1,8A94,2.95,5.89,1.95,4.91,AN2,189B,0.00,0.00,1.95,3.13,AN3,0323,-0.09,6.04,1.95,5.87,POS,2.97,0.95,1.58,68
DIST,4,AN0,C32D,2.95,0.00,1.95,1.01,AN1,8A94,2.95,5.89,1.95,4.91,AN2,189B,0.00,0.00,1.95,3.06,AN3,0323,-0.09,6.04,1.95,5.83,POS,2.94,0.96,1.61,85
DIST,4,AN0,C32D,2.95,0.00,1.95,1.02,AN1,189B,0.00,0.00,1.95,3.09,AN2,8A94,2.95,5.89,1.95,4.84,AN3,0323,-0.09,6.04,1.95,5.80,POS,2.95,0.96,1.56,69
DIST,4,AN0,C32D,2.95,0.00,1.95,1.11,AN1,189B,0.00,0.00,1.95,3.00,AN2,8A94,2.95,5.89,1.95,4.81,AN3,0323,-0.09,6.04,1.95,5.80,POS,2.96,0.95,1.49,60
DIST,4,AN0,C32D,2.95,0.00,1.95,1.14,AN1,8A94,2.95,5.89,1.95,4.76,AN2,189B,0.00,0.00,1.95,3.11,AN3,0323,-0.09,6.04,1.95,5.74,POS,2.94,1.00,1.56,84
DIST,4,AN0,C32D,2.95,0.00,1.95,1.26,AN1,189B,0.00,0.00,1.95,3.08,AN2,8A94,2.95,5.89,1.95,4.60,AN3,0323,-0.09,6.04,1.95,5.60,POS,2.93,1.06,1.52,74
DIST,4,AN0,C32D,2.95,0.00,1.95,1.39,AN1,189B,0.00,0.00,1.95,3.18,AN2,8A94,2.95,5.89,1.95,4.46,AN3,0323,-0.09,6.04,1.95,5.44,POS,2.92,1.13,1.48,75
DIST,4,AN0,C32D,2.95,0.00,1.95,1.47,AN1,189B,0.00,0.00,1.95,3.24,AN2,8A94,2.95,5.89,1.95,4.34,AN3,0323,-0.09,6.04,1.95,5.26,POS,2.93,1.24,1.46,73
DIST,4,AN0,C32D,2.95,0.00,1.95,1.67,AN1,189B,0.00,0.00,1.95,3.29,AN2,8A94,2.95,5.89,1.95,4.26,AN3,0323,-0.09,6.04,1.95,5.20,POS,2.92,1.36,1.45,77
DIST,4,AN0,C32D,2.95,0.00,1.95,1.74,AN1,189B,0.00,0.00,1.95,3.38,AN2,8A94,2.95,5.89,1.95,4.16,AN3,0323,-0.09,6.04,1.95,5.12,POS,2.93,1.47,1.49,78
DIST,4,AN0,C32D,2.95,0.00,1.95,1.87,AN1,189B,0.00,0.00,1.95,3.49,AN2,8A94,2.95,5.89,1.95,3.94,AN3,0323,-0.09,6.04,1.95,5.05,POS,2.94,1.57,1.47,73
DIST,4,AN0,C32D,2.95,0.00,1.95,1.95,AN1,189B,0.00,0.00,1.95,3.49,AN2,8A94,2.95,5.89,1.95,3.88,AN3,0323,-0.09,6.04,1.95,5.01,POS,2.94,1.67,1.43,72
DIST,4,AN0,C32D,2.95,0.00,1.95,2.09,AN1,189B,0.00,0.00,1.95,3.93,AN2,8A94,2.95,5.89,1.95,3.76,AN3,0323,-0.09,6.04,1.95,4.86,POS,3.10,1.83,1.41,75
DIST,4,AN0,C32D,2.95,0.00,1.95,2.27,AN1,8A94,2.95,5.89,1.95,3.59,AN2,189B,0.00,0.00,1.95,3.90,AN3,0323,-0.09,6.04,1.95,4.84,POS,3.14,1.96,1.39,69
DIST,4,AN0,C32D,2.95,0.00,1.95,2.29,AN1,8A94,2.95,5.89,1.95,3.51,AN2,189B,0.00,0.00,1.95,3.93,AN3,0323,-0.09,6.04,1.95,4.70,POS,3.20,2.09,1.38,72
DIST,4,AN0,C32D,2.95,0.00,1.95,2.35,AN1,8A94,2.95,5.89,1.95,3.48,AN2,189B,0.00,0.00,1.95,4.06,AN3,0323,-0.09,6.04,1.95,4.67,POS,3.29,2.22,1.35,76
DIST,4,AN0,C32D,2.95,0.00,1.95,2.34,AN1,8A94,2.95,5.89,1.95,3.38,AN2,189B,0.00,0.00,1.95,4.08,AN3,0323,-0.09,6.04,1.95,4.70,POS,3.37,2.31,1.34,76
DIST,4,AN0,C32D,2.95,0.00,1.95,2.40,AN1,8A94,2.95,5.89,1.95,3.41,AN2,189B,0.00,0.00,1.95,4.08,AN3,0323,-0.09,6.04,1.95,4.61,POS,3.41,2.40,1.33,76
DIST,4,AN0,C32D,2.95,0.00,1.95,2.38,AN1,8A94,2.95,5.89,1.95,3.38,AN2,189B,0.00,0.00,1.95,4.11,AN3,0323,-0.09,6.04,1.95,4.60,POS,3.46,2.47,1.40,77
DIST,4,AN0,C32D,2.95,0.00,1.95,2.44,AN1,8A94,2.95,5.89,1.95,3.35,AN2,189B,0.00,0.00,1.95,4.12,AN3,0323,-0.09,6.04,1.95,4.65,POS,3.48,2.52,1.46,75
DIST,4,AN0,C32D,2.95,0.00,1.95,2.42,AN1,8A94,2.95,5.89,1.95,3.35,AN2,189B,0.00,0.00,1.95,4.12,AN3,0323,-0.09,6.04,1.95,4.68,POS,3.49,2.55,1.51,75
DIST,4,AN0,C32D,2.95,0.00,1.95,2.42,AN1,8A94,2.95,5.89,1.95,3.38,AN2,189B,0.00,0.00,1.95,4.09,AN3,0323,-0.09,6.04,1.95,4.60,POS,3.50,2.58,1.45,76
DIST,4,AN0,C32D,2.95,0.00,1.95,2.46,AN1,8A94,2.95,5.89,1.95,3.36,AN2,189B,0.00,0.00,1.95,4.03,AN3,0323,-0.09,6.04,1.95,4.58,POS,3.47,2.60,1.42,73
DIST,4,AN0,C32D,2.95,0.00,1.95,2.38,AN1,8A94,2.95,5.89,1.95,3.37,AN2,189B,0.00,0.00,1.95,4.04,AN3,0323,-0.09,6.04,1.95,4.63,POS,3.47,2.60,1.49,74
DIST,4,AN0,C32D,2.95,0.00,1.95,2.43,AN1,8A94,2.95,5.89,1.95,3.41,AN2,189B,0.00,0.00,1.95,4.03,AN3,0323,-0.09,6.04,1.95,4.57,POS,3.45,2.62,1.50,74
DIST,4,AN0,C32D,2.95,0.00,1.95,2.44,AN1,8A94,2.95,5.89,1.95,3.37,AN2,189B,0.00,0.00,1.95,4.00,AN3,0323,-0.09,6.04,1.95,4.56,POS,3.42,2.62,1.46,73
DIST,4,AN0,C32D,2.95,0.00,1.95,2.41,AN1,8A94,2.95,5.89,1.95,3.36,AN2,189B,0.00,0.00,1.95,3.99,AN3,0323,-0.09,6.04,1.95,4.64,POS,3.39,2.61,1.52,71
DIST,4,AN0,C32D,2.95,0.00,1.95,2.51,AN1,8A94,2.95,5.89,1.95,3.32,AN2,189B,0.00,0.00,1.95,4.07,AN3,0323,-0.09,6.04,1.95,4.64,POS,3.36,2.62,1.51,72
DIST,4,AN0,C32D,2.95,0.00,1.95,2.48,AN1,8A94,2.95,5.89,1.95,3.30,AN2,189B,0.00,0.00,1.95,4.10,AN3,0323,-0.09,6.04,1.95,4.58,POS,3.38,2.64,1.52,75
DIST,4,AN0,C32D,2.95,0.00,1.95,2.52,AN1,8A94,2.95,5.89,1.95,3.24,AN2,189B,0.00,0.00,1.95,4.02,AN3,0323,-0.09,6.04,1.95,4.48,POS,3.36,2.66,1.47,73
DIST,4,AN0,C32D,2.95,0.00,1.95,2.59,AN1,8A94,2.95,5.89,1.95,3.19,AN2,189B,0.00,0.00,1.95,4.00,AN3,0323,-0.09,6.04,1.95,4.40,POS,3.31,2.69,1.57,71
DIST,4,AN0,C32D,2.95,0.00,1.95,2.68,AN1,8A94,2.95,5.89,1.95,3.12,AN2,189B,0.00,0.00,1.95,4.13,AN3,0323,-0.09,6.04,1.95,4.34,POS,3.31,2.74,1.52,74
DIST,4,AN0,C32D,2.95,0.00,1.95,2.78,AN1,8A94,2.95,5.89,1.95,3.04,AN2,189B,0.00,0.00,1.95,4.16,AN3,0323,-0.09,6.04,1.95,4.31,POS,3.27,2.80,1.54,73
DIST,4,AN0,C32D,2.95,0.00,1.95,2.93,AN1,8A94,2.95,5.89,1.95,2.97,AN2,189B,0.00,0.00,1.95,4.19,AN3,0323,-0.09,6.04,1.95,4.27,POS,3.22,2.85,1.56,72
DIST,4,AN0,C32D,2.95,0.00,1.95,3.07,AN1,8A94,2.95,5.89,1.95,2.85,AN2,189B,0.00,0.00,1.95,4.24,AN3,0323,-0.09,6.04,1.95,4.22,POS,3.14,2.90,1.59,71
DIST,4,AN0,C32D,2.95,0.00,1.95,3.17,AN1,8A94,2.95,5.89,1.95,2.70,AN2,189B,0.00,0.00,1.95,4.37,AN3,0323,-0.09,6.04,1.95,4.16,POS,3.12,2.98,1.54,70
DIST,4,AN0,8A94,2.95,5.89,1.95,2.55,AN1,C32D,2.95,0.00,1.95,3.29,AN2,189B,0.00,0.00,1.95,4.53,AN3,0323,-0.09,6.04,1.95,3.99,POS,3.06,3.07,1.48,70
DIST,4,AN0,8A94,2.95,5.89,1.95,2.38,AN1,C32D,2.95,0.00,1.95,3.40,AN2,0323,-0.09,6.04,1.95,3.79,AN3,189B,0.00,0.00,1.95,4.50,POS,2.98,3.17,1.47,75
DIST,4,AN0,8A94,2.95,5.89,1.95,2.28,AN1,C32D,2.95,0.00,1.95,3.53,AN2,0323,-0.09,6.04,1.95,3.68,AN3,189B,0.00,0.00,1.95,4.58,POS,2.92,3.27,1.46,75
DIST,4,AN0,8A94,2.95,5.89,1.95,2.11,AN1,C32D,2.95,0.00,1.95,3.63,AN2,0323,-0.09,6.04,1.95,3.58,AN3,189B,0.00,0.00,1.95,4.60,POS,2.89,3.38,1.51,77
DIST,4,AN0,8A94,2.95,5.89,1.95,2.02,AN1,C32D,2.95,0.00,1.95,3.79,AN2,0323,-0.09,6.04,1.95,3.48,AN3,189B,0.00,0.00,1.95,4.78,POS,2.83,3.50,1.49,78
DIST,4,AN0,8A94,2.95,5.89,1.95,1.96,AN1,C32D,2.95,0.00,1.95,3.86,AN2,0323,-0.09,6.04,1.95,3.56,AN3,189B,0.00,0.00,1.95,4.86,POS,2.85,3.60,1.46,73
DIST,4,AN0,8A94,2.95,5.89,1.95,1.87,AN1,C32D,2.95,0.00,1.95,3.95,AN2,0323,-0.09,6.04,1.95,3.53,AN3,189B,0.00,0.00,1.95,4.96,POS,2.90,3.73,1.46,71
DIST,4,AN0,8A94,2.95,5.89,1.95,1.87,AN1,C32D,2.95,0.00,1.95,3.96,AN2,0323,-0.09,6.04,1.95,3.49,AN3,189B,0.00,0.00,1.95,5.01,POS,2.87,3.80,1.44,78
DIST,4,AN0,8A94,2.95,5.89,1.95,1.79,AN1,0323,-0.09,6.04,1.95,3.53,AN2,C32D,2.95,0.00,1.95,4.00,AN3,189B,0.00,0.00,1.95,5.02,POS,2.93,3.89,1.45,70
DIST,4,AN0,8A94,2.95,5.89,1.95,1.83,AN1,0323,-0.09,6.04,1.95,3.54,AN2,C32D,2.95,0.00,1.95,3.89,AN3,189B,0.00,0.00,1.95,5.05,POS,3.04,3.98,1.45,67
DIST,4,AN0,8A94,2.95,5.89,1.95,1.84,AN1,C32D,2.95,0.00,1.95,3.95,AN2,0323,-0.09,6.04,1.95,3.53,AN3,189B,0.00,0.00,1.95,4.97,POS,3.05,4.02,1.47,71
DIST,4,AN0,8A94,2.95,5.89,1.95,1.83,AN1,C32D,2.95,0.00,1.95,3.99,AN2,0323,-0.09,6.04,1.95,3.42,AN3,189B,0.00,0.00,1.95,4.94,POS,2.98,4.03,1.46,80
DIST,4,AN0,8A94,2.95,5.89,1.95,1.83,AN1,C32D,2.95,0.00,1.95,3.94,AN2,0323,-0.09,6.04,1.95,3.35,AN3,189B,0.00,0.00,1.95,4.85,POS,2.90,4.02,1.48,79
DIST,4,AN0,8A94,2.95,5.89,1.95,1.77,AN1,0323,-0.09,6.04,1.95,3.32,AN2,C32D,2.95,0.00,1.95,3.90,AN3,189B,0.00,0.00,1.95,4.87,POS,2.86,4.03,1.44,79
DIST,4,AN0,8A94,2.95,5.89,1.95,1.78,AN1,0323,-0.09,6.04,1.95,3.34,AN2,C32D,2.95,0.00,1.95,4.02,AN3,189B,0.00,0.00,1.95,4.90,POS,2.83,4.04,1.45,80
DIST,4,AN0,8A94,2.95,5.89,1.95,1.80,AN1,0323,-0.09,6.04,1.95,3.30,AN2,C32D,2.95,0.00,1.95,3.97,AN3,189B,0.00,0.00,1.95,4.90,POS,2.87,4.09,1.42,71
DIST,4,AN0,8A94,2.95,5.89,1.95,1.73,AN1,0323,-0.09,6.04,1.95,3.33,AN2,C32D,2.95,0.00,1.95,4.05,AN3,189B,0.00,0.00,1.95,4.88,POS,2.83,4.10,1.44,80
DIST,4,AN0,8A94,2.95,5.89,1.95,1.72,AN1,0323,-0.09,6.04,1.95,3.33,AN2,C32D,2.95,0.00,1.95,4.01,AN3,189B,0.00,0.00,1.95,4.99,POS,2.80,4.10,1.51,80
DIST,4,AN0,8A94,2.95,5.89,1.95,1.73,AN1,0323,-0.09,6.04,1.95,3.34,AN2,C32D,2.95,0.00,1.95,4.01,AN3,189B,0.00,0.00,1.95,4.95,POS,2.78,4.10,1.54,80
DIST,4,AN0,8A94,2.95,5.89,1.95,1.76,AN1,0323,-0.09,6.04,1.95,3.37,AN2,C32D,2.95,0.00,1.95,3.98,AN3,189B,0.00,0.00,1.95,4.91,POS,2.78,4.09,1.58,80
DIST,4,AN0,8A94,2.95,5.89,1.95,1.78,AN1,0323,-0.09,6.04,1.95,3.37,AN2,C32D,2.95,0.00,1.95,4.00,AN3,189B,0.00,0.00,1.95,4.87,POS,2.78,4.08,1.56,80
DIST,4,AN0,8A94,2.95,5.89,1.95,1.78,AN1,0323,-0.09,6.04,1.95,3.40,AN2,C32D,2.95,0.00,1.95,3.93,AN3,189B,0.00,0.00,1.95,4.82,POS,2.78,4.07,1.64,79
DIST,4,AN0,8A94,2.95,5.89,1.95,1.84,AN1,0323,-0.09,6.04,1.95,3.31,AN2,C32D,2.95,0.00,1.95,4.01,AN3,189B,0.00,0.00,1.95,4.84,POS,2.76,4.07,1.58,79
DIST,4,AN0,8A94,2.95,5.89,1.95,1.82,AN1,0323,-0.09,6.04,1.95,3.36,AN2,C32D,2.95,0.00,1.95,4.01,AN3,189B,0.00,0.00,1.95,4.83,POS,2.75,4.07,1.54,80
DIST,4,AN0,8A94,2.95,5.89,1.95,1.84,AN1,0323,-0.09,6.04,1.95,3.36,AN2,C32D,2.95,0.00,1.95,3.96,AN3,189B,0.00,0.00,1.95,4.83,POS,2.75,4.06,1.52,79
DIST,4,AN0,8A94,2.95,5.89,1.95,1.85,AN1,0323,-0.09,6.04,1.95,3.33,AN2,C32D,2.95,0.00,1.95,3.94,AN3,189B,0.00,0.00,1.95,4.75,POS,2.72,4.04,1.53,79
DIST,4,AN0,8A94,2.95,5.89,1.95,1.84,AN1,0323,-0.09,6.04,1.95,3.28,AN2,C32D,2.95,0.00,1.95,3.90,AN3,189B,0.00,0.00,1.95,4.75,POS,2.73,4.05,1.57,80
DIST,4,AN0,8A94,2.95,5.89,1.95,1.90,AN1,0323,-0.09,6.04,1.95,3.28,AN2,C32D,2.95,0.00,1.95,3.93,AN3,189B,0.00,0.00,1.95,4.66,POS,2.69,4.04,1.56,78
DIST,4,AN0,8A94,2.95,5.89,1.95,1.93,AN1,0323,-0.09,6.04,1.95,3.18,AN2,C32D,2.95,0.00,1.95,3.90,AN3,189B,0.00,0.00,1.95,4.58,POS,2.63,4.02,1.58,77
DIST,4,AN0,8A94,2.95,5.89,1.95,1.91,AN1,0323,-0.09,6.04,1.95,3.03,AN2,C32D,2.95,0.00,1.95,3.90,AN3,189B,0.00,0.00,1.95,4.53,POS,2.57,4.01,1.51,78
DIST,4,AN0,8A94,2.95,5.89,1.95,1.89,AN1,0323,-0.09,6.04,1.95,2.89,AN2,C32D,2.95,0.00,1.95,3.96,AN3,189B,0.00,0.00,1.95,4.53,POS,2.51,4.04,1.58,78
DIST,4,AN0,8A94,2.95,5.89,1.95,1.94,AN1,0323,-0.09,6.04,1.95,2.82,AN2,C32D,2.95,0.00,1.95,3.95,AN3,189B,0.00,0.00,1.95,4.42,POS,2.41,4.03,1.53,76
DIST,4,AN0,8A94,2.95,5.89,1.95,2.01,AN1,0323,-0.09,6.04,1.95,2.80,AN2,C32D,2.95,0.00,1.95,3.98,AN3,189B,0.00,0.00,1.95,4.32,POS,2.30,4.03,1.47,77
DIST,4,AN0,8A94,2.95,5.89,1.95,2.13,AN1,0323,-0.09,6.04,1.95,2.73,AN2,C32D,2.95,0.00,1.95,3.93,AN3,189B,0.00,0.00,1.95,4.20,POS,2.19,4.01,1.44,82
DIST,4,AN0,8A94,2.95,5.89,1.95,2.15,AN1,0323,-0.09,6.04,1.95,2.63,AN2,C32D,2.95,0.00,1.95,3.97,AN3,189B,0.00,0.00,1.95,4.16,POS,2.08,3.99,1.43,86
DIST,4,AN0,8A94,2.95,5.89,1.95,2.27,AN1,0323,-0.09,6.04,1.95,2.54,AN2,C32D,2.95,0.00,1.95,3.95,AN3,189B,0.00,0.00,1.95,4.13,POS,1.95,3.97,1.45,91
DIST,4,AN0,8A94,2.95,5.89,1.95,2.23,AN1,0323,-0.09,6.04,1.95,2.48,AN2,C32D,2.95,0.00,1.95,4.06,AN3,189B,0.00,0.00,1.95,4.20,POS,1.88,3.99,1.50,89
DIST,4,AN0,8A94,2.95,5.89,1.95,2.25,AN1,0323,-0.09,6.04,1.95,2.37,AN2,C32D,2.95,0.00,1.95,4.12,AN3,189B,0.00,0.00,1.95,4.20,POS,1.81,4.02,1.58,91
DIST,4,AN0,8A94,2.95,5.89,1.95,2.21,AN1,0323,-0.09,6.04,1.95,2.32,AN2,C32D,2.95,0.00,1.95,4.17,AN3,189B,0.00,0.00,1.95,4.08,POS,1.70,4.03,1.56,89
DIST,4,AN0,8A94,2.95,5.89,1.95,2.29,AN1,0323,-0.09,6.04,1.95,2.36,AN2,C32D,2.95,0.00,1.95,4.07,AN3,189B,0.00,0.00,1.95,4.05,POS,1.63,4.02,1.56,90
DIST,4,AN0,8A94,2.95,5.89,1.95,2.30,AN1,0323,-0.09,6.04,1.95,2.39,AN2,C32D,2.95,0.00,1.95,4.16,AN3,189B,0.00,0.00,1.95,4.08,POS,1.57,4.02,1.53,88
DIST,4,AN0,8A94,2.95,5.89,1.95,2.32,AN1,0323,-0.09,6.04,1.95,2.30,AN2,C32D,2.95,0.00,1.95,4.11,AN3,189B,0.00,0.00,1.95,4.11,POS,1.55,4.04,1.45,83
DIST,4,AN0,8A94,2.95,5.89,1.95,2.30,AN1,0323,-0.09,6.04,1.95,2.32,AN2,C32D,2.95,0.00,1.95,4.12,AN3,189B,0.00,0.00,1.95,4.03,POS,1.50,4.03,1.50,91
DIST,3,AN0,0323,-0.09,6.04,1.95,2.33,AN1,C32D,2.95,0.00,1.95,4.11,AN2,189B,0.00,0.00,1.95,4.13,POS,1.50,4.05,1.41,83
DIST,4,AN0,8A94,2.95,5.89,1.95,2.34,AN1,0323,-0.09,6.04,1.95,2.30,AN2,C32D,2.95,0.00,1.95,4.13,AN3,189B,0.00,0.00,1.95,4.11,POS,1.49,4.06,1.35,81
DIST,4,AN0,8A94,2.95,5.89,1.95,2.31,AN1,0323,-0.09,6.04,1.95,2.33,AN2,C32D,2.95,0.00,1.95,4.09,AN3,189B,0.00,0.00,1.95,4.05,POS,1.46,4.04,1.39,89
DIST,4,AN0,8A94,2.95,5.89,1.95,2.33,AN1,0323,-0.09,6.04,1.95,2.31,AN2,189B,0.00,0.00,1.95,4.03,AN3,C32D,2.95,0.00,1.95,4.08,POS,1.43,4.04,1.35,82
DIST,4,AN0,8A94,2.95,5.89,1.95,2.32,AN1,0323,-0.09,6.04,1.95,2.30,AN2,189B,0.00,0.00,1.95,4.05,AN3,C32D,2.95,0.00,1.95,4.10,POS,1.42,4.04,1.39,89
DIST,4,AN0,8A94,2.95,5.89,1.95,2.30,AN1,0323,-0.09,6.04,1.95,2.31,AN2,189B,0.00,0.00,1.95,4.14,AN3,C32D,2.95,0.00,1.95,4.11,POS,1.44,4.05,1.35,84
DIST,4,AN0,8A94,2.95,5.89,1.95,2.30,AN1,0323,-0.09,6.04,1.95,2.32,AN2,189B,0.00,0.00,1.95,4.11,AN3,C32D,2.95,0.00,1.95,4.15,POS,1.43,4.05,1.41,90
DIST,4,AN0,8A94,2.95,5.89,1.95,2.36,AN1,0323,-0.09,6.04,1.95,2.33,AN2,189B,0.00,0.00,1.95,4.08,AN3,C32D,2.95,0.00,1.95,4.06,POS,1.40,4.02,1.52,92
DIST,4,AN0,8A94,2.95,5.89,1.95,2.34,AN1,0323,-0.09,6.04,1.95,2.34,AN2,189B,0.00,0.00,1.95,4.08,AN3,C32D,2.95,0.00,1.95,4.17,POS,1.38,4.02,1.48,85
DIST,4,AN0,8A94,2.95,5.89,1.95,2.31,AN1,0323,-0.09,6.04,1.95,2.31,AN2,189B,0.00,0.00,1.95,4.06,AN3,C32D,2.95,0.00,1.95,4.09,POS,1.37,4.01,1.56,92
DIST,4,AN0,8A94,2.95,5.89,1.95,2.32,AN1,0323,-0.09,6.04,1.95,2.37,AN2,189B,0.00,0.00,1.95,4.15,AN3,C32D,2.95,0.00,1.95,4.10,POS,1.41,4.02,1.61,93
DIST,4,AN0,8A94,2.95,5.89,1.95,2.33,AN1,0323,-0.09,6.04,1.95,2.37,AN2,189B,0.00,0.00,1.95,4.10,AN3,C32D,2.95,0.00,1.95,4.15,POS,1.41,4.02,1.55,87
DIST,4,AN0,8A94,2.95,5.89,1.95,2.38,AN1,0323,-0.09,6.04,1.95,2.33,AN2,189B,0.00,0.00,1.95,4.06,AN3,C32D,2.95,0.00,1.95,4.17,POS,1.38,4.02,1.51,85
DIST,4,AN0,8A94,2.95,5.89,1.95,2.42,AN1,0323,-0.09,6.04,1.95,2.35,AN2,189B,0.00,0.00,1.95,4.01,AN3,C32D,2.95,0.00,1.95,4.08,POS,1.36,4.01,1.55,90
DIST,4,AN0,8A94,2.95,5.89,1.95,2.42,AN1,0323,-0.09,6.04,1.95,2.34,AN2,189B,0.00,0.00,1.95,3.96,AN3,C32D,2.95,0.00,1.95,4.09,POS,1.34,3.99,1.55,89
DIST,4,AN0,8A94,2.95,5.89,1.95,2.46,AN1,0323,-0.09,6.04,1.95,2.37,AN2,189B,0.00,0.00,1.95,3.99,AN3,C32D,2.95,0.00,1.95,4.06,POS,1.35,3.98,1.58,92
DIST,4,AN0,8A94,2.95,5.89,1.95,2.52,AN1,0323,-0.09,6.04,1.95,2.32,AN2,189B,0.00,0.00,1.95,3.84,AN3,C32D,2.95,0.00,1.95,4.11,POS,1.29,3.96,1.56,85
DIST,4,AN0,0323,-0.09,6.04,1.95,2.22,AN1,8A94,2.95,5.89,1.95,2.57,AN2,189B,0.00,0.00,1.95,3.83,AN3,C32D,2.95,0.00,1.95,4.08,POS,1.24,3.95,1.49,80
DIST,4,AN0,0323,-0.09,6.04,1.95,2.17,AN1,8A94,2.95,5.89,1.95,2.66,AN2,189B,0.00,0.00,1.95,3.85,AN3,C32D,2.95,0.00,1.95,4.23,POS,1.16,3.94,1.52,81
DIST,4,AN0,0323,-0.09,6.04,1.95,2.10,AN1,8A94,2.95,5.89,1.95,2.73,AN2,189B,0.00,0.00,1.95,3.82,AN3,C32D,2.95,0.00,1.95,4.32,POS,1.06,3.94,1.55,78
DIST,4,AN0,0323,-0.09,6.04,1.95,2.06,AN1,8A94,2.95,5.89,1.95,2.81,AN2,189B,0.00,0.00,1.95,3.87,AN3,C32D,2.95,0.00,1.95,4.35,POS,0.98,3.95,1.57,77
DIST,4,AN0,0323,-0.09,6.04,1.95,2.07,AN1,8A94,2.95,5.89,1.95,2.83,AN2,189B,0.00,0.00,1.95,3.85,AN3,C32D,2.95,0.00,1.95,4.36,POS,0.91,3.95,1.56,77
DIST,4,AN0,0323,-0.09,6.04,1.95,2.09,AN1,8A94,2.95,5.89,1.95,2.96,AN2,189B,0.00,0.00,1.95,3.80,AN3,C32D,2.95,0.00,1.95,4.43,POS,0.82,3.95,1.51,77
DIST,4,AN0,0323,-0.09,6.04,1.95,2.03,AN1,8A94,2.95,5.89,1.95,3.04,AN2,189B,0.00,0.00,1.95,3.77,AN3,C32D,2.95,0.00,1.95,4.45,POS,0.73,3.94,1.53,77
DIST,4,AN0,0323,-0.09,6.04,1.95,1.99,AN1,8A94,2.95,5.89,1.95,3.05,AN2,189B,0.00,0.00,1.95,3.85,AN3,C32D,2.95,0.00,1.95,4.58,POS,0.64,3.95,1.49,78
DIST,4,AN0,0323,-0.09,6.04,1.95,1.98,AN1,8A94,2.95,5.89,1.95,3.11,AN2,189B,0.00,0.00,1.95,3.86,AN3,C32D,2.95,0.00,1.95,4.61,POS,0.56,3.96,1.44,79
DIST,4,AN0,0323,-0.09,6.04,1.95,1.87,AN1,8A94,2.95,5.89,1.95,3.24,AN2,189B,0.00,0.00,1.95,3.85,AN3,C32D,2.95,0.00,1.95,4.71,POS,0.45,3.98,1.47,80
DIST,4,AN0,0323,-0.09,6.04,1.95,1.78,AN1,8A94,2.95,5.89,1.95,3.28,AN2,189B,0.00,0.00,1.95,3.93,AN3,C32D,2.95,0.00,1.95,4.83,POS,0.35,4.01,1.49,81
DIST,4,AN0,0323,-0.09,6.04,1.95,1.78,AN1,8A94,2.95,5.89,1.95,3.26,AN2,189B,0.00,0.00,1.95,3.96,AN3,C32D,2.95,0.00,1.95,4.91,POS,0.26,4.04,1.52,80
DIST,4,AN0,0323,-0.09,6.04,1.95,1.80,AN1,8A94,2.95,5.89,1.95,3.31,AN2,189B,0.00,0.00,1.95,3.92,AN3,C32D,2.95,0.00,1.95,4.85,POS,0.19,4.06,1.51,79
DIST,4,AN0,0323,-0.09,6.04,1.95,1.85,AN1,8A94,2.95,5.89,1.95,3.27,AN2,189B,0.00,0.00,1.95,3.87,AN3,C32D,2.95,0.00,1.95,4.86,POS,0.14,4.05,1.51,78
DIST,4,AN0,0323,-0.09,6.04,1.95,1.85,AN1,8A94,2.95,5.89,1.95,3.34,AN2,189B,0.00,0.00,1.95,3.82,AN3,C32D,2.95,0.00,1.95,4.79,POS,0.10,4.04,1.54,80
DIST,4,AN0,0323,-0.09,6.04,1.95,1.87,AN1,8A94,2.95,5.89,1.95,3.37,AN2,189B,0.00,0.00,1.95,3.83,AN3,C32D,2.95,0.00,1.95,4.83,POS,0.06,4.04,1.57,78
DIST,4,AN0,0323,-0.09,6.04,1.95,1.89,AN1,8A94,2.95,5.89,1.95,3.37,AN2,189B,0.00,0.00,1.95,3.84,AN3,C32D,2.95,0.00,1.95,4.82,POS,0.04,4.03,1.54,76
DIST,4,AN0,0323,-0.09,6.04,1.95,1.86,AN1,8A94,2.95,5.89,1.95,3.36,AN2,189B,0.00,0.00,1.95,3.86,AN3,C32D,2.95,0.00,1.95,4.88,POS,0.01,4.03,1.53,76
DIST,4,AN0,0323,-0.09,6.04,1.95,1.81,AN1,8A94,2.95,5.89,1.95,3.42,AN2,189B,0.00,0.00,1.95,3.92,AN3,C32D,2.95,0.00,1.95,4.91,POS,-0.02,4.05,1.52,74
DIST,4,AN0,0323,-0.09,6.04,1.95,1.78,AN1,8A94,2.95,5.89,1.95,3.41,AN2,189B,0.00,0.00,1.95,3.94,AN3,C32D,2.95,0.00,1.95,4.92,POS,-0.04,4.06,1.51,75
DIST,4,AN0,0323,-0.09,6.04,1.95,1.69,AN1,8A94,2.95,5.89,1.95,3.44,AN2,189B,0.00,0.00,1.95,3.91,AN3,C32D,2.95,0.00,1.95,5.04,POS,-0.11,4.09,1.47,63
DIST,4,AN0,0323,-0.09,6.04,1.95,1.76,AN1,189B,0.00,0.00,1.95,3.97,AN2,8A94,2.95,5.89,1.95,3.42,AN3,C32D,2.95,0.00,1.95,5.04,POS,-0.14,4.10,1.47,71
DIST,4,AN0,0323,-0.09,6.04,1.95,1.76,AN1,189B,0.00,0.00,1.95,4.02,AN2,8A94,2.95,5.89,1.95,3.38,AN3,C32D,2.95,0.00,1.95,4.99,POS,-0.13,4.12,1.44,71
DIST,4,AN0,0323,-0.09,6.04,1.95,1.71,AN1,189B,0.00,0.00,1.95,4.03,AN2,8A94,2.95,5.89,1.95,3.38,AN3,C32D,2.95,0.00,1.95,5.08,POS,-0.14,4.14,1.44,71
DIST,4,AN0,0323,-0.09,6.04,1.95,1.77,AN1,189B,0.00,0.00,1.95,4.01,AN2,8A94,2.95,5.89,1.95,3.38,AN3,C32D,2.95,0.00,1.95,5.12,POS,-0.19,4.18,1.48,67
DIST,4,AN0,0323,-0.09,6.04,1.95,1.78,AN1,189B,0.00,0.00,1.95,3.99,AN2,8A94,2.95,5.89,1.95,3.38,AN3,C32D,2.95,0.00,1.95,5.00,POS,-0.18,4.17,1.46,72
DIST,4,AN0,0323,-0.09,6.04,1.95,1.81,AN1,189B,0.00,0.00,1.95,4.00,AN2,8A94,2.95,5.89,1.95,3.38,AN3,C32D,2.95,0.00,1.95,5.02,POS,-0.17,4.16,1.42,69
DIST,4,AN0,0323,-0.09,6.04,1.95,1.81,AN1,189B,0.00,0.00,1.95,3.96,AN2,8A94,2.95,5.89,1.95,3.31,AN3,C32D,2.95,0.00,1.95,4.98,POS,-0.17,4.17,1.40,69
DIST,4,AN0,0323,-0.09,6.04,1.95,1.85,AN1,189B,0.00,0.00,1.95,3.95,AN2,8A94,2.95,5.89,1.95,3.34,AN3,C32D,2.95,0.00,1.95,4.94,POS,-0.14,4.16,1.37,72
DIST,4,AN0,0323,-0.09,6.04,1.95,1.85,AN1,189B,0.00,0.00,1.95,3.93,AN2,8A94,2.95,5.89,1.95,3.35,AN3,C32D,2.95,0.00,1.95,4.96,POS,-0.13,4.14,1.36,71
DIST,4,AN0,0323,-0.09,6.04,1.95,1.89,AN1,189B,0.00,0.00,1.95,3.90,AN2,8A94,2.95,5.89,1.95,3.34,AN3,C32D,2.95,0.00,1.95,4.91,POS,-0.11,4.12,1.35,73
DIST,4,AN0,0323,-0.09,6.04,1.95,1.92,AN1,189B,0.00,0.00,1.95,3.89,AN2,8A94,2.95,5.89,1.95,3.33,AN3,C32D,2.95,0.00,1.95,4.90,POS,-0.09,4.10,1.33,72
DIST,4,AN0,0323,-0.09,6.04,1.95,1.95,AN1,189B,0.00,0.00,1.95,3.85,AN2,8A94,2.95,5.89,1.95,3.36,AN3,C32D,2.95,0.00,1.95,4.88,POS,-0.08,4.07,1.32,72
DIST,4,AN0,0323,-0.09,6.04,1.95,2.02,AN1,8A94,2.95,5.89,1.95,3.48,AN2,189B,0.00,0.00,1.95,3.72,AN3,C32D,2.95,0.00,1.95,4.75,POS,-0.08,4.02,1.35,73
DIST,4,AN0,0323,-0.09,6.04,1.95,2.10,AN1,8A94,2.95,5.89,1.95,3.53,AN2,189B,0.00,0.00,1.95,3.68,AN3,C32D,2.95,0.00,1.95,4.76,POS,-0.09,3.97,1.34,70
DIST,4,AN0,0323,-0.09,6.04,1.95,2.17,AN1,8A94,2.95,5.89,1.95,3.61,AN2,189B,0.00,0.00,1.95,3.56,AN3,C32D,2.95,0.00,1.95,4.73,POS,-0.11,3.91,1.36,69
DIST,4,AN0,0323,-0.09,6.04,1.95,2.30,AN1,189B,0.00,0.00,1.95,3.49,AN2,8A94,2.95,5.89,1.95,3.63,AN3,C32D,2.95,0.00,1.95,4.72,POS,-0.10,3.84,1.34,70
DIST,4,AN0,0323,-0.09,6.04,1.95,2.43,AN1,189B,0.00,0.00,1.95,3.39,AN2,8A94,2.95,5.89,1.95,3.74,AN3,C32D,2.95,0.00,1.95,4.56,POS,-0.11,3.76,1.31,65
DIST,4,AN0,0323,-0.09,6.04,1.95,2.52,AN1,189B,0.00,0.00,1.95,3.29,AN2,8A94,2.95,5.89,1.95,3.76,AN3,C32D,2.95,0.00,1.95,4.54,POS,-0.09,3.67,1.30,69
DIST,4,AN0,0323,-0.09,6.04,1.95,2.68,AN1,189B,0.00,0.00,1.95,3.18,AN2,8A94,2.95,5.89,1.95,3.83,AN3,C32D,2.95,0.00,1.95,4.50,POS,-0.16,3.62,1.40,67
DIST,4,AN0,0323,-0.09,6.04,1.95,2.73,AN1,189B,0.00,0.00,1.95,3.04,AN2,8A94,2.95,5.89,1.95,3.93,AN3,C32D,2.95,0.00,1.95,4.33,POS,-0.16,3.51,1.39,68
DIST,4,AN0,0323,-0.09,6.04,1.95,2.85,AN1,189B,0.00,0.00,1.95,2.91,AN2,8A94,2.95,5.89,1.95,3.96,AN3,C32D,2.95,0.00,1.95,4.24,POS,-0.13,3.39,1.38,68
DIST,4,AN0,0323,-0.09,6.04,1.95,2.98,AN1,189B,0.00,0.00,1.95,2.81,AN2,8A94,2.95,5.89,1.95,4.04,AN3,C32D,2.95,0.00,1.95,4.01,POS,-0.09,3.28,1.36,69
DIST,4,AN0,0323,-0.09,6.04,1.95,3.08,AN1,189B,0.00,0.00,1.95,2.73,AN2,8A94,2.95,5.89,1.95,4.16,AN3,C32D,2.95,0.00,1.95,4.05,POS,-0.10,3.17,1.36,71
DIST,4,AN0,0323,-0.09,6.04,1.95,3.20,AN1,189B,0.00,0.00,1.95,2.67,AN2,8A94,2.95,5.89,1.95,4.25,AN3,C32D,2.95,0.00,1.95,4.13,POS,-0.08,3.07,1.43,70
DIST,4,AN0,0323,-0.09,6.04,1.95,3.28,AN1,189B,0.00,0.00,1.95,2.54,AN2,8A94,2.95,5.89,1.95,4.35,AN3,C32D,2.95,0.00,1.95,4.03,POS,-0.12,2.96,1.38,71
DIST,4,AN0,189B,0.00,0.00,1.95,2.51,AN1,0323,-0.09,6.04,1.95,3.34,AN2,8A94,2.95,5.89,1.95,4.32,AN3,C32D,2.95,0.00,1.95,3.95,POS,-0.09,2.87,1.48,72
DIST,4,AN0,189B,0.00,0.00,1.95,2.48,AN1,0323,-0.09,6.04,1.95,3.27,AN2,8A94,2.95,5.89,1.95,4.36,AN3,C32D,2.95,0.00,1.95,3.85,POS,-0.10,2.81,1.45,69
DIST,4,AN0,189B,0.00,0.00,1.95,2.45,AN1,0323,-0.09,6.04,1.95,3.39,AN2,C32D,2.95,0.00,1.95,3.92,AN3,8A94,2.95,5.89,1.95,4.46,POS,-0.12,2.74,1.39,69
DIST,4,AN0,189B,0.00,0.00,1.95,2.46,AN1,0323,-0.09,6.04,1.95,3.36,AN2,C32D,2.95,0.00,1.95,3.84,AN3,8A94,2.95,5.89,1.95,4.43,POS,-0.12,2.68,1.41,67
DIST,4,AN0,189B,0.00,0.00,1.95,2.47,AN1,0323,-0.09,6.04,1.95,3.28,AN2,C32D,2.95,0.00,1.95,3.85,AN3,8A94,2.95,5.89,1.95,4.39,POS,-0.13,2.66,1.40,69
DIST,4,AN0,189B,0.00,0.00,1.95,2.48,AN1,0323,-0.09,6.04,1.95,3.31,AN2,C32D,2.95,0.00,1.95,3.79,AN3,8A94,2.95,5.89,1.95,4.45,POS,-0.10,2.65,1.37,67
DIST,4,AN0,189B,0.00,0.00,1.95,2.48,AN1,0323,-0.09,6.04,1.95,3.30,AN2,C32D,2.95,0.00,1.95,3.86,AN3,8A94,2.95,5.89,1.95,4.49,POS,-0.09,2.64,1.36,68
DIST,4,AN0,189B,0.00,0.00,1.95,2.50,AN1,0323,-0.09,6.04,1.95,3.35,AN2,C32D,2.95,0.00,1.95,3.85,AN3,8A94,2.95,5.89,1.95,4.43,POS,-0.09,2.62,1.46,70
DIST,4,AN0,189B,0.00,0.00,1.95,2.45,AN1,0323,-0.09,6.04,1.95,3.34,AN2,8A94,2.95,5.89,1.95,4.40,AN3,C32D,2.95,0.00,1.95,3.80,POS,-0.09,2.61,1.41,68
DIST,4,AN0,189B,0.00,0.00,1.95,2.45,AN1,0323,-0.09,6.04,1.95,3.31,AN2,C32D,2.95,0.00,1.95,3.83,AN3,8A94,2.95,5.89,1.95,4.37,POS,-0.09,2.60,1.40,68
DIST,4,AN0,189B,0.00,0.00,1.95,2.47,AN1,0323,-0.09,6.04,1.95,3.34,AN2,C32D,2.95,0.00,1.95,3.80,AN3,8A94,2.95,5.89,1.95,4.43,POS,-0.07,2.59,1.35,67
DIST,4,AN0,189B,0.00,0.00,1.95,2.46,AN1,0323,-0.09,6.04,1.95,3.35,AN2,8A94,2.95,5.89,1.95,4.46,AN3,C32D,2.95,0.00,1.95,3.76,POS,-0.12,2.55,1.38,69
DIST,3,AN0,0323,-0.09,6.04,1.95,3.41,AN1,C32D,2.95,0.00,1.95,3.75,AN2,8A94,2.95,5.89,1.95,4.41,POS,-0.11,2.53,1.39,75
DIST,4,AN0,189B,0.00,0.00,1.95,2.38,AN1,0323,-0.09,6.04,1.95,3.41,AN2,C32D,2.95,0.00,1.95,3.80,AN3,8A94,2.95,5.89,1.95,4.45,POS,-0.12,2.52,1.36,68
DIST,4,AN0,189B,0.00,0.00,1.95,2.37,AN1,0323,-0.09,6.04,1.95,3.42,AN2,C32D,2.95,0.00,1.95,3.71,AN3,8A94,2.95,5.89,1.95,4.49,POS,-0.08,2.51,1.34,69
DIST,4,AN0,189B,0.00,0.00,1.95,2.45,AN1,0323,-0.09,6.04,1.95,3.39,AN2,8A94,2.95,5.89,1.95,4.50,AN3,C32D,2.95,0.00,1.95,3.69,POS,-0.15,2.47,1.32,69
DIST,4,AN0,189B,0.00,0.00,1.95,2.37,AN1,0323,-0.09,6.04,1.95,3.37,AN2,C32D,2.95,0.00,1.95,3.77,AN3,8A94,2.95,5.89,1.95,4.44,POS,-0.14,2.48,1.34,67
DIST,4,AN0,189B,0.00,0.00,1.95,2.45,AN1,0323,-0.09,6.04,1.95,3.32,AN2,C32D,2.95,0.00,1.95,3.82,AN3,8A94,2.95,5.89,1.95,4.50,POS,-0.12,2.50,1.34,67
DIST,4,AN0,189B,0.00,0.00,1.95,2.38,AN1,0323,-0.09,6.04,1.95,3.39,AN2,C32D,2.95,0.00,1.95,3.79,AN3,8A94,2.95,5.89,1.95,4.52,POS,-0.11,2.50,1.34,67
DIST,4,AN0,189B,0.00,0.00,1.95,2.39,AN1,0323,-0.09,6.04,1.95,3.45,AN2,C32D,2.95,0.00,1.95,3.76,AN3,8A94,2.95,5.89,1.95,4.43,POS,-0.09,2.50,1.49,74
DIST,4,AN0,189B,0.00,0.00,1.95,2.42,AN1,0323,-0.09,6.04,1.95,3.40,AN2,8A94,2.95,5.89,1.95,4.49,AN3,C32D,2.95,0.00,1.95,3.75,POS,-0.06,2.50,1.42,67
DIST,4,AN0,189B,0.00,0.00,1.95,2.36,AN1,0323,-0.09,6.04,1.95,3.48,AN2,8A94,2.95,5.89,1.95,4.55,AN3,C32D,2.95,0.00,1.95,3.73,POS,-0.05,2.49,1.36,66
DIST,4,AN0,189B,0.00,0.00,1.95,2.24,AN1,0323,-0.09,6.04,1.95,3.55,AN2,8A94,2.95,5.89,1.95,4.42,AN3,C32D,2.95,0.00,1.95,3.71,POS,-0.02,2.45,1.35,71
DIST,4,AN0,189B,0.00,0.00,1.95,2.20,AN1,0323,-0.09,6.04,1.95,3.59,AN2,8A94,2.95,5.89,1.95,4.61,AN3,C32D,2.95,0.00,1.95,3.53,POS,0.01,2.42,1.33,72
DIST,4,AN0,189B,0.00,0.00,1.95,2.05,AN1,0323,-0.09,6.04,1.95,3.73,AN2,C32D,2.95,0.00,1.95,3.59,AN3,8A94,2.95,5.89,1.95,4.80,POS,-0.02,2.35,1.33,68
DIST,4,AN0,189B,0.00,0.00,1.95,1.94,AN1,0323,-0.09,6.04,1.95,3.88,AN2,8A94,2.95,5.89,1.95,4.89,AN3,C32D,2.95,0.00,1.95,3.61,POS,-0.07,2.26,1.39,67
DIST,4,AN0,189B,0.00,0.00,1.95,1.81,AN1,0323,-0.09,6.04,1.95,4.00,AN2,8A94,2.95,5.89,1.95,5.06,AN3,C32D,2.95,0.00,1.95,3.53,POS,-0.09,2.17,1.37,64
DIST,4,AN0,189B,0.00,0.00,1.95,1.72,AN1,0323,-0.09,6.04,1.95,4.08,AN2,C32D,2.95,0.00,1.95,3.47,AN3,8A94,2.95,5.89,1.95,5.15,POS,-0.21,2.02,1.43,69
DIST,4,AN0,189B,0.00,0.00,1.95,1.64,AN1,0323,-0.09,6.04,1.95,4.13,AN2,C32D,2.95,0.00,1.95,3.33,AN3,8A94,2.95,5.89,1.95,5.19,POS,-0.17,1.96,1.42,70
DIST,4,AN0,189B,0.00,0.00,1.95,1.55,AN1,0323,-0.09,6.04,1.95,4.27,AN2,C32D,2.95,0.00,1.95,3.32,AN3,8A94,2.95,5.89,1.95,5.17,POS,-0.19,1.85,1.39,59
DIST,4,AN0,189B,0.00,0.00,1.95,1.41,AN1,0323,-0.09,6.04,1.95,4.34,AN2,C32D,2.95,0.00,1.95,3.20,AN3,8A94,2.95,5.89,1.95,5.27,POS,-0.15,1.77,1.40,74
DIST,4,AN0,189B,0.00,0.00,1.95,1.34,AN1,0323,-0.09,6.04,1.95,4.41,AN2,C32D,2.95,0.00,1.95,3.10,AN3,8A94,2.95,5.89,1.95,5.31,POS,-0.10,1.69,1.41,76
DIST,4,AN0,189B,0.00,0.00,1.95,1.29,AN1,0323,-0.09,6.04,1.95,4.50,AN2,C32D,2.95,0.00,1.95,3.20,AN3,8A94,2.95,5.89,1.95,5.38,POS,-0.16,1.58,1.49,63
DIST,4,AN0,189B,0.00,0.00,1.95,1.23,AN1,0323,-0.09,6.04,1.95,4.64,AN2,C32D,2.95,0.00,1.95,3.29,AN3,8A94,2.95,5.89,1.95,5.44,POS,-0.16,1.51,1.56,73
DIST,4,AN0,189B,0.00,0.00,1.95,1.14,AN1,0323,-0.09,6.04,1.95,4.67,AN2,C32D,2.95,0.00,1.95,3.19,AN3,8A94,2.95,5.89,1.95,5.53,POS,-0.20,1.41,1.55,57
DIST,4,AN0,189B,0.00,0.00,1.95,1.04,AN1,0323,-0.09,6.04,1.95,4.79,AN2,C32D,2.95,0.00,1.95,3.15,AN3,8A94,2.95,5.89,1.95,5.51,POS,-0.17,1.33,1.50,64
DIST,4,AN0,189B,0.00,0.00,1.95,1.02,AN1,0323,-0.09,6.04,1.95,4.76,AN2,C32D,2.95,0.00,1.95,3.14,AN3,8A94,2.95,5.89,1.95,5.49,POS,-0.17,1.27,1.49,65
DIST,4,AN0,189B,0.00,0.00,1.95,1.03,AN1,0323,-0.09,6.04,1.95,4.82,AN2,C32D,2.95,0.00,1.95,3.16,AN3,8A94,2.95,5.89,1.95,5.43,POS,-0.16,1.26,1.58,75
DIST,4,AN0,189B,0.00,0.00,1.95,1.04,AN1,0323,-0.09,6.04,1.95,4.80,AN2,C32D,2.95,0.00,1.95,3.16,AN3,8A94,2.95,5.89,1.95,5.46,POS,-0.11,1.21,1.52,69
DIST,4,AN0,189B,0.00,0.00,1.95,1.05,AN1,0323,-0.09,6.04,1.95,4.82,AN2,C32D,2.95,0.00,1.95,3.11,AN3,8A94,2.95,5.89,1.95,5.50,POS,-0.09,1.19,1.58,82
DIST,4,AN0,189B,0.00,0.00,1.95,0.99,AN1,0323,-0.09,6.04,1.95,4.78,AN2,C32D,2.95,0.00,1.95,3.15,AN3,8A94,2.95,5.89,1.95,5.45,POS,-0.13,1.18,1.54,60
DIST,4,AN0,189B,0.00,0.00,1.95,1.08,AN1,0323,-0.09,6.04,1.95,4.71,AN2,C32D,2.95,0.00,1.95,3.39,AN3,8A94,2.95,5.89,1.95,5.42,POS,-0.24,1.21,1.54,70
DIST,4,AN0,189B,0.00,0.00,1.95,1.05,AN1,0323,-0.09,6.04,1.95,4.74,AN2,C32D,2.95,0.00,1.95,3.12,AN3,8A94,2.95,5.89,1.95,5.44,POS,-0.19,1.19,1.51,69
DIST,4,AN0,189B,0.00,0.00,1.95,0.95,AN1,0323,-0.09,6.04,1.95,4.78,AN2,C32D,2.95,0.00,1.95,3.03,AN3,8A94,2.95,5.89,1.95,5.51,POS,-0.17,1.16,1.52,72
DIST,4,AN0,189B,0.00,0.00,1.95,0.92,AN1,0323,-0.09,6.04,1.95,4.77,AN2,C32D,2.95,0.00,1.95,3.14,AN3,8A94,2.95,5.89,1.95,5.47,POS,-0.13,1.14,1.55,78
DIST,4,AN0,189B,0.00,0.00,1.95,0.88,AN1,0323,-0.09,6.04,1.95,4.85,AN2,C32D,2.95,0.00,1.95,3.10,AN3,8A94,2.95,5.89,1.95,5.52,POS,-0.15,1.12,1.53,61
DIST,4,AN0,189B,0.00,0.00,1.95,0.97,AN1,0323,-0.09,6.04,1.95,4.93,AN2,C32D,2.95,0.00,1.95,3.15,AN3,8A94,2.95,5.89,1.95,5.52,POS,-0.15,1.12,1.57,72
DIST,4,AN0,189B,0.00,0.00,1.95,0.92,AN1,0323,-0.09,6.04,1.95,4.90,AN2,C32D,2.95,0.00,1.95,3.14,AN3,8A94,2.95,5.89,1.95,5.52,POS,-0.18,1.11,1.54,59
DIST,4,AN0,189B,0.00,0.00,1.95,0.94,AN1,0323,-0.09,6.04,1.95,4.86,AN2,C32D,2.95,0.00,1.95,3.17,AN3,8A94,2.95,5.89,1.95,5.52,POS,-0.20,1.10,1.51,57
DIST,4,AN0,189B,0.00,0.00,1.95,0.95,AN1,0323,-0.09,6.04,1.95,4.85,AN2,C32D,2.95,0.00,1.95,3.15,AN3,8A94,2.95,5.89,1.95,5.51,POS,-0.21,1.10,1.49,58
DIST,4,AN0,189B,0.00,0.00,1.95,0.91,AN1,0323,-0.09,6.04,1.95,4.90,AN2,C32D,2.95,0.00,1.95,3.17,AN3,8A94,2.95,5.89,1.95,5.60,POS,-0.18,1.07,1.47,65
DIST,4,AN0,189B,0.00,0.00,1.95,0.90,AN1,0323,-0.09,6.04,1.95,4.88,AN2,C32D,2.95,0.00,1.95,3.13,AN3,8A94,2.95,5.89,1.95,5.61,POS,-0.17,1.06,1.50,68
DIST,4,AN0,189B,0.00,0.00,1.95,0.91,AN1,0323,-0.09,6.04,1.95,4.87,AN2,C32D,2.95,0.00,1.95,3.03,AN3,8A94,2.95,5.89,1.95,5.56,POS,-0.15,1.04,1.49,68
DIST,4,AN0,189B,0.00,0.00,1.95,0.90,AN1,0323,-0.09,6.04,1.95,4.87,AN2,C32D,2.95,0.00,1.95,3.11,AN3,8A94,2.95,5.89,1.95,5.49,POS,-0.16,1.05,1.49,62
DIST,4,AN0,189B,0.00,0.00,1.95,0.95,AN1,0323,-0.09,6.04,1.95,4.89,AN2,C32D,2.95,0.00,1.95,3.13,AN3,8A94,2.95,5.89,1.95,5.54,POS,-0.12,1.04,1.46,69
DIST,4,AN0,189B,0.00,0.00,1.95,0.93,AN1,0323,-0.09,6.04,1.95,4.94,AN2,C32D,2.95,0.00,1.95,3.12,AN3,8A94,2.95,5.89,1.95,5.56,POS,-0.12,1.04,1.50,71
DIST,4,AN0,189B,0.00,0.00,1.95,0.92,AN1,0323,-0.09,6.04,1.95,4.90,AN2,C32D,2.95,0.00,1.95,3.19,AN3,8A94,2.95,5.89,1.95,5.50,POS,-0.18,1.06,1.52,58
DIST,4,AN0,189B,0.00,0.00,1.95,0.90,AN1,0323,-0.09,6.04,1.95,4.84,AN2,C32D,2.95,0.00,1.95,3.18,AN3,8A94,2.95,5.89,1.95,5.55,POS,-0.20,1.06,1.52,57
DIST,4,AN0,189B,0.00,0.00,1.95,0.94,AN1,0323,-0.09,6.04,1.95,4.85,AN2,C32D,2.95,0.00,1.95,3.16,AN3,8A94,2.95,5.89,1.95,5.58,POS,-0.19,1.05,1.50,64
DIST,4,AN0,189B,0.00,0.00,1.95,0.98,AN1,0323,-0.09,6.04,1.95,4.86,AN2,C32D,2.95,0.00,1.95,3.18,AN3,8A94,2.95,5.89,1.95,5.53,POS,-0.13,1.06,1.59,84
DIST,4,AN0,189B,0.00,0.00,1.95,0.98,AN1,0323,-0.09,6.04,1.95,4.82,AN2,C32D,2.95,0.00,1.95,3.22,AN3,8A94,2.95,5.89,1.95,5.53,POS,-0.12,1.06,1.54,67
DIST,4,AN0,189B,0.00,0.00,1.95,0.91,AN1,0323,-0.09,6.04,1.95,4.85,AN2,C32D,2.95,0.00,1.95,3.22,AN3,8A94,2.95,5.89,1.95,5.51,POS,-0.18,1.08,1.59,60
DIST,4,AN0,189B,0.00,0.00,1.95,0.90,AN1,0323,-0.09,6.04,1.95,4.82,AN2,C32D,2.95,0.00,1.95,3.26,AN3,8A94,2.95,5.89,1.95,5.55,POS,-0.23,1.08,1.63,60
DIST,4,AN0,189B,0.00,0.00,1.95,0.93,AN1,0323,-0.09,6.04,1.95,4.86,AN2,C32D,2.95,0.00,1.95,3.20,AN3,8A94,2.95,5.89,1.95,5.57,POS,-0.19,1.06,1.58,67
DIST,4,AN0,189B,0.00,0.00,1.95,0.98,AN1,0323,-0.09,6.04,1.95,4.86,AN2,C32D,2.95,0.00,1.95,3.24,AN3,8A94,2.95,5.89,1.95,5.53,POS,-0.23,1.08,1.55,58
DIST,4,AN0,189B,0.00,0.00,1.95,1.00,AN1,0323,-0.09,6.04,1.95,4.85,AN2,C32D,2.95,0.00,1.95,3.27,AN3,8A94,2.95,5.89,1.95,5.55,POS,-0.26,1.09,1.52,59
DIST,4,AN0,189B,0.00,0.00,1.95,0.97,AN1,0323,-0.09,6.04,1.95,4.86,AN2,C32D,2.95,0.00,1.95,3.19,AN3,8A94,2.95,5.89,1.95,5.52,POS,-0.19,1.07,1.48,68
DIST,4,AN0,189B,0.00,0.00,1.95,1.00,AN1,0323,-0.09,6.04,1.95,4.82,AN2,C32D,2.95,0.00,1.95,3.14,AN3,8A94,2.95,5.89,1.95,5.54,POS,-0.18,1.07,1.46,62
DIST,4,AN0,189B,0.00,0.00,1.95,0.97,AN1,0323,-0.09,6.04,1.95,4.80,AN2,C32D,2.95,0.00,1.95,3.19,AN3,8A94,2.95,5.89,1.95,5.57,POS,-0.19,1.07,1.47,61
DIST,4,AN0,189B,0.00,0.00,1.95,0.96,AN1,0323,-0.09,6.04,1.95,4.81,AN2,C32D,2.95,0.00,1.95,3.17,AN3,8A94,2.95,5.89,1.95,5.47,POS,-0.21,1.08,1.48,61
DIST,4,AN0,189B,0.00,0.00,1.95,0.95,AN1,0323,-0.09,6.04,1.95,4.81,AN2,C32D,2.95,0.00,1.95,3.18,AN3,8A94,2.95,5.89,1.95,5.48,POS,-0.23,1.10,1.50,61
DIST,4,AN0,189B,0.00,0.00,1.95,0.95,AN1,0323,-0.09,6.04,1.95,4.83,AN2,C32D,2.95,0.00,1.95,3.20,AN3,8A94,2.95,5.89,1.95,5.47,POS,-0.25,1.11,1.53,58
DIST,4,AN0,189B,0.00,0.00,1.95,0.98,AN1,0323,-0.09,6.04,1.95,4.88,AN2,C32D,2.95,0.00,1.95,3.14,AN3,8A94,2.95,5.89,1.95,5.56,POS,-0.19,1.10,1.58,81
DIST,4,AN0,189B,0.00,0.00,1.95,0.97,AN1,0323,-0.09,6.04,1.95,4.91,AN2,C32D,2.95,0.00,1.95,3.18,AN3,8A94,2.95,5.89,1.95,5.48,POS,-0.22,1.11,1.56,57
DIST,4,AN0,189B,0.00,0.00,1.95,0.96,AN1,0323,-0.09,6.04,1.95,4.85,AN2,C32D,2.95,0.00,1.95,3.14,AN3,8A94,2.95,5.89,1.95,5.54,POS,-0.18,1.09,1.51,68
DIST,4,AN0,189B,0.00,0.00,1.95,0.95,AN1,0323,-0.09,6.04,1.95,4.83,AN2,C32D,2.95,0.00,1.95,3.22,AN3,8A94,2.95,5.89,1.95,5.56,POS,-0.21,1.08,1.50,57
DIST,4,AN0,189B,0.00,0.00,1.95,0.96,AN1,0323,-0.09,6.04,1.95,4.80,AN2,C32D,2.95,0.00,1.95,3.18,AN3,8A94,2.95,5.89,1.95,5.51,POS,-0.23,1.09,1.48,57
DIST,4,AN0,189B,0.00,0.00,1.95,1.00,AN1,0323,-0.09,6.04,1.95,4.86,AN2,C32D,2.95,0.00,1.95,3.21,AN3,8A94,2.95,5.89,1.95,5.54,POS,-0.23,1.10,1.53,65
DIST,4,AN0,189B,0.00,0.00,1.95,1.00,AN1,0323,-0.09,6.04,1.95,4.80,AN2,C32D,2.95,0.00,1.95,3.15,AN3,8A94,2.95,5.89,1.95,5.55,POS,-0.22,1.09,1.50,62
DIST,4,AN0,189B,0.00,0.00,1.95,0.93,AN1,0323,-0.09,6.04,1.95,4.82,AN2,C32D,2.95,0.00,1.95,3.18,AN3,8A94,2.95,5.89,1.95,5.52,POS,-0.23,1.09,1.50,58
DIST,4,AN0,189B,0.00,0.00,1.95,0.97,AN1,0323,-0.09,6.04,1.95,4.83,AN2,C32D,2.95,0.00,1.95,3.26,AN3,8A94,2.95,5.89,1.95,5.55,POS,-0.26,1.10,1.49,59
DIST,4,AN0,189B,0.00,0.00,1.95,0.97,AN1,0323,-0.09,6.04,1.95,4.89,AN2,C32D,2.95,0.00,1.95,3.16,AN3,8A94,2.95,5.89,1.95,5.48,POS,-0.27,1.11,1.48,57
DIST,4,AN0,189B,0.00,0.00,1.95,1.00,AN1,0323,-0.09,6.04,1.95,4.86,AN2,C32D,2.95,0.00,1.95,3.10,AN3,8A94,2.95,5.89,1.95,5.53,POS,-0.21,1.10,1.54,81
