DIST,4,AN0,189B,0.00,0.00,1.95,0.98,AN1,C32D,2.95,0.00,1.95,3.02,AN2,0323,-0.09,6.04,1.95,4.75,AN3,8A94,2.95,5.89,1.95,5.37,POS,0.05,1.09,1.55,83
DIST,4,AN0,189B,0.00,0.00,1.95,0.96,AN1,C32D,2.95,0.00,1.95,3.03,AN2,0323,-0.09,6.04,1.95,4.86,AN3,8A94,2.95,5.89,1.95,5.49,POS,0.05,1.07,1.51,71
DIST,4,AN0,189B,0.00,0.00,1.95,0.98,AN1,C32D,2.95,0.00,1.95,3.08,AN2,0323,-0.09,6.04,1.95,4.84,AN3,8A94,2.95,5.89,1.95,5.42,POS,0.01,1.10,1.60,78
DIST,4,AN0,189B,0.00,0.00,1.95,0.97,AN1,C32D,2.95,0.00,1.95,3.06,AN2,0323,-0.09,6.04,1.95,4.86,AN3,8A94,2.95,5.89,1.95,5.47,POS,0.03,1.08,1.54,74
DIST,4,AN0,189B,0.00,0.00,1.95,0.97,AN1,C32D,2.95,0.00,1.95,3.04,AN2,0323,-0.09,6.04,1.95,4.84,AN3,8A94,2.95,5.89,1.95,5.42,POS,0.07,1.07,1.51,79
DIST,4,AN0,189B,0.00,0.00,1.95,1.02,AN1,C32D,2.95,0.00,1.95,3.05,AN2,0323,-0.09,6.04,1.95,4.79,AN3,8A94,2.95,5.89,1.95,5.49,POS,0.04,1.07,1.48,68
DIST,4,AN0,189B,0.00,0.00,1.95,0.96,AN1,C32D,2.95,0.00,1.95,3.07,AN2,0323,-0.09,6.04,1.95,4.76,AN3,8A94,2.95,5.89,1.95,5.58,POS,-0.00,1.08,1.51,72
DIST,4,AN0,189B,0.00,0.00,1.95,0.97,AN1,0323,-0.09,6.04,1.95,4.83,AN2,8A94,2.95,5.89,1.95,5.50,AN3,C32D,2.95,0.00,1.95,3.11,POS,0.00,1.07,1.48,71
DIST,4,AN0,189B,0.00,0.00,1.95,0.97,AN1,C32D,2.95,0.00,1.95,3.09,AN2,0323,-0.09,6.04,1.95,4.78,AN3,8A94,2.95,5.89,1.95,5.40,POS,-0.04,1.09,1.48,66
DIST,4,AN0,189B,0.00,0.00,1.95,0.97,AN1,0323,-0.09,6.04,1.95,4.80,AN2,8A94,2.95,5.89,1.95,5.49,AN3,C32D,2.95,0.00,1.95,3.08,POS,-0.05,1.10,1.51,75
DIST,4,AN0,189B,0.00,0.00,1.95,0.97,AN1,0323,-0.09,6.04,1.95,4.79,AN2,8A94,2.95,5.89,1.95,5.48,AN3,C32D,2.95,0.00,1.95,3.02,POS,-0.04,1.09,1.50,72
DIST,4,AN0,189B,0.00,0.00,1.95,0.97,AN1,0323,-0.09,6.04,1.95,4.82,AN2,8A94,2.95,5.89,1.95,5.45,AN3,C32D,2.95,0.00,1.95,3.06,POS,-0.01,1.08,1.49,76
DIST,4,AN0,189B,0.00,0.00,1.95,0.97,AN1,0323,-0.09,6.04,1.95,4.84,AN2,8A94,2.95,5.89,1.95,5.46,AN3,C32D,2.95,0.00,1.95,2.99,POS,0.00,1.07,1.47,73
DIST,4,AN0,189B,0.00,0.00,1.95,0.97,AN1,C32D,2.95,0.00,1.95,3.06,AN2,0323,-0.09,6.04,1.95,4.78,AN3,8A94,2.95,5.89,1.95,5.47,POS,-0.01,1.07,1.48,72
DIST,4,AN0,189B,0.00,0.00,1.95,0.98,AN1,0323,-0.09,6.04,1.95,4.79,AN2,8A94,2.95,5.89,1.95,5.52,AN3,C32D,2.95,0.00,1.95,3.03,POS,-0.02,1.07,1.47,69
DIST,4,AN0,189B,0.00,0.00,1.95,0.97,AN1,0323,-0.09,6.04,1.95,4.76,AN2,8A94,2.95,5.89,1.95,5.50,AN3,C32D,2.95,0.00,1.95,3.00,POS,-0.03,1.08,1.49,74
DIST,4,AN0,189B,0.00,0.00,1.95,0.99,AN1,0323,-0.09,6.04,1.95,4.75,AN2,8A94,2.95,5.89,1.95,5.54,AN3,C32D,2.95,0.00,1.95,2.99,POS,-0.03,1.09,1.50,76
DIST,4,AN0,189B,0.00,0.00,1.95,0.98,AN1,0323,-0.09,6.04,1.95,4.77,AN2,8A94,2.95,5.89,1.95,5.49,AN3,C32D,2.95,0.00,1.95,3.04,POS,-0.04,1.09,1.50,71
DIST,4,AN0,189B,0.00,0.00,1.95,1.01,AN1,0323,-0.09,6.04,1.95,4.75,AN2,8A94,2.95,5.89,1.95,5.49,AN3,C32D,2.95,0.00,1.95,3.09,POS,-0.05,1.09,1.49,69
DIST,4,AN0,189B,0.00,0.00,1.95,0.95,AN1,0323,-0.09,6.04,1.95,4.79,AN2,8A94,2.95,5.89,1.95,5.53,AN3,C32D,2.95,0.00,1.95,3.07,POS,-0.07,1.09,1.50,69
DIST,4,AN0,189B,0.00,0.00,1.95,1.01,AN1,0323,-0.09,6.04,1.95,4.74,AN2,8A94,2.95,5.89,1.95,5.49,AN3,C32D,2.95,0.00,1.95,3.03,POS,-0.07,1.10,1.50,72
DIST,4,AN0,189B,0.00,0.00,1.95,0.97,AN1,0323,-0.09,6.04,1.95,4.78,AN2,8A94,2.95,5.89,1.95,5.47,AN3,C32D,2.95,0.00,1.95,3.10,POS,-0.07,1.09,1.50,72
DIST,4,AN0,189B,0.00,0.00,1.95,1.05,AN1,0323,-0.09,6.04,1.95,4.84,AN2,8A94,2.95,5.89,1.95,5.48,AN3,C32D,2.95,0.00,1.95,3.07,POS,-0.04,1.10,1.54,82
DIST,4,AN0,189B,0.00,0.00,1.95,0.98,AN1,0323,-0.09,6.04,1.95,4.76,AN2,8A94,2.95,5.89,1.95,5.42,AN3,C32D,2.95,0.00,1.95,3.05,POS,-0.03,1.10,1.54,77
DIST,4,AN0,189B,0.00,0.00,1.95,0.98,AN1,0323,-0.09,6.04,1.95,4.81,AN2,8A94,2.95,5.89,1.95,5.49,AN3,C32D,2.95,0.00,1.95,2.99,POS,-0.02,1.09,1.51,71
DIST,4,AN0,189B,0.00,0.00,1.95,0.98,AN1,0323,-0.09,6.04,1.95,4.77,AN2,8A94,2.95,5.89,1.95,5.44,AN3,C32D,2.95,0.00,1.95,2.97,POS,-0.01,1.09,1.50,75
DIST,4,AN0,189B,0.00,0.00,1.95,1.05,AN1,0323,-0.09,6.04,1.95,4.76,AN2,8A94,2.95,5.89,1.95,5.43,AN3,C32D,2.95,0.00,1.95,3.02,POS,-0.01,1.09,1.47,70
DIST,4,AN0,189B,0.00,0.00,1.95,1.01,AN1,0323,-0.09,6.04,1.95,4.83,AN2,8A94,2.95,5.89,1.95,5.42,AN3,C32D,2.95,0.00,1.95,3.07,POS,0.03,1.08,1.44,75
DIST,4,AN0,189B,0.00,0.00,1.95,1.00,AN1,C32D,2.95,0.00,1.95,2.91,AN2,0323,-0.09,6.04,1.95,4.74,AN3,8A94,2.95,5.89,1.95,5.36,POS,0.05,1.09,1.47,81
DIST,4,AN0,189B,0.00,0.00,1.95,1.04,AN1,C32D,2.95,0.00,1.95,2.89,AN2,0323,-0.09,6.04,1.95,4.76,AN3,8A94,2.95,5.89,1.95,5.37,POS,0.07,1.10,1.46,77
DIST,4,AN0,189B,0.00,0.00,1.95,1.03,AN1,C32D,2.95,0.00,1.95,2.78,AN2,0323,-0.09,6.04,1.95,4.78,AN3,8A94,2.95,5.89,1.95,5.37,POS,0.10,1.10,1.45,81
DIST,4,AN0,189B,0.00,0.00,1.95,0.95,AN1,C32D,2.95,0.00,1.95,2.67,AN2,0323,-0.09,6.04,1.95,4.78,AN3,8A94,2.95,5.89,1.95,5.33,POS,0.15,1.09,1.51,83
DIST,4,AN0,189B,0.00,0.00,1.95,1.05,AN1,C32D,2.95,0.00,1.95,2.66,AN2,0323,-0.09,6.04,1.95,4.84,AN3,8A94,2.95,5.89,1.95,5.32,POS,0.20,1.08,1.49,77
DIST,4,AN0,189B,0.00,0.00,1.95,1.09,AN1,C32D,2.95,0.00,1.95,2.51,AN2,0323,-0.09,6.04,1.95,4.89,AN3,8A94,2.95,5.89,1.95,5.25,POS,0.28,1.07,1.47,69
DIST,4,AN0,189B,0.00,0.00,1.95,1.12,AN1,C32D,2.95,0.00,1.95,2.36,AN2,0323,-0.09,6.04,1.95,4.85,AN3,8A94,2.95,5.89,1.95,5.18,POS,0.37,1.07,1.48,70
DIST,4,AN0,189B,0.00,0.00,1.95,1.23,AN1,C32D,2.95,0.00,1.95,2.27,AN2,0323,-0.09,6.04,1.95,4.83,AN3,8A94,2.95,5.89,1.95,5.12,POS,0.47,1.08,1.49,65
DIST,4,AN0,189B,0.00,0.00,1.95,1.36,AN1,C32D,2.95,0.00,1.95,2.14,AN2,0323,-0.09,6.04,1.95,4.83,AN3,8A94,2.95,5.89,1.95,5.04,POS,0.56,1.07,1.44,53
DIST,4,AN0,189B,0.00,0.00,1.95,1.41,AN1,C32D,2.95,0.00,1.95,2.09,AN2,0323,-0.09,6.04,1.95,4.73,AN3,8A94,2.95,5.89,1.95,5.05,POS,0.68,1.11,1.55,71
DIST,4,AN0,189B,0.00,0.00,1.95,1.45,AN1,C32D,2.95,0.00,1.95,2.07,AN2,0323,-0.09,6.04,1.95,4.85,AN3,8A94,2.95,5.89,1.95,4.95,POS,0.77,1.12,1.55,66
DIST,4,AN0,189B,0.00,0.00,1.95,1.53,AN1,C32D,2.95,0.00,1.95,1.86,AN2,0323,-0.09,6.04,1.95,4.94,AN3,8A94,2.95,5.89,1.95,4.96,POS,0.86,1.08,1.48,60
DIST,4,AN0,189B,0.00,0.00,1.95,1.60,AN1,C32D,2.95,0.00,1.95,1.83,AN2,0323,-0.09,6.04,1.95,4.97,AN3,8A94,2.95,5.89,1.95,4.95,POS,0.96,1.07,1.52,70
DIST,4,AN0,189B,0.00,0.00,1.95,1.64,AN1,C32D,2.95,0.00,1.95,1.75,AN2,0323,-0.09,6.04,1.95,5.07,AN3,8A94,2.95,5.89,1.95,5.01,POS,1.04,1.05,1.56,69
DIST,4,AN0,189B,0.00,0.00,1.95,1.67,AN1,C32D,2.95,0.00,1.95,1.67,AN2,0323,-0.09,6.04,1.95,4.98,AN3,8A94,2.95,5.89,1.95,4.96,POS,1.15,1.06,1.58,78
DIST,4,AN0,189B,0.00,0.00,1.95,1.67,AN1,C32D,2.95,0.00,1.95,1.74,AN2,0323,-0.09,6.04,1.95,4.97,AN3,8A94,2.95,5.89,1.95,4.97,POS,1.22,1.08,1.56,76
DIST,4,AN0,189B,0.00,0.00,1.95,1.67,AN1,C32D,2.95,0.00,1.95,1.72,AN2,8A94,2.95,5.89,1.95,4.94,AN3,0323,-0.09,6.04,1.95,4.93,POS,1.20,1.03,1.48,56
DIST,4,AN0,189B,0.00,0.00,1.95,1.69,AN1,C32D,2.95,0.00,1.95,1.77,AN2,8A94,2.95,5.89,1.95,4.87,AN3,0323,-0.09,6.04,1.95,4.99,POS,1.25,1.05,1.47,73
DIST,4,AN0,189B,0.00,0.00,1.95,1.71,AN1,C32D,2.95,0.00,1.95,1.75,AN2,8A94,2.95,5.89,1.95,4.86,AN3,0323,-0.09,6.04,1.95,4.92,POS,1.26,1.05,1.44,66
DIST,4,AN0,189B,0.00,0.00,1.95,1.75,AN1,C32D,2.95,0.00,1.95,1.74,AN2,8A94,2.95,5.89,1.95,4.90,AN3,0323,-0.09,6.04,1.95,4.97,POS,1.27,1.04,1.40,64
DIST,4,AN0,189B,0.00,0.00,1.95,1.73,AN1,C32D,2.95,0.00,1.95,1.71,AN2,8A94,2.95,5.89,1.95,4.91,AN3,0323,-0.09,6.04,1.95,4.96,POS,1.27,1.02,1.41,66
DIST,4,AN0,189B,0.00,0.00,1.95,1.74,AN1,C32D,2.95,0.00,1.95,1.70,AN2,8A94,2.95,5.89,1.95,4.90,AN3,0323,-0.09,6.04,1.95,4.98,POS,1.29,1.02,1.39,65
DIST,4,AN0,189B,0.00,0.00,1.95,1.75,AN1,C32D,2.95,0.00,1.95,1.73,AN2,8A94,2.95,5.89,1.95,4.91,AN3,0323,-0.09,6.04,1.95,4.91,POS,1.34,1.06,1.43,79
DIST,4,AN0,189B,0.00,0.00,1.95,1.72,AN1,C32D,2.95,0.00,1.95,1.68,AN2,8A94,2.95,5.89,1.95,4.96,AN3,0323,-0.09,6.04,1.95,4.91,POS,1.38,1.09,1.53,82
DIST,4,AN0,189B,0.00,0.00,1.95,1.73,AN1,C32D,2.95,0.00,1.95,1.69,AN2,8A94,2.95,5.89,1.95,4.84,AN3,0323,-0.09,6.04,1.95,4.92,POS,1.37,1.08,1.51,69
DIST,4,AN0,189B,0.00,0.00,1.95,1.74,AN1,C32D,2.95,0.00,1.95,1.70,AN2,8A94,2.95,5.89,1.95,4.85,AN3,0323,-0.09,6.04,1.95,4.99,POS,1.40,1.09,1.50,75
DIST,4,AN0,189B,0.00,0.00,1.95,1.79,AN1,C32D,2.95,0.00,1.95,1.68,AN2,8A94,2.95,5.89,1.95,4.86,AN3,0323,-0.09,6.04,1.95,4.91,POS,1.44,1.12,1.53,79
DIST,4,AN0,189B,0.00,0.00,1.95,1.81,AN1,C32D,2.95,0.00,1.95,1.62,AN2,8A94,2.95,5.89,1.95,4.81,AN3,0323,-0.09,6.04,1.95,4.88,POS,1.40,1.09,1.47,64
DIST,4,AN0,189B,0.00,0.00,1.95,1.92,AN1,C32D,2.95,0.00,1.95,1.57,AN2,8A94,2.95,5.89,1.95,4.82,AN3,0323,-0.09,6.04,1.95,5.03,POS,1.44,1.07,1.42,65
DIST,4,AN0,189B,0.00,0.00,1.95,1.93,AN1,C32D,2.95,0.00,1.95,1.42,AN2,8A94,2.95,5.89,1.95,4.86,AN3,0323,-0.09,6.04,1.95,5.03,POS,1.45,1.02,1.40,64
DIST,4,AN0,189B,0.00,0.00,1.95,2.07,AN1,C32D,2.95,0.00,1.95,1.30,AN2,8A94,2.95,5.89,1.95,4.93,AN3,0323,-0.09,6.04,1.95,5.12,POS,1.59,1.04,1.37,56
DIST,4,AN0,C32D,2.95,0.00,1.95,1.23,AN1,189B,0.00,0.00,1.95,2.13,AN2,8A94,2.95,5.89,1.95,4.92,AN3,0323,-0.09,6.04,1.95,5.32,POS,1.66,1.00,1.43,58
DIST,4,AN0,C32D,2.95,0.00,1.95,1.18,AN1,189B,0.00,0.00,1.95,2.24,AN2,8A94,2.95,5.89,1.95,4.85,AN3,0323,-0.09,6.04,1.95,5.28,POS,1.73,0.97,1.40,51
DIST,4,AN0,C32D,2.95,0.00,1.95,1.18,AN1,189B,0.00,0.00,1.95,2.34,AN2,8A94,2.95,5.89,1.95,4.84,AN3,0323,-0.09,6.04,1.95,5.28,POS,1.86,1.00,1.43,68
DIST,4,AN0,C32D,2.95,0.00,1.95,1.14,AN1,189B,0.00,0.00,1.95,2.51,AN2,8A94,2.95,5.89,1.95,4.79,AN3,0323,-0.09,6.04,1.95,5.28,POS,1.99,1.05,1.47,79
DIST,4,AN0,C32D,2.95,0.00,1.95,1.08,AN1,189B,0.00,0.00,1.95,2.54,AN2,8A94,2.95,5.89,1.95,4.69,AN3,0323,-0.09,6.04,1.95,5.40,POS,2.11,1.05,1.47,74
DIST,4,AN0,C32D,2.95,0.00,1.95,1.08,AN1,189B,0.00,0.00,1.95,2.68,AN2,8A94,2.95,5.89,1.95,4.81,AN3,0323,-0.09,6.04,1.95,5.40,POS,2.22,1.07,1.48,83
DIST,4,AN0,C32D,2.95,0.00,1.95,1.06,AN1,189B,0.00,0.00,1.95,2.71,AN2,8A94,2.95,5.89,1.95,4.76,AN3,0323,-0.09,6.04,1.95,5.39,POS,2.32,1.10,1.51,83
DIST,4,AN0,C32D,2.95,0.00,1.95,0.95,AN1,189B,0.00,0.00,1.95,2.75,AN2,8A94,2.95,5.89,1.95,4.78,AN3,0323,-0.09,6.04,1.95,5.47,POS,2.42,1.10,1.59,84
DIST,4,AN0,C32D,2.95,0.00,1.95,0.93,AN1,189B,0.00,0.00,1.95,2.94,AN2,8A94,2.95,5.89,1.95,4.84,AN3,0323,-0.09,6.04,1.95,5.54,POS,2.57,1.10,1.55,70
DIST,4,AN0,C32D,2.95,0.00,1.95,0.88,AN1,189B,0.00,0.00,1.95,2.90,AN2,8A94,2.95,5.89,1.95,4.83,AN3,0323,-0.09,6.04,1.95,5.64,POS,2.65,1.09,1.57,82
DIST,4,AN0,C32D,2.95,0.00,1.95,0.91,AN1,189B,0.00,0.00,1.95,2.96,AN2,8A94,2.95,5.89,1.95,4.75,AN3,0323,-0.09,6.04,1.95,5.63,POS,2.68,1.06,1.54,81
DIST,4,AN0,C32D,2.95,0.00,1.95,0.93,AN1,189B,0.00,0.00,1.95,3.00,AN2,8A94,2.95,5.89,1.95,4.77,AN3,0323,-0.09,6.04,1.95,5.53,POS,2.77,1.08,1.54,71
DIST,4,AN0,C32D,2.95,0.00,1.95,0.92,AN1,189B,0.00,0.00,1.95,3.02,AN2,8A94,2.95,5.89,1.95,4.78,AN3,0323,-0.09,6.04,1.95,5.65,POS,2.83,1.08,1.58,77
DIST,4,AN0,C32D,2.95,0.00,1.95,0.91,AN1,189B,0.00,0.00,1.95,3.02,AN2,8A94,2.95,5.89,1.95,4.73,AN3,0323,-0.09,6.04,1.95,5.59,POS,2.89,1.09,1.55,68
DIST,4,AN0,C32D,2.95,0.00,1.95,0.93,AN1,189B,0.00,0.00,1.95,3.04,AN2,8A94,2.95,5.89,1.95,4.82,AN3,0323,-0.09,6.04,1.95,5.66,POS,2.92,1.09,1.59,78
DIST,4,AN0,C32D,2.95,0.00,1.95,0.93,AN1,189B,0.00,0.00,1.95,3.00,AN2,8A94,2.95,5.89,1.95,4.78,AN3,0323,-0.09,6.04,1.95,5.57,POS,2.96,1.10,1.56,68
DIST,4,AN0,C32D,2.95,0.00,1.95,0.85,AN1,8A94,2.95,5.89,1.95,4.84,AN2,189B,0.00,0.00,1.95,2.99,AN3,0323,-0.09,6.04,1.95,5.65,POS,2.99,1.08,1.53,65
DIST,4,AN0,C32D,2.95,0.00,1.95,0.91,AN1,8A94,2.95,5.89,1.95,4.81,AN2,189B,0.00,0.00,1.95,3.08,AN3,0323,-0.09,6.04,1.95,5.70,POS,3.01,1.08,1.58,76
DIST,4,AN0,C32D,2.95,0.00,1.95,0.85,AN1,8A94,2.95,5.89,1.95,4.90,AN2,189B,0.00,0.00,1.95,3.13,AN3,0323,-0.09,6.04,1.95,5.74,POS,3.06,1.07,1.56,56
DIST,4,AN0,C32D,2.95,0.00,1.95,0.83,AN1,8A94,2.95,5.89,1.95,4.86,AN2,189B,0.00,0.00,1.95,3.11,AN3,0323,-0.09,6.04,1.95,5.69,POS,3.10,1.06,1.58,63
DIST,4,AN0,C32D,2.95,0.00,1.95,0.92,AN1,8A94,2.95,5.89,1.95,4.87,AN2,189B,0.00,0.00,1.95,3.03,AN3,0323,-0.09,6.04,1.95,5.78,POS,3.07,1.05,1.65,84
DIST,3,AN0,8A94,2.95,5.89,1.95,4.81,AN1,189B,0.00,0.00,1.95,3.06,AN2,0323,-0.09,6.04,1.95,5.74,POS,3.00,1.06,1.60,84
DIST,4,AN0,C32D,2.95,0.00,1.95,0.96,AN1,8A94,2.95,5.89,1.95,4.81,AN2,189B,0.00,0.00,1.95,3.11,AN3,0323,-0.09,6.04,1.95,5.75,POS,2.97,1.05,1.60,83
DIST,4,AN0,C32D,2.95,0.00,1.95,0.97,AN1,8A94,2.95,5.89,1.95,4.84,AN2,189B,0.00,0.00,1.95,3.07,AN3,0323,-0.09,6.04,1.95,5.71,POS,2.98,1.05,1.57,70
DIST,4,AN0,C32D,2.95,0.00,1.95,0.97,AN1,8A94,2.95,5.89,1.95,4.84,AN2,189B,0.00,0.00,1.95,3.06,AN3,0323,-0.09,6.04,1.95,5.84,POS,2.98,1.03,1.55,72
DIST,4,AN0,C32D,2.95,0.00,1.95,1.04,AN1,8A94,2.95,5.89,1.95,4.89,AN2,189B,0.00,0.00,1.95,3.09,AN3,0323,-0.09,6.04,1.95,5.76,POS,2.98,1.04,1.55,75
DIST,4,AN0,C32D,2.95,0.00,1.95,1.07,AN1,8A94,2.95,5.89,1.95,4.96,AN2,189B,0.00,0.00,1.95,3.08,AN3,0323,-0.09,6.04,1.95,5.74,POS,2.96,1.05,1.54,76
DIST,4,AN0,C32D,2.95,0.00,1.95,0.99,AN1,8A94,2.95,5.89,1.95,4.92,AN2,189B,0.00,0.00,1.95,3.09,AN3,0323,-0.09,6.04,1.95,5.80,POS,2.97,1.04,1.54,75
DIST,4,AN0,C32D,2.95,0.00,1.95,1.00,AN1,8A94,2.95,5.89,1.95,4.89,AN2,189B,0.00,0.00,1.95,3.12,AN3,0323,-0.09,6.04,1.95,5.88,POS,2.97,1.03,1.62,85
DIST,4,AN0,C32D,2.95,0.00,1.95,1.05,AN1,8A94,2.95,5.89,1.95,4.92,AN2,189B,0.00,0.00,1.95,3.06,AN3,0323,-0.09,6.04,1.95,5.81,POS,2.93,1.02,1.62,84
DIST,4,AN0,C32D,2.95,0.00,1.95,1.09,AN1,189B,0.00,0.00,1.95,3.06,AN2,8A94,2.95,5.89,1.95,4.81,AN3,0323,-0.09,6.04,1.95,5.80,POS,2.92,1.03,1.68,85
DIST,4,AN0,C32D,2.95,0.00,1.95,1.15,AN1,189B,0.00,0.00,1.95,3.10,AN2,8A94,2.95,5.89,1.95,4.71,AN3,0323,-0.09,6.04,1.95,5.66,POS,2.92,1.05,1.61,72
DIST,4,AN0,C32D,2.95,0.00,1.95,1.26,AN1,189B,0.00,0.00,1.95,3.11,AN2,8A94,2.95,5.89,1.95,4.65,AN3,0323,-0.09,6.04,1.95,5.54,POS,2.91,1.11,1.58,78
DIST,4,AN0,C32D,2.95,0.00,1.95,1.36,AN1,189B,0.00,0.00,1.95,3.19,AN2,8A94,2.95,5.89,1.95,4.57,AN3,0323,-0.09,6.04,1.95,5.50,POS,2.92,1.17,1.54,74
DIST,4,AN0,C32D,2.95,0.00,1.95,1.47,AN1,189B,0.00,0.00,1.95,3.25,AN2,8A94,2.95,5.89,1.95,4.35,AN3,0323,-0.09,6.04,1.95,5.41,POS,2.93,1.25,1.51,74
DIST,4,AN0,C32D,2.95,0.00,1.95,1.62,AN1,189B,0.00,0.00,1.95,3.30,AN2,8A94,2.95,5.89,1.95,4.22,AN3,0323,-0.09,6.04,1.95,5.27,POS,2.93,1.34,1.47,74
DIST,4,AN0,C32D,2.95,0.00,1.95,1.74,AN1,189B,0.00,0.00,1.95,3.41,AN2,8A94,2.95,5.89,1.95,4.11,AN3,0323,-0.09,6.04,1.95,5.15,POS,2.91,1.44,1.44,75
DIST,4,AN0,C32D,2.95,0.00,1.95,1.86,AN1,189B,0.00,0.00,1.95,3.44,AN2,8A94,2.95,5.89,1.95,3.98,AN3,0323,-0.09,6.04,1.95,5.02,POS,2.90,1.54,1.41,76
DIST,4,AN0,C32D,2.95,0.00,1.95,1.88,AN1,189B,0.00,0.00,1.95,3.41,AN2,8A94,2.95,5.89,1.95,3.87,AN3,0323,-0.09,6.04,1.95,4.96,POS,2.89,1.64,1.44,79
DIST,4,AN0,C32D,2.95,0.00,1.95,2.00,AN1,189B,0.00,0.00,1.95,3.84,AN2,8A94,2.95,5.89,1.95,3.78,AN3,0323,-0.09,6.04,1.95,4.93,POS,3.04,1.79,1.50,72
DIST,4,AN0,C32D,2.95,0.00,1.95,2.13,AN1,8A94,2.95,5.89,1.95,3.72,AN2,189B,0.00,0.00,1.95,3.93,AN3,0323,-0.09,6.04,1.95,4.77,POS,3.17,1.94,1.51,75
DIST,4,AN0,C32D,2.95,0.00,1.95,2.23,AN1,8A94,2.95,5.89,1.95,3.62,AN2,189B,0.00,0.00,1.95,3.93,AN3,0323,-0.09,6.04,1.95,4.77,POS,3.24,2.06,1.48,72
DIST,4,AN0,C32D,2.95,0.00,1.95,2.30,AN1,8A94,2.95,5.89,1.95,3.54,AN2,189B,0.00,0.00,1.95,3.97,AN3,0323,-0.09,6.04,1.95,4.71,POS,3.28,2.17,1.47,73
DIST,4,AN0,C32D,2.95,0.00,1.95,2.35,AN1,8A94,2.95,5.89,1.95,3.49,AN2,189B,0.00,0.00,1.95,3.92,AN3,0323,-0.09,6.04,1.95,4.73,POS,3.27,2.24,1.44,69
DIST,4,AN0,C32D,2.95,0.00,1.95,2.34,AN1,8A94,2.95,5.89,1.95,3.43,AN2,189B,0.00,0.00,1.95,3.94,AN3,0323,-0.09,6.04,1.95,4.68,POS,3.29,2.31,1.39,72
DIST,4,AN0,C32D,2.95,0.00,1.95,2.37,AN1,8A94,2.95,5.89,1.95,3.46,AN2,189B,0.00,0.00,1.95,3.95,AN3,0323,-0.09,6.04,1.95,4.72,POS,3.28,2.36,1.40,70
DIST,4,AN0,C32D,2.95,0.00,1.95,2.38,AN1,8A94,2.95,5.89,1.95,3.43,AN2,189B,0.00,0.00,1.95,3.91,AN3,0323,-0.09,6.04,1.95,4.66,POS,3.25,2.39,1.40,69
DIST,4,AN0,C32D,2.95,0.00,1.95,2.37,AN1,8A94,2.95,5.89,1.95,3.45,AN2,189B,0.00,0.00,1.95,4.04,AN3,0323,-0.09,6.04,1.95,4.60,POS,3.32,2.46,1.39,76
DIST,4,AN0,C32D,2.95,0.00,1.95,2.38,AN1,8A94,2.95,5.89,1.95,3.42,AN2,189B,0.00,0.00,1.95,3.99,AN3,0323,-0.09,6.04,1.95,4.66,POS,3.34,2.48,1.36,73
DIST,4,AN0,C32D,2.95,0.00,1.95,2.36,AN1,8A94,2.95,5.89,1.95,3.45,AN2,189B,0.00,0.00,1.95,3.99,AN3,0323,-0.09,6.04,1.95,4.63,POS,3.35,2.51,1.41,73
DIST,4,AN0,C32D,2.95,0.00,1.95,2.37,AN1,8A94,2.95,5.89,1.95,3.47,AN2,189B,0.00,0.00,1.95,4.00,AN3,0323,-0.09,6.04,1.95,4.65,POS,3.36,2.52,1.40,73
DIST,4,AN0,C32D,2.95,0.00,1.95,2.37,AN1,8A94,2.95,5.89,1.95,3.41,AN2,189B,0.00,0.00,1.95,3.95,AN3,0323,-0.09,6.04,1.95,4.67,POS,3.34,2.53,1.45,70
DIST,4,AN0,C32D,2.95,0.00,1.95,2.36,AN1,8A94,2.95,5.89,1.95,3.43,AN2,189B,0.00,0.00,1.95,3.96,AN3,0323,-0.09,6.04,1.95,4.65,POS,3.34,2.53,1.41,72
DIST,4,AN0,C32D,2.95,0.00,1.95,2.42,AN1,8A94,2.95,5.89,1.95,3.41,AN2,189B,0.00,0.00,1.95,4.01,AN3,0323,-0.09,6.04,1.95,4.64,POS,3.35,2.55,1.36,73
DIST,4,AN0,C32D,2.95,0.00,1.95,2.45,AN1,8A94,2.95,5.89,1.95,3.31,AN2,189B,0.00,0.00,1.95,4.01,AN3,0323,-0.09,6.04,1.95,4.51,POS,3.35,2.58,1.41,73
DIST,4,AN0,C32D,2.95,0.00,1.95,2.46,AN1,8A94,2.95,5.89,1.95,3.34,AN2,189B,0.00,0.00,1.95,3.97,AN3,0323,-0.09,6.04,1.95,4.60,POS,3.31,2.59,1.43,70
DIST,4,AN0,C32D,2.95,0.00,1.95,2.58,AN1,8A94,2.95,5.89,1.95,3.27,AN2,189B,0.00,0.00,1.95,4.01,AN3,0323,-0.09,6.04,1.95,4.50,POS,3.27,2.62,1.41,71
DIST,4,AN0,C32D,2.95,0.00,1.95,2.63,AN1,8A94,2.95,5.89,1.95,3.16,AN2,189B,0.00,0.00,1.95,4.07,AN3,0323,-0.09,6.04,1.95,4.37,POS,3.26,2.67,1.39,74
DIST,4,AN0,C32D,2.95,0.00,1.95,2.70,AN1,8A94,2.95,5.89,1.95,3.14,AN2,189B,0.00,0.00,1.95,4.07,AN3,0323,-0.09,6.04,1.95,4.38,POS,3.22,2.71,1.38,72
DIST,4,AN0,C32D,2.95,0.00,1.95,2.75,AN1,8A94,2.95,5.89,1.95,3.06,AN2,189B,0.00,0.00,1.95,4.10,AN3,0323,-0.09,6.04,1.95,4.28,POS,3.20,2.77,1.45,72
DIST,4,AN0,C32D,2.95,0.00,1.95,2.89,AN1,8A94,2.95,5.89,1.95,2.99,AN2,189B,0.00,0.00,1.95,4.22,AN3,0323,-0.09,6.04,1.95,4.26,POS,3.19,2.84,1.45,73
DIST,4,AN0,C32D,2.95,0.00,1.95,2.96,AN1,8A94,2.95,5.89,1.95,2.93,AN2,189B,0.00,0.00,1.95,4.35,AN3,0323,-0.09,6.04,1.95,4.22,POS,3.23,2.92,1.41,74
DIST,4,AN0,C32D,2.95,0.00,1.95,3.03,AN1,8A94,2.95,5.89,1.95,2.82,AN2,189B,0.00,0.00,1.95,4.30,AN3,0323,-0.09,6.04,1.95,4.13,POS,3.21,2.99,1.44,71
DIST,4,AN0,8A94,2.95,5.89,1.95,2.75,AN1,C32D,2.95,0.00,1.95,3.09,AN2,189B,0.00,0.00,1.95,4.27,AN3,0323,-0.09,6.04,1.95,4.02,POS,3.09,3.02,1.41,71
DIST,4,AN0,8A94,2.95,5.89,1.95,2.68,AN1,C32D,2.95,0.00,1.95,3.20,AN2,189B,0.00,0.00,1.95,4.31,AN3,0323,-0.09,6.04,1.95,4.00,POS,3.03,3.07,1.36,68
DIST,4,AN0,8A94,2.95,5.89,1.95,2.53,AN1,C32D,2.95,0.00,1.95,3.24,AN2,0323,-0.09,6.04,1.95,3.97,AN3,189B,0.00,0.00,1.95,4.38,POS,3.01,3.13,1.39,71
DIST,4,AN0,8A94,2.95,5.89,1.95,2.43,AN1,C32D,2.95,0.00,1.95,3.40,AN2,0323,-0.09,6.04,1.95,3.89,AN3,189B,0.00,0.00,1.95,4.43,POS,2.97,3.21,1.38,72
DIST,4,AN0,8A94,2.95,5.89,1.95,2.38,AN1,C32D,2.95,0.00,1.95,3.51,AN2,0323,-0.09,6.04,1.95,3.80,AN3,189B,0.00,0.00,1.95,4.60,POS,2.93,3.29,1.34,73
DIST,4,AN0,8A94,2.95,5.89,1.95,2.31,AN1,C32D,2.95,0.00,1.95,3.48,AN2,0323,-0.09,6.04,1.95,3.77,AN3,189B,0.00,0.00,1.95,4.60,POS,2.89,3.35,1.36,76
DIST,4,AN0,8A94,2.95,5.89,1.95,2.20,AN1,C32D,2.95,0.00,1.95,3.64,AN2,0323,-0.09,6.04,1.95,3.75,AN3,189B,0.00,0.00,1.95,4.70,POS,2.91,3.43,1.35,70
DIST,4,AN0,8A94,2.95,5.89,1.95,2.12,AN1,C32D,2.95,0.00,1.95,3.68,AN2,0323,-0.09,6.04,1.95,3.73,AN3,189B,0.00,0.00,1.95,4.93,POS,3.05,3.58,1.35,71
DIST,4,AN0,8A94,2.95,5.89,1.95,2.07,AN1,C32D,2.95,0.00,1.95,3.72,AN2,0323,-0.09,6.04,1.95,3.60,AN3,189B,0.00,0.00,1.95,4.87,POS,3.11,3.69,1.32,67
DIST,4,AN0,8A94,2.95,5.89,1.95,2.01,AN1,C32D,2.95,0.00,1.95,3.74,AN2,0323,-0.09,6.04,1.95,3.57,AN3,189B,0.00,0.00,1.95,4.84,POS,3.03,3.73,1.38,78
DIST,4,AN0,8A94,2.95,5.89,1.95,2.00,AN1,C32D,2.95,0.00,1.95,3.83,AN2,0323,-0.09,6.04,1.95,3.50,AN3,189B,0.00,0.00,1.95,4.85,POS,2.96,3.77,1.38,78
DIST,4,AN0,8A94,2.95,5.89,1.95,1.93,AN1,C32D,2.95,0.00,1.95,3.84,AN2,0323,-0.09,6.04,1.95,3.47,AN3,189B,0.00,0.00,1.95,4.90,POS,2.90,3.80,1.42,78
DIST,4,AN0,8A94,2.95,5.89,1.95,1.93,AN1,0323,-0.09,6.04,1.95,3.45,AN2,C32D,2.95,0.00,1.95,3.93,AN3,189B,0.00,0.00,1.95,4.83,POS,2.87,3.84,1.39,77
DIST,4,AN0,8A94,2.95,5.89,1.95,1.84,AN1,0323,-0.09,6.04,1.95,3.34,AN2,C32D,2.95,0.00,1.95,3.87,AN3,189B,0.00,0.00,1.95,4.81,POS,2.83,3.88,1.35,77
DIST,4,AN0,8A94,2.95,5.89,1.95,1.80,AN1,0323,-0.09,6.04,1.95,3.38,AN2,C32D,2.95,0.00,1.95,3.93,AN3,189B,0.00,0.00,1.95,4.84,POS,2.84,3.94,1.41,80
DIST,3,AN0,0323,-0.09,6.04,1.95,3.37,AN1,C32D,2.95,0.00,1.95,3.96,AN2,189B,0.00,0.00,1.95,4.91,POS,2.88,4.00,1.36,82
DIST,4,AN0,8A94,2.95,5.89,1.95,1.74,AN1,0323,-0.09,6.04,1.95,3.34,AN2,C32D,2.95,0.00,1.95,4.00,AN3,189B,0.00,0.00,1.95,4.88,POS,2.86,4.02,1.45,80
DIST,4,AN0,8A94,2.95,5.89,1.95,1.71,AN1,0323,-0.09,6.04,1.95,3.41,AN2,C32D,2.95,0.00,1.95,3.97,AN3,189B,0.00,0.00,1.95,4.92,POS,2.87,4.05,1.40,70
DIST,4,AN0,8A94,2.95,5.89,1.95,1.71,AN1,0323,-0.09,6.04,1.95,3.41,AN2,C32D,2.95,0.00,1.95,3.96,AN3,189B,0.00,0.00,1.95,4.92,POS,2.89,4.06,1.36,71
DIST,4,AN0,8A94,2.95,5.89,1.95,1.77,AN1,0323,-0.09,6.04,1.95,3.44,AN2,C32D,2.95,0.00,1.95,3.94,AN3,189B,0.00,0.00,1.95,4.87,POS,2.88,4.05,1.47,80
DIST,4,AN0,8A94,2.95,5.89,1.95,1.82,AN1,0323,-0.09,6.04,1.95,3.41,AN2,C32D,2.95,0.00,1.95,3.93,AN3,189B,0.00,0.00,1.95,4.85,POS,2.86,4.04,1.50,80
DIST,4,AN0,8A94,2.95,5.89,1.95,1.83,AN1,0323,-0.09,6.04,1.95,3.47,AN2,C32D,2.95,0.00,1.95,3.95,AN3,189B,0.00,0.00,1.95,4.83,POS,2.85,4.04,1.50,80
DIST,4,AN0,8A94,2.95,5.89,1.95,1.82,AN1,0323,-0.09,6.04,1.95,3.41,AN2,C32D,2.95,0.00,1.95,3.92,AN3,189B,0.00,0.00,1.95,4.85,POS,2.84,4.03,1.53,79
DIST,4,AN0,8A94,2.95,5.89,1.95,1.79,AN1,0323,-0.09,6.04,1.95,3.44,AN2,C32D,2.95,0.00,1.95,3.97,AN3,189B,0.00,0.00,1.95,4.79,POS,2.82,4.03,1.55,80
DIST,4,AN0,8A94,2.95,5.89,1.95,1.83,AN1,0323,-0.09,6.04,1.95,3.39,AN2,C32D,2.95,0.00,1.95,3.90,AN3,189B,0.00,0.00,1.95,4.79,POS,2.81,4.02,1.60,79
DIST,4,AN0,8A94,2.95,5.89,1.95,1.87,AN1,0323,-0.09,6.04,1.95,3.43,AN2,C32D,2.95,0.00,1.95,3.86,AN3,189B,0.00,0.00,1.95,4.89,POS,2.79,4.00,1.62,78
DIST,4,AN0,8A94,2.95,5.89,1.95,1.83,AN1,0323,-0.09,6.04,1.95,3.44,AN2,C32D,2.95,0.00,1.95,3.85,AN3,189B,0.00,0.00,1.95,4.76,POS,2.81,4.00,1.56,76
DIST,4,AN0,8A94,2.95,5.89,1.95,1.90,AN1,0323,-0.09,6.04,1.95,3.38,AN2,C32D,2.95,0.00,1.95,3.85,AN3,189B,0.00,0.00,1.95,4.72,POS,2.79,3.99,1.60,78
DIST,4,AN0,8A94,2.95,5.89,1.95,1.87,AN1,0323,-0.09,6.04,1.95,3.31,AN2,C32D,2.95,0.00,1.95,3.83,AN3,189B,0.00,0.00,1.95,4.68,POS,2.77,3.98,1.52,78
DIST,4,AN0,8A94,2.95,5.89,1.95,1.89,AN1,0323,-0.09,6.04,1.95,3.28,AN2,C32D,2.95,0.00,1.95,3.94,AN3,189B,0.00,0.00,1.95,4.72,POS,2.72,3.98,1.50,78
DIST,4,AN0,8A94,2.95,5.89,1.95,1.83,AN1,0323,-0.09,6.04,1.95,3.11,AN2,C32D,2.95,0.00,1.95,3.88,AN3,189B,0.00,0.00,1.95,4.56,POS,2.66,3.99,1.47,78
DIST,4,AN0,8A94,2.95,5.89,1.95,1.92,AN1,0323,-0.09,6.04,1.95,3.00,AN2,C32D,2.95,0.00,1.95,3.98,AN3,189B,0.00,0.00,1.95,4.63,POS,2.55,3.99,1.53,77
DIST,4,AN0,8A94,2.95,5.89,1.95,1.95,AN1,0323,-0.09,6.04,1.95,2.87,AN2,C32D,2.95,0.00,1.95,3.94,AN3,189B,0.00,0.00,1.95,4.53,POS,2.51,4.03,1.47,78
DIST,4,AN0,8A94,2.95,5.89,1.95,2.03,AN1,0323,-0.09,6.04,1.95,2.87,AN2,C32D,2.95,0.00,1.95,3.93,AN3,189B,0.00,0.00,1.95,4.29,POS,2.39,4.02,1.44,78
DIST,4,AN0,8A94,2.95,5.89,1.95,2.11,AN1,0323,-0.09,6.04,1.95,2.76,AN2,C32D,2.95,0.00,1.95,3.87,AN3,189B,0.00,0.00,1.95,4.22,POS,2.27,3.99,1.44,84
DIST,4,AN0,8A94,2.95,5.89,1.95,2.17,AN1,0323,-0.09,6.04,1.95,2.80,AN2,C32D,2.95,0.00,1.95,3.91,AN3,189B,0.00,0.00,1.95,4.16,POS,2.17,3.97,1.40,82
DIST,4,AN0,8A94,2.95,5.89,1.95,2.19,AN1,0323,-0.09,6.04,1.95,2.67,AN2,C32D,2.95,0.00,1.95,3.89,AN3,189B,0.00,0.00,1.95,4.14,POS,2.08,3.96,1.48,88
DIST,4,AN0,8A94,2.95,5.89,1.95,2.20,AN1,0323,-0.09,6.04,1.95,2.58,AN2,C32D,2.95,0.00,1.95,3.97,AN3,189B,0.00,0.00,1.95,4.13,POS,1.98,3.96,1.49,89
DIST,4,AN0,8A94,2.95,5.89,1.95,2.24,AN1,0323,-0.09,6.04,1.95,2.51,AN2,C32D,2.95,0.00,1.95,3.98,AN3,189B,0.00,0.00,1.95,4.14,POS,1.91,3.97,1.42,81
DIST,4,AN0,8A94,2.95,5.89,1.95,2.22,AN1,0323,-0.09,6.04,1.95,2.40,AN2,C32D,2.95,0.00,1.95,4.06,AN3,189B,0.00,0.00,1.95,4.15,POS,1.83,4.00,1.36,82
DIST,4,AN0,8A94,2.95,5.89,1.95,2.26,AN1,0323,-0.09,6.04,1.95,2.36,AN2,C32D,2.95,0.00,1.95,4.08,AN3,189B,0.00,0.00,1.95,4.17,POS,1.73,4.00,1.43,92
DIST,4,AN0,8A94,2.95,5.89,1.95,2.31,AN1,0323,-0.09,6.04,1.95,2.40,AN2,C32D,2.95,0.00,1.95,4.08,AN3,189B,0.00,0.00,1.95,4.15,POS,1.69,4.01,1.54,93
DIST,4,AN0,8A94,2.95,5.89,1.95,2.35,AN1,0323,-0.09,6.04,1.95,2.43,AN2,C32D,2.95,0.00,1.95,4.05,AN3,189B,0.00,0.00,1.95,4.02,POS,1.62,3.99,1.54,91
DIST,4,AN0,8A94,2.95,5.89,1.95,2.37,AN1,0323,-0.09,6.04,1.95,2.47,AN2,C32D,2.95,0.00,1.95,4.06,AN3,189B,0.00,0.00,1.95,4.06,POS,1.57,3.98,1.49,88
DIST,4,AN0,8A94,2.95,5.89,1.95,2.33,AN1,0323,-0.09,6.04,1.95,2.45,AN2,C32D,2.95,0.00,1.95,4.01,AN3,189B,0.00,0.00,1.95,4.06,POS,1.57,3.98,1.56,93
DIST,4,AN0,8A94,2.95,5.89,1.95,2.36,AN1,0323,-0.09,6.04,1.95,2.45,AN2,C32D,2.95,0.00,1.95,4.00,AN3,189B,0.00,0.00,1.95,4.00,POS,1.53,3.96,1.59,93
DIST,4,AN0,8A94,2.95,5.89,1.95,2.35,AN1,0323,-0.09,6.04,1.95,2.43,AN2,C32D,2.95,0.00,1.95,4.06,AN3,189B,0.00,0.00,1.95,4.02,POS,1.50,3.96,1.55,89
DIST,4,AN0,8A94,2.95,5.89,1.95,2.34,AN1,0323,-0.09,6.04,1.95,2.41,AN2,C32D,2.95,0.00,1.95,4.01,AN3,189B,0.00,0.00,1.95,4.05,POS,1.51,3.97,1.47,84
DIST,4,AN0,8A94,2.95,5.89,1.95,2.34,AN1,0323,-0.09,6.04,1.95,2.41,AN2,C32D,2.95,0.00,1.95,4.08,AN3,189B,0.00,0.00,1.95,4.02,POS,1.48,3.97,1.46,89
DIST,4,AN0,8A94,2.95,5.89,1.95,2.40,AN1,0323,-0.09,6.04,1.95,2.46,AN2,C32D,2.95,0.00,1.95,4.05,AN3,189B,0.00,0.00,1.95,4.04,POS,1.47,3.96,1.45,89
DIST,4,AN0,8A94,2.95,5.89,1.95,2.38,AN1,0323,-0.09,6.04,1.95,2.41,AN2,189B,0.00,0.00,1.95,4.02,AN3,C32D,2.95,0.00,1.95,4.04,POS,1.45,3.96,1.49,92
DIST,4,AN0,8A94,2.95,5.89,1.95,2.37,AN1,0323,-0.09,6.04,1.95,2.47,AN2,189B,0.00,0.00,1.95,3.97,AN3,C32D,2.95,0.00,1.95,4.07,POS,1.43,3.95,1.50,91
DIST,4,AN0,8A94,2.95,5.89,1.95,2.42,AN1,0323,-0.09,6.04,1.95,2.39,AN2,189B,0.00,0.00,1.95,3.98,AN3,C32D,2.95,0.00,1.95,4.04,POS,1.41,3.95,1.55,92
DIST,4,AN0,8A94,2.95,5.89,1.95,2.41,AN1,0323,-0.09,6.04,1.95,2.39,AN2,189B,0.00,0.00,1.95,3.99,AN3,C32D,2.95,0.00,1.95,4.00,POS,1.42,3.95,1.47,84
DIST,4,AN0,8A94,2.95,5.89,1.95,2.43,AN1,0323,-0.09,6.04,1.95,2.44,AN2,189B,0.00,0.00,1.95,4.00,AN3,C32D,2.95,0.00,1.95,4.04,POS,1.41,3.94,1.47,90
DIST,4,AN0,8A94,2.95,5.89,1.95,2.45,AN1,0323,-0.09,6.04,1.95,2.38,AN2,189B,0.00,0.00,1.95,3.94,AN3,C32D,2.95,0.00,1.95,4.04,POS,1.38,3.94,1.51,91
DIST,4,AN0,8A94,2.95,5.89,1.95,2.52,AN1,0323,-0.09,6.04,1.95,2.44,AN2,189B,0.00,0.00,1.95,3.95,AN3,C32D,2.95,0.00,1.95,4.07,POS,1.35,3.92,1.47,85
DIST,4,AN0,8A94,2.95,5.89,1.95,2.51,AN1,0323,-0.09,6.04,1.95,2.31,AN2,189B,0.00,0.00,1.95,3.95,AN3,C32D,2.95,0.00,1.95,4.21,POS,1.30,3.94,1.47,84
DIST,4,AN0,0323,-0.09,6.04,1.95,2.26,AN1,8A94,2.95,5.89,1.95,2.51,AN2,189B,0.00,0.00,1.95,3.86,AN3,C32D,2.95,0.00,1.95,4.20,POS,1.22,3.95,1.42,77
DIST,4,AN0,0323,-0.09,6.04,1.95,2.15,AN1,8A94,2.95,5.89,1.95,2.57,AN2,189B,0.00,0.00,1.95,3.85,AN3,C32D,2.95,0.00,1.95,4.26,POS,1.15,3.96,1.46,80
DIST,4,AN0,0323,-0.09,6.04,1.95,2.17,AN1,8A94,2.95,5.89,1.95,2.63,AN2,189B,0.00,0.00,1.95,3.90,AN3,C32D,2.95,0.00,1.95,4.38,POS,1.05,3.99,1.41,73
DIST,4,AN0,0323,-0.09,6.04,1.95,2.11,AN1,8A94,2.95,5.89,1.95,2.67,AN2,189B,0.00,0.00,1.95,3.89,AN3,C32D,2.95,0.00,1.95,4.26,POS,1.01,3.98,1.50,81
DIST,4,AN0,0323,-0.09,6.04,1.95,2.08,AN1,8A94,2.95,5.89,1.95,2.74,AN2,189B,0.00,0.00,1.95,3.89,AN3,C32D,2.95,0.00,1.95,4.29,POS,0.98,3.98,1.56,81
DIST,4,AN0,0323,-0.09,6.04,1.95,2.06,AN1,8A94,2.95,5.89,1.95,2.82,AN2,189B,0.00,0.00,1.95,3.79,AN3,C32D,2.95,0.00,1.95,4.38,POS,0.90,3.97,1.59,77
DIST,4,AN0,0323,-0.09,6.04,1.95,2.04,AN1,8A94,2.95,5.89,1.95,2.89,AN2,189B,0.00,0.00,1.95,3.87,AN3,C32D,2.95,0.00,1.95,4.44,POS,0.83,3.98,1.55,77
DIST,4,AN0,0323,-0.09,6.04,1.95,1.99,AN1,8A94,2.95,5.89,1.95,2.91,AN2,189B,0.00,0.00,1.95,3.95,AN3,C32D,2.95,0.00,1.95,4.44,POS,0.81,4.00,1.55,77
DIST,4,AN0,0323,-0.09,6.04,1.95,1.93,AN1,8A94,2.95,5.89,1.95,2.98,AN2,189B,0.00,0.00,1.95,3.88,AN3,C32D,2.95,0.00,1.95,4.59,POS,0.71,4.01,1.53,79
DIST,4,AN0,0323,-0.09,6.04,1.95,1.86,AN1,8A94,2.95,5.89,1.95,3.03,AN2,189B,0.00,0.00,1.95,3.86,AN3,C32D,2.95,0.00,1.95,4.62,POS,0.61,4.01,1.57,79
DIST,4,AN0,0323,-0.09,6.04,1.95,1.82,AN1,8A94,2.95,5.89,1.95,3.07,AN2,189B,0.00,0.00,1.95,3.89,AN3,C32D,2.95,0.00,1.95,4.72,POS,0.52,4.03,1.58,79
DIST,4,AN0,0323,-0.09,6.04,1.95,1.81,AN1,8A94,2.95,5.89,1.95,3.19,AN2,189B,0.00,0.00,1.95,3.90,AN3,C32D,2.95,0.00,1.95,4.78,POS,0.42,4.04,1.58,80
DIST,4,AN0,0323,-0.09,6.04,1.95,1.82,AN1,8A94,2.95,5.89,1.95,3.15,AN2,189B,0.00,0.00,1.95,3.87,AN3,C32D,2.95,0.00,1.95,4.82,POS,0.31,4.07,1.59,81
DIST,4,AN0,0323,-0.09,6.04,1.95,1.85,AN1,8A94,2.95,5.89,1.95,3.24,AN2,189B,0.00,0.00,1.95,3.92,AN3,C32D,2.95,0.00,1.95,4.79,POS,0.26,4.07,1.54,80
DIST,4,AN0,0323,-0.09,6.04,1.95,1.81,AN1,8A94,2.95,5.89,1.95,3.29,AN2,189B,0.00,0.00,1.95,3.91,AN3,C32D,2.95,0.00,1.95,4.85,POS,0.20,4.08,1.53,79
DIST,4,AN0,0323,-0.09,6.04,1.95,1.78,AN1,8A94,2.95,5.89,1.95,3.26,AN2,189B,0.00,0.00,1.95,3.90,AN3,C32D,2.95,0.00,1.95,4.81,POS,0.16,4.08,1.56,80
DIST,4,AN0,0323,-0.09,6.04,1.95,1.77,AN1,8A94,2.95,5.89,1.95,3.20,AN2,189B,0.00,0.00,1.95,3.94,AN3,C32D,2.95,0.00,1.95,4.87,POS,0.13,4.09,1.56,81
DIST,4,AN0,0323,-0.09,6.04,1.95,1.80,AN1,8A94,2.95,5.89,1.95,3.21,AN2,189B,0.00,0.00,1.95,3.90,AN3,C32D,2.95,0.00,1.95,4.91,POS,0.12,4.09,1.57,80
DIST,4,AN0,0323,-0.09,6.04,1.95,1.75,AN1,8A94,2.95,5.89,1.95,3.20,AN2,189B,0.00,0.00,1.95,3.94,AN3,C32D,2.95,0.00,1.95,4.85,POS,0.11,4.10,1.58,81
DIST,4,AN0,0323,-0.09,6.04,1.95,1.76,AN1,8A94,2.95,5.89,1.95,3.22,AN2,189B,0.00,0.00,1.95,3.93,AN3,C32D,2.95,0.00,1.95,4.91,POS,0.08,4.10,1.59,81
DIST,4,AN0,0323,-0.09,6.04,1.95,1.77,AN1,8A94,2.95,5.89,1.95,3.23,AN2,189B,0.00,0.00,1.95,3.99,AN3,C32D,2.95,0.00,1.95,4.86,POS,0.07,4.12,1.55,79
DIST,4,AN0,0323,-0.09,6.04,1.95,1.78,AN1,8A94,2.95,5.89,1.95,3.30,AN2,189B,0.00,0.00,1.95,3.98,AN3,C32D,2.95,0.00,1.95,4.99,POS,0.04,4.12,1.51,74
DIST,4,AN0,0323,-0.09,6.04,1.95,1.69,AN1,8A94,2.95,5.89,1.95,3.27,AN2,189B,0.00,0.00,1.95,4.05,AN3,C32D,2.95,0.00,1.95,4.97,POS,0.02,4.15,1.50,77
DIST,4,AN0,0323,-0.09,6.04,1.95,1.70,AN1,8A94,2.95,5.89,1.95,3.26,AN2,189B,0.00,0.00,1.95,4.06,AN3,C32D,2.95,0.00,1.95,5.00,POS,0.01,4.17,1.47,76
DIST,4,AN0,0323,-0.09,6.04,1.95,1.72,AN1,8A94,2.95,5.89,1.95,3.32,AN2,189B,0.00,0.00,1.95,4.02,AN3,C32D,2.95,0.00,1.95,5.02,POS,-0.02,4.18,1.49,76
DIST,4,AN0,0323,-0.09,6.04,1.95,1.77,AN1,8A94,2.95,5.89,1.95,3.33,AN2,189B,0.00,0.00,1.95,4.00,AN3,C32D,2.95,0.00,1.95,4.97,POS,-0.03,4.17,1.46,74
DIST,4,AN0,0323,-0.09,6.04,1.95,1.79,AN1,8A94,2.95,5.89,1.95,3.33,AN2,189B,0.00,0.00,1.95,3.87,AN3,C32D,2.95,0.00,1.95,5.10,POS,-0.04,4.14,1.52,80
DIST,4,AN0,0323,-0.09,6.04,1.95,1.82,AN1,8A94,2.95,5.89,1.95,3.30,AN2,189B,0.00,0.00,1.95,3.92,AN3,C32D,2.95,0.00,1.95,4.84,POS,-0.03,4.13,1.50,78
DIST,4,AN0,0323,-0.09,6.04,1.95,1.80,AN1,8A94,2.95,5.89,1.95,3.34,AN2,189B,0.00,0.00,1.95,3.91,AN3,C32D,2.95,0.00,1.95,4.97,POS,-0.07,4.14,1.50,70
DIST,4,AN0,0323,-0.09,6.04,1.95,1.81,AN1,8A94,2.95,5.89,1.95,3.36,AN2,189B,0.00,0.00,1.95,3.88,AN3,C32D,2.95,0.00,1.95,5.00,POS,-0.07,4.12,1.52,77
DIST,4,AN0,0323,-0.09,6.04,1.95,1.82,AN1,8A94,2.95,5.89,1.95,3.37,AN2,189B,0.00,0.00,1.95,3.90,AN3,C32D,2.95,0.00,1.95,4.93,POS,-0.08,4.11,1.51,74
DIST,4,AN0,0323,-0.09,6.04,1.95,1.86,AN1,8A94,2.95,5.89,1.95,3.41,AN2,189B,0.00,0.00,1.95,3.95,AN3,C32D,2.95,0.00,1.95,4.97,POS,-0.10,4.11,1.47,71
DIST,4,AN0,0323,-0.09,6.04,1.95,1.87,AN1,189B,0.00,0.00,1.95,3.96,AN2,8A94,2.95,5.89,1.95,3.38,AN3,C32D,2.95,0.00,1.95,5.02,POS,-0.13,4.13,1.43,65
DIST,4,AN0,0323,-0.09,6.04,1.95,1.85,AN1,189B,0.00,0.00,1.95,3.93,AN2,8A94,2.95,5.89,1.95,3.38,AN3,C32D,2.95,0.00,1.95,5.02,POS,-0.17,4.15,1.46,68
DIST,4,AN0,0323,-0.09,6.04,1.95,1.89,AN1,189B,0.00,0.00,1.95,3.94,AN2,8A94,2.95,5.89,1.95,3.33,AN3,C32D,2.95,0.00,1.95,4.95,POS,-0.14,4.13,1.40,70
DIST,4,AN0,0323,-0.09,6.04,1.95,1.92,AN1,189B,0.00,0.00,1.95,3.94,AN2,8A94,2.95,5.89,1.95,3.37,AN3,C32D,2.95,0.00,1.95,4.91,POS,-0.10,4.11,1.48,80
DIST,4,AN0,0323,-0.09,6.04,1.95,1.90,AN1,189B,0.00,0.00,1.95,3.86,AN2,8A94,2.95,5.89,1.95,3.38,AN3,C32D,2.95,0.00,1.95,4.88,POS,-0.10,4.08,1.46,74
DIST,4,AN0,0323,-0.09,6.04,1.95,2.00,AN1,189B,0.00,0.00,1.95,3.82,AN2,8A94,2.95,5.89,1.95,3.41,AN3,C32D,2.95,0.00,1.95,4.75,POS,-0.07,4.05,1.41,74
DIST,4,AN0,0323,-0.09,6.04,1.95,2.09,AN1,8A94,2.95,5.89,1.95,3.45,AN2,189B,0.00,0.00,1.95,3.69,AN3,C32D,2.95,0.00,1.95,4.81,POS,-0.05,4.00,1.39,75
DIST,4,AN0,0323,-0.09,6.04,1.95,2.24,AN1,8A94,2.95,5.89,1.95,3.53,AN2,189B,0.00,0.00,1.95,3.60,AN3,C32D,2.95,0.00,1.95,4.69,POS,-0.07,3.95,1.48,75
DIST,4,AN0,0323,-0.09,6.04,1.95,2.30,AN1,8A94,2.95,5.89,1.95,3.70,AN2,189B,0.00,0.00,1.95,3.55,AN3,C32D,2.95,0.00,1.95,4.70,POS,-0.08,3.87,1.56,74
DIST,4,AN0,0323,-0.09,6.04,1.95,2.44,AN1,8A94,2.95,5.89,1.95,3.81,AN2,189B,0.00,0.00,1.95,3.36,AN3,C32D,2.95,0.00,1.95,4.57,POS,-0.12,3.78,1.51,66
DIST,4,AN0,0323,-0.09,6.04,1.95,2.57,AN1,189B,0.00,0.00,1.95,3.30,AN2,8A94,2.95,5.89,1.95,3.75,AN3,C32D,2.95,0.00,1.95,4.49,POS,-0.13,3.71,1.58,72
DIST,4,AN0,0323,-0.09,6.04,1.95,2.67,AN1,189B,0.00,0.00,1.95,3.13,AN2,8A94,2.95,5.89,1.95,3.82,AN3,C32D,2.95,0.00,1.95,4.39,POS,-0.09,3.59,1.50,69
DIST,4,AN0,0323,-0.09,6.04,1.95,2.79,AN1,189B,0.00,0.00,1.95,3.03,AN2,8A94,2.95,5.89,1.95,3.87,AN3,C32D,2.95,0.00,1.95,4.33,POS,-0.14,3.52,1.49,68
DIST,4,AN0,0323,-0.09,6.04,1.95,2.91,AN1,189B,0.00,0.00,1.95,2.87,AN2,8A94,2.95,5.89,1.95,3.99,AN3,C32D,2.95,0.00,1.95,4.14,POS,-0.12,3.39,1.44,69
DIST,4,AN0,0323,-0.09,6.04,1.95,2.96,AN1,189B,0.00,0.00,1.95,2.81,AN2,8A94,2.95,5.89,1.95,3.95,AN3,C32D,2.95,0.00,1.95,4.11,POS,-0.06,3.28,1.42,70
DIST,4,AN0,0323,-0.09,6.04,1.95,3.06,AN1,189B,0.00,0.00,1.95,2.77,AN2,8A94,2.95,5.89,1.95,4.16,AN3,C32D,2.95,0.00,1.95,4.04,POS,-0.07,3.17,1.37,71
DIST,4,AN0,0323,-0.09,6.04,1.95,3.14,AN1,189B,0.00,0.00,1.95,2.68,AN2,8A94,2.95,5.89,1.95,4.25,AN3,C32D,2.95,0.00,1.95,4.06,POS,-0.10,3.08,1.35,72
DIST,4,AN0,0323,-0.09,6.04,1.95,3.20,AN1,189B,0.00,0.00,1.95,2.56,AN2,8A94,2.95,5.89,1.95,4.29,AN3,C32D,2.95,0.00,1.95,4.21,POS,-0.23,3.03,1.46,76
DIST,4,AN0,0323,-0.09,6.04,1.95,3.23,AN1,189B,0.00,0.00,1.95,2.60,AN2,8A94,2.95,5.89,1.95,4.33,AN3,C32D,2.95,0.00,1.95,4.09,POS,-0.24,2.95,1.39,72
DIST,4,AN0,189B,0.00,0.00,1.95,2.60,AN1,0323,-0.09,6.04,1.95,3.20,AN2,8A94,2.95,5.89,1.95,4.39,AN3,C32D,2.95,0.00,1.95,4.09,POS,-0.25,2.89,1.38,72
DIST,4,AN0,189B,0.00,0.00,1.95,2.60,AN1,0323,-0.09,6.04,1.95,3.22,AN2,C32D,2.95,0.00,1.95,4.12,AN3,8A94,2.95,5.89,1.95,4.34,POS,-0.23,2.84,1.34,71
DIST,4,AN0,189B,0.00,0.00,1.95,2.60,AN1,0323,-0.09,6.04,1.95,3.21,AN2,C32D,2.95,0.00,1.95,4.06,AN3,8A94,2.95,5.89,1.95,4.38,POS,-0.24,2.81,1.33,72
DIST,4,AN0,189B,0.00,0.00,1.95,2.60,AN1,0323,-0.09,6.04,1.95,3.26,AN2,C32D,2.95,0.00,1.95,4.10,AN3,8A94,2.95,5.89,1.95,4.35,POS,-0.21,2.78,1.42,69
DIST,4,AN0,189B,0.00,0.00,1.95,2.57,AN1,0323,-0.09,6.04,1.95,3.24,AN2,C32D,2.95,0.00,1.95,4.08,AN3,8A94,2.95,5.89,1.95,4.32,POS,-0.19,2.75,1.38,70
DIST,4,AN0,189B,0.00,0.00,1.95,2.58,AN1,0323,-0.09,6.04,1.95,3.31,AN2,C32D,2.95,0.00,1.95,4.11,AN3,8A94,2.95,5.89,1.95,4.41,POS,-0.19,2.73,1.44,69
DIST,4,AN0,189B,0.00,0.00,1.95,2.60,AN1,0323,-0.09,6.04,1.95,3.27,AN2,C32D,2.95,0.00,1.95,4.12,AN3,8A94,2.95,5.89,1.95,4.34,POS,-0.16,2.72,1.49,69
DIST,4,AN0,189B,0.00,0.00,1.95,2.53,AN1,0323,-0.09,6.04,1.95,3.25,AN2,C32D,2.95,0.00,1.95,4.08,AN3,8A94,2.95,5.89,1.95,4.41,POS,-0.20,2.71,1.54,72
DIST,4,AN0,189B,0.00,0.00,1.95,2.53,AN1,0323,-0.09,6.04,1.95,3.26,AN2,C32D,2.95,0.00,1.95,4.08,AN3,8A94,2.95,5.89,1.95,4.34,POS,-0.18,2.69,1.48,69
DIST,4,AN0,189B,0.00,0.00,1.95,2.50,AN1,0323,-0.09,6.04,1.95,3.34,AN2,C32D,2.95,0.00,1.95,3.96,AN3,8A94,2.95,5.89,1.95,4.36,POS,-0.15,2.67,1.56,72
DIST,4,AN0,189B,0.00,0.00,1.95,2.55,AN1,0323,-0.09,6.04,1.95,3.31,AN2,C32D,2.95,0.00,1.95,3.89,AN3,8A94,2.95,5.89,1.95,4.37,POS,-0.13,2.66,1.59,70
DIST,4,AN0,189B,0.00,0.00,1.95,2.49,AN1,0323,-0.09,6.04,1.95,3.33,AN2,C32D,2.95,0.00,1.95,3.95,AN3,8A94,2.95,5.89,1.95,4.32,POS,-0.11,2.64,1.50,67
DIST,4,AN0,189B,0.00,0.00,1.95,2.48,AN1,0323,-0.09,6.04,1.95,3.33,AN2,C32D,2.95,0.00,1.95,3.98,AN3,8A94,2.95,5.89,1.95,4.41,POS,-0.13,2.63,1.44,70
DIST,4,AN0,189B,0.00,0.00,1.95,2.40,AN1,0323,-0.09,6.04,1.95,3.44,AN2,C32D,2.95,0.00,1.95,3.86,AN3,8A94,2.95,5.89,1.95,4.47,POS,-0.13,2.60,1.54,70
DIST,4,AN0,189B,0.00,0.00,1.95,2.34,AN1,0323,-0.09,6.04,1.95,3.44,AN2,C32D,2.95,0.00,1.95,3.67,AN3,8A94,2.95,5.89,1.95,4.65,POS,-0.09,2.56,1.48,69
DIST,4,AN0,189B,0.00,0.00,1.95,2.27,AN1,0323,-0.09,6.04,1.95,3.54,AN2,C32D,2.95,0.00,1.95,3.64,AN3,8A94,2.95,5.89,1.95,4.72,POS,-0.07,2.51,1.42,68
DIST,4,AN0,189B,0.00,0.00,1.95,2.15,AN1,0323,-0.09,6.04,1.95,3.71,AN2,8A94,2.95,5.89,1.95,4.79,AN3,C32D,2.95,0.00,1.95,3.57,POS,-0.16,2.38,1.40,68
DIST,4,AN0,189B,0.00,0.00,1.95,1.93,AN1,0323,-0.09,6.04,1.95,3.88,AN2,C32D,2.95,0.00,1.95,3.60,AN3,8A94,2.95,5.89,1.95,4.89,POS,-0.17,2.28,1.46,68
DIST,4,AN0,189B,0.00,0.00,1.95,1.83,AN1,0323,-0.09,6.04,1.95,3.86,AN2,C32D,2.95,0.00,1.95,3.58,AN3,8A94,2.95,5.89,1.95,4.97,POS,-0.18,2.21,1.52,68
DIST,4,AN0,189B,0.00,0.00,1.95,1.77,AN1,0323,-0.09,6.04,1.95,4.02,AN2,C32D,2.95,0.00,1.95,3.40,AN3,8A94,2.95,5.89,1.95,5.00,POS,-0.15,2.12,1.47,70
DIST,4,AN0,189B,0.00,0.00,1.95,1.66,AN1,0323,-0.09,6.04,1.95,4.08,AN2,C32D,2.95,0.00,1.95,3.29,AN3,8A94,2.95,5.89,1.95,5.07,POS,-0.11,2.04,1.46,74
DIST,4,AN0,189B,0.00,0.00,1.95,1.58,AN1,0323,-0.09,6.04,1.95,4.22,AN2,C32D,2.95,0.00,1.95,3.32,AN3,8A94,2.95,5.89,1.95,5.10,POS,-0.12,1.95,1.42,66
DIST,4,AN0,189B,0.00,0.00,1.95,1.46,AN1,0323,-0.09,6.04,1.95,4.30,AN2,C32D,2.95,0.00,1.95,3.19,AN3,8A94,2.95,5.89,1.95,5.30,POS,-0.09,1.85,1.42,74
DIST,4,AN0,189B,0.00,0.00,1.95,1.37,AN1,0323,-0.09,6.04,1.95,4.40,AN2,8A94,2.95,5.89,1.95,5.43,AN3,C32D,2.95,0.00,1.95,3.24,POS,-0.09,1.76,1.42,69
DIST,4,AN0,189B,0.00,0.00,1.95,1.22,AN1,0323,-0.09,6.04,1.95,4.60,AN2,C32D,2.95,0.00,1.95,3.35,AN3,8A94,2.95,5.89,1.95,5.69,POS,-0.15,1.64,1.42,58
DIST,4,AN0,189B,0.00,0.00,1.95,1.19,AN1,0323,-0.09,6.04,1.95,4.69,AN2,C32D,2.95,0.00,1.95,3.27,AN3,8A94,2.95,5.89,1.95,5.49,POS,-0.15,1.54,1.49,72
DIST,4,AN0,189B,0.00,0.00,1.95,1.14,AN1,0323,-0.09,6.04,1.95,4.70,AN2,C32D,2.95,0.00,1.95,3.07,AN3,8A94,2.95,5.89,1.95,5.47,POS,-0.15,1.43,1.43,57
DIST,4,AN0,189B,0.00,0.00,1.95,1.07,AN1,0323,-0.09,6.04,1.95,4.75,AN2,C32D,2.95,0.00,1.95,3.19,AN3,8A94,2.95,5.89,1.95,5.49,POS,-0.16,1.35,1.42,61
DIST,4,AN0,189B,0.00,0.00,1.95,1.11,AN1,0323,-0.09,6.04,1.95,4.71,AN2,C32D,2.95,0.00,1.95,3.16,AN3,8A94,2.95,5.89,1.95,5.42,POS,-0.13,1.31,1.40,67
DIST,4,AN0,189B,0.00,0.00,1.95,1.11,AN1,0323,-0.09,6.04,1.95,4.63,AN2,C32D,2.95,0.00,1.95,3.19,AN3,8A94,2.95,5.89,1.95,5.46,POS,-0.15,1.29,1.44,67
DIST,4,AN0,189B,0.00,0.00,1.95,1.13,AN1,0323,-0.09,6.04,1.95,4.65,AN2,C32D,2.95,0.00,1.95,3.13,AN3,8A94,2.95,5.89,1.95,5.38,POS,-0.13,1.27,1.44,69
DIST,4,AN0,189B,0.00,0.00,1.95,1.10,AN1,0323,-0.09,6.04,1.95,4.63,AN2,C32D,2.95,0.00,1.95,3.14,AN3,8A94,2.95,5.89,1.95,5.43,POS,-0.14,1.26,1.46,69
DIST,4,AN0,189B,0.00,0.00,1.95,1.06,AN1,0323,-0.09,6.04,1.95,4.68,AN2,C32D,2.95,0.00,1.95,3.13,AN3,8A94,2.95,5.89,1.95,5.45,POS,-0.14,1.24,1.49,70
DIST,4,AN0,189B,0.00,0.00,1.95,1.04,AN1,0323,-0.09,6.04,1.95,4.70,AN2,C32D,2.95,0.00,1.95,3.09,AN3,8A94,2.95,5.89,1.95,5.42,POS,-0.12,1.22,1.50,72
DIST,4,AN0,189B,0.00,0.00,1.95,1.03,AN1,0323,-0.09,6.04,1.95,4.72,AN2,C32D,2.95,0.00,1.95,3.10,AN3,8A94,2.95,5.89,1.95,5.43,POS,-0.11,1.20,1.50,71
DIST,4,AN0,189B,0.00,0.00,1.95,1.01,AN1,0323,-0.09,6.04,1.95,4.76,AN2,C32D,2.95,0.00,1.95,3.07,AN3,8A94,2.95,5.89,1.95,5.41,POS,-0.07,1.18,1.49,77
DIST,4,AN0,189B,0.00,0.00,1.95,1.01,AN1,0323,-0.09,6.04,1.95,4.73,AN2,8A94,2.95,5.89,1.95,5.43,AN3,C32D,2.95,0.00,1.95,3.11,POS,-0.07,1.16,1.50,72
DIST,4,AN0,189B,0.00,0.00,1.95,1.05,AN1,0323,-0.09,6.04,1.95,4.73,AN2,8A94,2.95,5.89,1.95,5.46,AN3,C32D,2.95,0.00,1.95,3.12,POS,-0.08,1.16,1.48,67
DIST,4,AN0,189B,0.00,0.00,1.95,1.02,AN1,0323,-0.09,6.04,1.95,4.72,AN2,8A94,2.95,5.89,1.95,5.47,AN3,C32D,2.95,0.00,1.95,3.10,POS,-0.09,1.15,1.49,70
DIST,4,AN0,189B,0.00,0.00,1.95,1.02,AN1,0323,-0.09,6.04,1.95,4.73,AN2,C32D,2.95,0.00,1.95,3.15,AN3,8A94,2.95,5.89,1.95,5.44,POS,-0.09,1.15,1.49,71
DIST,4,AN0,189B,0.00,0.00,1.95,1.04,AN1,0323,-0.09,6.04,1.95,4.70,AN2,8A94,2.95,5.89,1.95,5.45,AN3,C32D,2.95,0.00,1.95,3.09,POS,-0.09,1.15,1.52,73
DIST,4,AN0,189B,0.00,0.00,1.95,1.04,AN1,0323,-0.09,6.04,1.95,4.68,AN2,C32D,2.95,0.00,1.95,3.18,AN3,8A94,2.95,5.89,1.95,5.45,POS,-0.11,1.16,1.54,68
DIST,4,AN0,189B,0.00,0.00,1.95,1.05,AN1,0323,-0.09,6.04,1.95,4.66,AN2,C32D,2.95,0.00,1.95,3.13,AN3,8A94,2.95,5.89,1.95,5.46,POS,-0.13,1.17,1.56,71
DIST,4,AN0,189B,0.00,0.00,1.95,1.04,AN1,0323,-0.09,6.04,1.95,4.69,AN2,C32D,2.95,0.00,1.95,3.10,AN3,8A94,2.95,5.89,1.95,5.48,POS,-0.13,1.17,1.56,70
DIST,4,AN0,189B,0.00,0.00,1.95,1.04,AN1,0323,-0.09,6.04,1.95,4.74,AN2,C32D,2.95,0.00,1.95,3.10,AN3,8A94,2.95,5.89,1.95,5.45,POS,-0.12,1.16,1.53,68
DIST,4,AN0,189B,0.00,0.00,1.95,1.03,AN1,0323,-0.09,6.04,1.95,4.73,AN2,C32D,2.95,0.00,1.95,3.12,AN3,8A94,2.95,5.89,1.95,5.43,POS,-0.10,1.15,1.52,71
DIST,4,AN0,189B,0.00,0.00,1.95,1.02,AN1,0323,-0.09,6.04,1.95,4.74,AN2,C32D,2.95,0.00,1.95,3.13,AN3,8A94,2.95,5.89,1.95,5.42,POS,-0.08,1.14,1.51,75
DIST,4,AN0,189B,0.00,0.00,1.95,1.00,AN1,0323,-0.09,6.04,1.95,4.79,AN2,8A94,2.95,5.89,1.95,5.48,AN3,C32D,2.95,0.00,1.95,3.10,POS,-0.07,1.13,1.49,69
DIST,4,AN0,189B,0.00,0.00,1.95,1.01,AN1,0323,-0.09,6.04,1.95,4.71,AN2,8A94,2.95,5.89,1.95,5.43,AN3,C32D,2.95,0.00,1.95,3.11,POS,-0.08,1.13,1.51,73
DIST,4,AN0,189B,0.00,0.00,1.95,1.04,AN1,0323,-0.09,6.04,1.95,4.75,AN2,8A94,2.95,5.89,1.95,5.48,AN3,C32D,2.95,0.00,1.95,3.06,POS,-0.08,1.13,1.51,72
DIST,4,AN0,189B,0.00,0.00,1.95,1.03,AN1,0323,-0.09,6.04,1.95,4.75,AN2,8A94,2.95,5.89,1.95,5.43,AN3,C32D,2.95,0.00,1.95,3.04,POS,-0.06,1.12,1.49,71
DIST,4,AN0,189B,0.00,0.00,1.95,1.02,AN1,0323,-0.09,6.04,1.95,4.72,AN2,8A94,2.95,5.89,1.95,5.43,AN3,C32D,2.95,0.00,1.95,3.14,POS,-0.07,1.13,1.50,72
DIST,4,AN0,189B,0.00,0.00,1.95,1.02,AN1,0323,-0.09,6.04,1.95,4.68,AN2,8A94,2.95,5.89,1.95,5.39,AN3,C32D,2.95,0.00,1.95,3.12,POS,-0.06,1.14,1.53,77
DIST,4,AN0,189B,0.00,0.00,1.95,1.02,AN1,0323,-0.09,6.04,1.95,4.73,AN2,8A94,2.95,5.89,1.95,5.47,AN3,C32D,2.95,0.00,1.95,3.11,POS,-0.08,1.14,1.52,69
DIST,4,AN0,189B,0.00,0.00,1.95,1.02,AN1,0323,-0.09,6.04,1.95,4.74,AN2,8A94,2.95,5.89,1.95,5.41,AN3,C32D,2.95,0.00,1.95,3.07,POS,-0.06,1.13,1.51,74
DIST,4,AN0,189B,0.00,0.00,1.95,1.03,AN1,0323,-0.09,6.04,1.95,4.76,AN2,8A94,2.95,5.89,1.95,5.52,AN3,C32D,2.95,0.00,1.95,3.02,POS,-0.07,1.13,1.49,68
DIST,4,AN0,189B,0.00,0.00,1.95,1.05,AN1,0323,-0.09,6.04,1.95,4.73,AN2,8A94,2.95,5.89,1.95,5.49,AN3,C32D,2.95,0.00,1.95,3.10,POS,-0.08,1.13,1.48,67
DIST,4,AN0,189B,0.00,0.00,1.95,1.01,AN1,0323,-0.09,6.04,1.95,4.70,AN2,8A94,2.95,5.89,1.95,5.44,AN3,C32D,2.95,0.00,1.95,3.13,POS,-0.09,1.14,1.51,72
DIST,4,AN0,189B,0.00,0.00,1.95,1.04,AN1,0323,-0.09,6.04,1.95,4.79,AN2,C32D,2.95,0.00,1.95,3.12,AN3,8A94,2.95,5.89,1.95,5.47,POS,-0.08,1.12,1.47,67
DIST,4,AN0,189B,0.00,0.00,1.95,1.02,AN1,0323,-0.09,6.04,1.95,4.74,AN2,8A94,2.95,5.89,1.95,5.43,AN3,C32D,2.95,0.00,1.95,3.12,POS,-0.07,1.12,1.47,72
DIST,4,AN0,189B,0.00,0.00,1.95,1.04,AN1,0323,-0.09,6.04,1.95,4.71,AN2,8A94,2.95,5.89,1.95,5.47,AN3,C32D,2.95,0.00,1.95,3.11,POS,-0.08,1.13,1.50,71
DIST,4,AN0,189B,0.00,0.00,1.95,1.02,AN1,0323,-0.09,6.04,1.95,4.75,AN2,8A94,2.95,5.89,1.95,5.52,AN3,C32D,2.95,0.00,1.95,3.08,POS,-0.10,1.13,1.49,66
DIST,4,AN0,189B,0.00,0.00,1.95,0.99,AN1,0323,-0.09,6.04,1.95,4.68,AN2,C32D,2.95,0.00,1.95,3.09,AN3,8A94,2.95,5.89,1.95,5.43,POS,-0.10,1.14,1.55,76
DIST,4,AN0,189B,0.00,0.00,1.95,1.03,AN1,0323,-0.09,6.04,1.95,4.74,AN2,C32D,2.95,0.00,1.95,3.12,AN3,8A94,2.95,5.89,1.95,5.49,POS,-0.11,1.13,1.53,67
DIST,4,AN0,189B,0.00,0.00,1.95,1.03,AN1,0323,-0.09,6.04,1.95,4.74,AN2,C32D,2.95,0.00,1.95,3.09,AN3,8A94,2.95,5.89,1.95,5.44,POS,-0.10,1.13,1.52,70
DIST,4,AN0,189B,0.00,0.00,1.95,1.00,AN1,0323,-0.09,6.04,1.95,4.77,AN2,C32D,2.95,0.00,1.95,3.11,AN3,8A94,2.95,5.89,1.95,5.48,POS,-0.09,1.12,1.50,69
DIST,4,AN0,189B,0.00,0.00,1.95,1.02,AN1,0323,-0.09,6.04,1.95,4.70,AN2,C32D,2.95,0.00,1.95,3.10,AN3,8A94,2.95,5.89,1.95,5.44,POS,-0.10,1.13,1.52,72
DIST,4,AN0,189B,0.00,0.00,1.95,1.06,AN1,0323,-0.09,6.04,1.95,4.75,AN2,C32D,2.95,0.00,1.95,3.09,AN3,8A94,2.95,5.89,1.95,5.48,POS,-0.10,1.13,1.49,66
DIST,4,AN0,189B,0.00,0.00,1.95,1.06,AN1,0323,-0.09,6.04,1.95,4.75,AN2,C32D,2.95,0.00,1.95,3.12,AN3,8A94,2.95,5.89,1.95,5.44,POS,-0.08,1.13,1.46,68
DIST,4,AN0,189B,0.00,0.00,1.95,1.05,AN1,0323,-0.09,6.04,1.95,4.72,AN2,8A94,2.95,5.89,1.95,5.47,AN3,C32D,2.95,0.00,1.95,3.12,POS,-0.09,1.13,1.46,67
DIST,4,AN0,189B,0.00,0.00,1.95,1.02,AN1,0323,-0.09,6.04,1.95,4.74,AN2,C32D,2.95,0.00,1.95,3.13,AN3,8A94,2.95,5.89,1.95,5.47,POS,-0.10,1.13,1.46,68
DIST,4,AN0,189B,0.00,0.00,1.95,1.05,AN1,0323,-0.09,6.04,1.95,4.71,AN2,C32D,2.95,0.00,1.95,3.04,AN3,8A94,2.95,5.89,1.95,5.48,POS,-0.10,1.14,1.47,70
DIST,4,AN0,189B,0.00,0.00,1.95,1.03,AN1,0323,-0.09,6.04,1.95,4.71,AN2,C32D,2.95,0.00,1.95,3.08,AN3,8A94,2.95,5.89,1.95,5.42,POS,-0.09,1.14,1.48,72
DIST,4,AN0,189B,0.00,0.00,1.95,1.05,AN1,0323,-0.09,6.04,1.95,4.70,AN2,C32D,2.95,0.00,1.95,3.10,AN3,8A94,2.95,5.89,1.95,5.44,POS,-0.09,1.14,1.48,70
DIST,4,AN0,189B,0.00,0.00,1.95,1.05,AN1,0323,-0.09,6.04,1.95,4.68,AN2,C32D,2.95,0.00,1.95,3.14,AN3,8A94,2.95,5.89,1.95,5.49,POS,-0.11,1.15,1.50,68
DIST,4,AN0,189B,0.00,0.00,1.95,1.07,AN1,0323,-0.09,6.04,1.95,4.68,AN2,C32D,2.95,0.00,1.95,3.16,AN3,8A94,2.95,5.89,1.95,5.49,POS,-0.13,1.16,1.50,66
DIST,4,AN0,189B,0.00,0.00,1.95,1.06,AN1,0323,-0.09,6.04,1.95,4.76,AN2,C32D,2.95,0.00,1.95,3.10,AN3,8A94,2.95,5.89,1.95,5.46,POS,-0.12,1.15,1.46,65
DIST,4,AN0,189B,0.00,0.00,1.95,1.08,AN1,0323,-0.09,6.04,1.95,4.82,AN2,C32D,2.95,0.00,1.95,3.10,AN3,8A94,2.95,5.89,1.95,5.41,POS,-0.10,1.16,1.47,73
DIST,4,AN0,189B,0.00,0.00,1.95,1.07,AN1,0323,-0.09,6.04,1.95,4.77,AN2,C32D,2.95,0.00,1.95,3.06,AN3,8A94,2.95,5.89,1.95,5.52,POS,-0.11,1.14,1.54,75
DIST,4,AN0,189B,0.00,0.00,1.95,1.03,AN1,0323,-0.09,6.04,1.95,4.76,AN2,C32D,2.95,0.00,1.95,3.13,AN3,8A94,2.95,5.89,1.95,5.42,POS,-0.07,1.13,1.51,74
DIST,4,AN0,189B,0.00,0.00,1.95,1.02,AN1,0323,-0.09,6.04,1.95,4.74,AN2,8A94,2.95,5.89,1.95,5.46,AN3,C32D,2.95,0.00,1.95,3.04,POS,-0.07,1.13,1.53,75
DIST,4,AN0,189B,0.00,0.00,1.95,1.03,AN1,0323,-0.09,6.04,1.95,4.72,AN2,8A94,2.95,5.89,1.95,5.51,AN3,C32D,2.95,0.00,1.95,3.06,POS,-0.10,1.11,1.53,64
DIST,4,AN0,189B,0.00,0.00,1.95,0.99,AN1,0323,-0.09,6.04,1.95,4.71,AN2,C32D,2.95,0.00,1.95,3.10,AN3,8A94,2.95,5.89,1.95,5.49,POS,-0.11,1.11,1.56,72
DIST,4,AN0,189B,0.00,0.00,1.95,1.01,AN1,0323,-0.09,6.04,1.95,4.75,AN2,C32D,2.95,0.00,1.95,3.04,AN3,8A94,2.95,5.89,1.95,5.46,POS,-0.10,1.12,1.54,72
DIST,4,AN0,189B,0.00,0.00,1.95,1.04,AN1,0323,-0.09,6.04,1.95,4.73,AN2,C32D,2.95,0.00,1.95,3.15,AN3,8A94,2.95,5.89,1.95,5.40,POS,-0.13,1.14,1.51,61
DIST,4,AN0,189B,0.00,0.00,1.95,0.98,AN1,0323,-0.09,6.04,1.95,4.74,AN2,C32D,2.95,0.00,1.95,3.14,AN3,8A94,2.95,5.89,1.95,5.44,POS,-0.10,1.13,1.52,76
DIST,4,AN0,189B,0.00,0.00,1.95,1.02,AN1,0323,-0.09,6.04,1.95,4.76,AN2,C32D,2.95,0.00,1.95,3.06,AN3,8A94,2.95,5.89,1.95,5.43,POS,-0.09,1.14,1.54,76
DIST,4,AN0,189B,0.00,0.00,1.95,1.00,AN1,0323,-0.09,6.04,1.95,4.78,AN2,8A94,2.95,5.89,1.95,5.45,AN3,C32D,2.95,0.00,1.95,3.03,POS,-0.07,1.13,1.51,71
DIST,4,AN0,189B,0.00,0.00,1.95,1.03,AN1,0323,-0.09,6.04,1.95,4.79,AN2,8A94,2.95,5.89,1.95,5.46,AN3,C32D,2.95,0.00,1.95,3.11,POS,-0.06,1.12,1.48,69
DIST,4,AN0,189B,0.00,0.00,1.95,0.97,AN1,0323,-0.09,6.04,1.95,4.80,AN2,8A94,2.95,5.89,1.95,5.49,AN3,C32D,2.95,0.00,1.95,3.12,POS,-0.06,1.10,1.47,69
DIST,4,AN0,189B,0.00,0.00,1.95,0.98,AN1,0323,-0.09,6.04,1.95,4.75,AN2,8A94,2.95,5.89,1.95,5.40,AN3,C32D,2.95,0.00,1.95,3.14,POS,-0.10,1.13,1.49,65
DIST,4,AN0,189B,0.00,0.00,1.95,1.00,AN1,0323,-0.09,6.04,1.95,4.76,AN2,C32D,2.95,0.00,1.95,3.10,AN3,8A94,2.95,5.89,1.95,5.42,POS,-0.12,1.13,1.47,63
DIST,4,AN0,189B,0.00,0.00,1.95,1.02,AN1,0323,-0.09,6.04,1.95,4.73,AN2,C32D,2.95,0.00,1.95,3.15,AN3,8A94,2.95,5.89,1.95,5.47,POS,-0.12,1.13,1.47,68
DIST,4,AN0,189B,0.00,0.00,1.95,0.99,AN1,0323,-0.09,6.04,1.95,4.73,AN2,C32D,2.95,0.00,1.95,3.11,AN3,8A94,2.95,5.89,1.95,5.48,POS,-0.12,1.13,1.50,71
DIST,4,AN0,189B,0.00,0.00,1.95,0.97,AN1,0323,-0.09,6.04,1.95,4.71,AN2,C32D,2.95,0.00,1.95,3.09,AN3,8A94,2.95,5.89,1.95,5.47,POS,-0.12,1.13,1.54,74
DIST,4,AN0,189B,0.00,0.00,1.95,1.00,AN1,0323,-0.09,6.04,1.95,4.79,AN2,C32D,2.95,0.00,1.95,3.09,AN3,8A94,2.95,5.89,1.95,5.43,POS,-0.08,1.12,1.52,76
DIST,4,AN0,189B,0.00,0.00,1.95,0.97,AN1,0323,-0.09,6.04,1.95,4.74,AN2,8A94,2.95,5.89,1.95,5.44,AN3,C32D,2.95,0.00,1.95,3.10,POS,-0.08,1.12,1.53,73
DIST,4,AN0,189B,0.00,0.00,1.95,0.97,AN1,0323,-0.09,6.04,1.95,4.75,AN2,8A94,2.95,5.89,1.95,5.45,AN3,C32D,2.95,0.00,1.95,3.08,POS,-0.08,1.12,1.54,73
DIST,4,AN0,189B,0.00,0.00,1.95,0.99,AN1,0323,-0.09,6.04,1.95,4.80,AN2,8A94,2.95,5.89,1.95,5.47,AN3,C32D,2.95,0.00,1.95,3.08,POS,-0.06,1.10,1.51,71
